0.0167921752471,0.762975622647125,0,1,671004572
0.761785199977295,0.661612935223905,6,1,450023897
0.167318994414764,0.834972759541106,2,1,581000256
0.197674488679182,0.516200241041525,1,1,457008451
0.246343327754055,0.104221407942399,17,1,652132542
0.917046052717768,0.242386367728813,9,1,978045321
0.00603048448414101,0.944815888250771,13,1,286130985
0.00957160727317508,0.0953512855132126,15,1,785643218
0.041149896345801,0.676907437474245,0,1,671004572
0.156669917507132,0.174690130901006,18,1,548542561
0.670409112636516,0.232035682959021,17,1,652132542
0.306007552117263,0.345291528343848,12,1,256835671
0.219094846184128,0.343810003034114,8,1,609822556
0.419036401728577,0.769661819003266,9,1,978045321
0.377638043810267,0.641284594130179,12,1,256835671
0.562427752513181,0.468652840945822,18,1,524100231
0.545537778592215,0.815227421961197,19,1,600124212
0.514730492617174,0.0651125381122277,15,1,693421673
0.491779599394229,0.587481374690432,9,1,894536726
0.0901013129694102,0.447585766601441,19,1,600124212
0.344568566800919,0.0261868246713233,9,1,894536726
0.800805364289173,0.30224322981992,6,1,450023897
0.906923509980341,0.143917997483868,12,1,256835671
0.906480654374332,0.269016169504379,10,1,819034567
0.907815944248785,0.126886638136233,11,1,945678934
0.735823593857396,0.402269647181135,17,1,450012212
0.901087335247788,0.0798050414109881,17,1,652132542
0.424519674741278,0.504883936224056,2,1,581000256
0.0812605835705584,0.718459102604635,13,1,198346752
0.15235927461661,0.643249290486338,5,1,562321452
0.541381373721315,0.346299969784689,17,1,450012212
0.477076436336629,0.435787233148852,9,1,978045321
0.584659578004821,0.483175301978424,8,1,609822556
0.408537373725593,0.269451274681133,15,1,693421673
0.81541851724234,0.296288452108515,0,1,671004572
0.563819591429946,0.00598075866513614,14,1,498710889
0.259396246026201,0.603747402361073,8,1,568730109
0.99432872170096,0.681208459399363,6,1,450023897
0.472090943355969,0.871513608294734,13,1,286130985
0.458832849115462,0.483585022721169,3,1,775001231
0.999281273379848,0.794404746975776,13,1,198346752
0.785759089601707,0.811119528277081,19,1,600124212
0.182213378584587,0.116115764341855,11,1,486589321
0.884635368829517,0.477156609740717,8,1,568730109
0.15766234026275,0.539015182021834,8,1,568730109
0.93228009901655,0.453549584765248,4,1,455007891
0.193884755141357,0.718637814445747,13,1,198346752
0.810576507149788,0.618094065896933,17,1,450012212
0.464648922991491,0.296386553430959,5,1,562321452
0.320124632907862,0.318079801411557,8,1,568730109
0.385224469841334,0.691168943239483,13,1,198346752
0.923615736356222,0.504722227972454,18,1,524100231
0.31090561682138,0.825630334986713,17,1,652132542
0.413028079775329,0.385121725517216,11,1,945678934
0.326376179540408,0.0947940781390944,16,1,785643223
0.384050979297037,0.902876050899917,12,1,389457902
0.361960310213997,0.587297435448958,8,1,568730109
0.753231186564029,0.791470484270191,19,1,800145754
0.905335100911119,0.327489809090036,8,1,609822556
0.718855649583342,0.382714245593194,4,1,455007891
0.023998245466897,0.596588627263012,2,1,581000256
0.489024493201743,0.422219354318317,4,1,455007891
0.534889758573242,0.351471285388347,3,1,775001231
0.101202980752519,0.155379786626904,14,1,498710889
0.632559986779343,0.65347422180274,7,1,785200123
0.695550314056521,0.189841309425628,13,1,198346752
0.698316230183788,0.677386017560363,18,1,524100231
0.420512596458755,0.022016115196737,3,1,775001231
0.452552006763563,0.882820667553227,13,1,198346752
0.459216933323395,0.601262338801795,17,1,652132542
0.622838723201232,0.411746614851942,19,1,800145754
0.850306784834375,0.756871812602889,19,1,800145754
0.710346481731358,0.39133447620018,12,1,389457902
0.0283207451685654,0.101805173064082,10,1,819034567
0.980046065547316,0.615956973760005,8,1,609822556
0.842335878995642,0.557975806581552,10,1,819034567
0.579513399226975,0.486172242716667,12,1,256835671
0.952256843953188,0.03846864234929,3,1,775001231
0.259702167466777,0.195998000527346,8,1,568730109
0.840727089591151,0.817029431242947,5,1,562321452
0.292668349005406,0.207345485171442,19,1,800145754
0.512356140509643,0.146859758274092,15,1,693421673
0.880849181813793,0.424910988528015,9,1,978045321
0.872687528935721,0.478961315576591,16,1,785643223
0.25305474493731,0.615892284708189,19,1,600124212
0.0268124101725258,0.780672104403617,8,1,609822556
0.339122940381684,0.593256974258553,14,1,498710889
0.38184167670333,0.199585694774078,9,1,978045321
0.656104339395117,0.645130983140626,13,1,198346752
0.175119469335885,0.693495224396608,6,1,450023897
0.616297243027903,0.00256925785129347,11,1,945678934
0.490728873974608,0.905351026534291,11,1,945678934
0.525890868584011,0.531879488727947,16,1,785643223
0.0334954228317934,0.0147402990342265,13,1,198346752
0.128945631764439,0.203471042887908,13,1,198346752
0.477786274119913,0.263629472850918,10,1,819034567
0.651860324564946,0.12524058895286,12,1,389457902
0.184499724225131,0.811421369753817,8,1,609822556
0.716108830640048,0.45257558965594,4,1,455007891
0.240949644630308,0.471822861035705,9,1,894536726
0.785384748859506,0.324305748981636,1,1,457008451
0.948083947169155,0.573362663941036,10,1,5783456902
0.661320456129274,0.454397376800487,18,1,548542561
0.151545561647571,0.905597593658831,6,1,450023897
0.162975599494119,0.276187434206051,16,1,785643223
0.0515107153611964,0.764501418652546,9,1,978045321
0.297156724127737,0.370864656174249,11,1,945678934
0.708297535633846,0.240090391723131,2,1,581000256
0.536384416012858,0.937946326431298,6,1,450023897
0.151708838773757,0.350892397839864,7,1,785200123
0.753404662566689,0.892606139196675,10,1,5783456902
0.929277117072516,0.12833850142929,2,1,581000256
0.0621330424104398,0.863122931971668,15,1,693421673
0.139461828865636,0.904628947074563,13,1,198346752
0.424578948229746,0.249787908381611,13,1,286130985
0.948431405586727,0.852627472393746,8,1,568730109
0.530715033739682,0.595010051889539,5,1,562321452
0.599119570178039,0.390180287265398,15,1,693421673
0.292380491478306,0.939906627442869,15,1,785643218
0.428657968539675,0.548820782500589,11,1,486589321
0.92546622529776,0.260393888137818,12,1,389457902
0.907290447243624,0.937428482236382,1,1,457008451
0.146539450453551,0.58865392831484,7,1,785200123
0.194972479854258,0.484912042542377,15,1,785643218
0.184871114116839,0.320994307348069,11,1,945678934
0.259335278321785,0.145499944630011,7,1,785200123
0.652607509826991,0.571525883868374,17,1,652132542
0.485422057156299,0.494027947432635,13,1,286130985
0.38928443773266,0.257960037044783,15,1,693421673
0.955245827709456,0.935730117664412,11,1,945678934
0.321918740212695,0.611519673929586,13,1,198346752
0.733120887363694,0.96744416183888,19,1,600124212
0.809342686120596,0.779644796645415,16,1,785643223
0.515132885803244,0.440524500790779,17,1,652132542
0.7642284092976,0.810154170330803,2,1,581000256
0.807734479664707,0.0761522778985144,17,1,652132542
0.411430157808346,0.162043366677583,1,1,457008451
0.508533817850605,0.554780790685819,9,1,978045321
0.256626089831681,0.187746882239463,16,1,785643223
0.914838739084718,0.760455637037174,16,1,785643223
0.513524112400612,0.648613933583246,16,1,785643223
0.23833671133575,0.469138493369573,18,1,548542561
0.69108059055252,0.602772116013156,12,1,256835671
0.219303223395042,0.962793773520951,6,1,450023897
0.129700965241606,0.603069349709623,15,1,693421673
0.339276858504588,0.0794498155767047,12,1,389457902
0.083894029974099,0.792138714736415,4,1,455007891
0.497641362518102,0.973631357669531,9,1,978045321
0.838201607359402,0.601119348244224,3,1,775001231
0.407737247709695,0.327386227512827,13,1,198346752
0.605686070792737,0.45439051635855,1,1,457008451
0.586884777455457,0.220304012790085,6,1,450023897
0.949358106754466,0.946127132987152,2,1,581000256
0.625629419988506,0.0757706121324688,16,1,785643223
0.215446206432322,0.691668261504548,11,1,486589321
0.456904768511635,0.643304987230814,12,1,256835671
0.469300352282887,0.88925004989591,0,1,671004572
0.451218917817362,0.117415179216917,8,1,568730109
0.987402948520597,0.405171829559389,18,1,524100231
0.379257454578017,0.368647353825875,2,1,581000256
0.752675322250265,0.379852563624215,11,1,486589321
0.100573327044229,0.630728885705785,17,1,652132542
0.023570086025841,0.0244236536022573,19,1,600124212
0.322313559886261,0.191857929804688,17,1,652132542
0.620353187527163,0.404308078037431,9,1,978045321
0.281494477474998,0.94271841091794,10,1,819034567
0.643179222580279,0.955445755308002,8,1,568730109
0.21107520274848,0.579045929706706,15,1,785643218
0.879985500029419,0.944516836950244,18,1,548542561
0.0747281258892718,0.872956765199447,9,1,894536726
0.00427888679602528,0.118959211269593,13,1,286130985
0.3203986493888,0.970304381455837,8,1,568730109
0.0714879763534908,0.636882053942793,9,1,894536726
0.366489263481193,0.123086160770047,6,1,450023897
0.159978652281907,0.453944276963401,8,1,568730109
0.929722012289134,0.433571875719704,9,1,894536726
0.852372123278722,0.0280060994477944,17,1,652132542
0.52196985394644,0.0962088601597033,9,1,894536726
0.127138413403294,0.794157820411939,18,1,524100231
0.159184230909944,0.826699078344114,8,1,609822556
0.691096625365423,0.0891445269755438,16,1,785643223
0.950987315510829,0.774622871793104,9,1,978045321
0.965230542454941,0.331276361412287,17,1,450012212
0.0181240125257096,0.266005498100403,11,1,945678934
0.421308167808489,0.937729813069489,0,1,671004572
0.0518766067612995,0.183723948478875,14,1,498710889
0.794146089950802,0.386914419350057,16,1,785643223
0.300730436621754,0.836231157276596,17,1,450012212
0.866706273914736,0.232689156603429,8,1,568730109
0.180654273153404,0.20484144933566,17,1,652132542
0.688094189209778,0.045559147472285,14,1,498710889
0.74762064291454,0.866463974788676,2,1,581000256
0.131712617863624,0.0399503265554459,17,1,450012212
0.128923787861207,0.305621011237909,7,1,785200123
0.80712215210209,0.937729837914016,10,1,819034567
0.699339710287714,0.112174654256665,4,1,455007891
0.387181009773728,0.0481342807648559,8,1,609822556
0.0502098546700065,0.363804838004121,13,1,286130985
0.382469551104032,0.128581353519186,6,1,450023897
0.362333413099915,0.802104405804388,12,1,256835671
0.357554975765579,0.892836852760577,1,1,457008451
0.927836840280013,0.45085260709099,16,1,785643223
0.993259397244719,0.435998179457397,17,1,652132542
0.598743969376609,0.620831249954596,12,1,256835671
0.303420469934191,0.773382987029207,15,1,785643218
0.158425063552473,0.395672616102464,3,1,775001231
0.410367578604328,0.947376203367944,9,1,894536726
0.0217976634707835,0.655368567673163,16,1,785643223
0.547182802898827,0.344594649207205,19,1,800145754
0.205709993244483,0.551233470633363,13,1,286130985
0.572938078865128,0.571071733749798,19,1,600124212
0.278058343882545,0.433394940984108,8,1,568730109
0.248735296897494,0.140395282482658,7,1,785200123
0.696205185198246,0.589111891079784,19,1,600124212
0.103399131874418,0.937218616318102,9,1,978045321
0.281676950405599,0.226440259012514,13,1,198346752
0.067420688386284,0.124242777002866,0,1,671004572
0.92003272261551,0.177974578862398,9,1,978045321
0.148838869479487,0.364471840973642,4,1,455007891
0.031371740827018,0.9687407797682,2,1,581000256
0.861080240598563,0.256334430558463,8,1,568730109
0.623046957116304,0.243621042925483,16,1,785643223
0.858830290621575,0.842223106733894,15,1,785643218
0.575479798537534,0.0832105371664014,10,1,819034567
0.781724135212862,0.29774536903043,8,1,609822556
0.111638398769336,0.97672785092594,19,1,800145754
0.614472760177039,0.083010455245594,3,1,775001231
0.898175990430008,0.90837562557497,1,1,457008451
0.804710296509178,0.92121737508855,2,1,581000256
0.86681196153112,0.114279843429118,9,1,978045321
0.585756693338467,0.955679411829668,18,1,524100231
0.042978038621218,0.940318710027595,3,1,775001231
0.924998110319203,0.745090915573425,17,1,652132542
0.288769490993704,0.123302397181694,10,1,819034567
0.975155803577576,0.0122688400410089,15,1,693421673
0.517231818114929,0.335154092296915,6,1,450023897
0.70343145093694,0.0156823407728455,19,1,600124212
0.0376791638396439,0.141809581481489,16,1,785643223
0.855901424575341,0.808695220185195,19,1,600124212
0.827691876467529,0.678119053018577,7,1,785200123
0.923414685837643,0.281237273971015,18,1,524100231
0.433135059381622,0.959622214629618,9,1,894536726
0.969350938313891,0.403447778039938,14,1,374897109
0.960474403535327,0.239762333929453,19,1,600124212
0.739636697210959,0.534875189580452,19,1,600124212
0.00784115399329144,0.58073265367413,19,1,600124212
0.234062664720113,0.99688430129243,17,1,450012212
0.960432165220571,0.0702751173966769,15,1,785643218
0.492218239074564,0.896411407546341,11,1,486589321
0.16145582565478,0.344434663176139,5,1,562321452
0.656036815403865,0.212143619734139,0,1,671004572
0.194858092505523,0.022085275286489,0,1,671004572
0.406297366526121,0.979656669869229,8,1,609822556
0.470735675940317,0.070283910250281,0,1,671004572
0.59463621535328,0.610758613624627,18,1,524100231
0.967284915113546,0.44015479067858,19,1,800145754
0.063155135767757,0.393068649409391,6,1,450023897
0.822779602252135,0.312631073973468,12,1,389457902
0.131283264640023,0.079934767352388,9,1,894536726
0.384528396548002,0.0257991480550084,10,1,5783456902
0.67660392368429,0.632718189253028,3,1,775001231
0.241648530746069,0.014891933691851,6,1,450023897
0.278688381339257,0.625927595173992,13,1,286130985
0.372329420120802,0.188975286349437,12,1,389457902
0.399278027202549,0.0198566704206771,13,1,198346752
0.969642235063141,0.845664606963733,11,1,486589321
0.293829883732869,0.82667832609063,0,1,671004572
0.324063772464705,0.830397265384436,11,1,486589321
0.614043823199385,0.279840653463698,12,1,389457902
0.80794790515333,0.330515178740744,14,1,498710889
0.0179758926421947,0.183783866462761,11,1,945678934
0.885730593707219,0.127758333658062,15,1,693421673
0.0163078706310262,0.214232365336088,11,1,945678934
0.935397186202347,0.0726121815491529,16,1,785643223
0.902431252118146,0.558686194155422,13,1,198346752
0.371619948610285,0.751862970274411,15,1,693421673
0.130719695929731,0.598692074442426,17,1,652132542
0.0649067157216567,0.901278184594807,10,1,819034567
0.058816997265339,0.920454378127234,10,1,5783456902
0.753300722214193,0.0848253973623132,15,1,693421673
0.091355550017048,0.375465842367105,13,1,286130985
0.848087556022564,0.657181460396107,18,1,548542561
0.880686217917172,0.753419330919431,14,1,374897109
0.454650430661801,0.183150869037632,5,1,562321452
0.514418580054428,0.733794450499234,10,1,819034567
0.360514489440935,0.612026745370999,1,1,457008451
0.414376989432809,0.690190451403457,7,1,785200123
0.259655276085376,0.743326207188725,8,1,609822556
0.292868741045093,0.373338950204509,11,1,486589321
0.981260761086259,0.239503909952578,3,1,775001231
0.501487876965363,0.885070761895666,10,1,819034567
0.155193407248567,0.898880781587723,11,1,486589321
0.654481758376812,0.722760613340908,10,1,5783456902
0.144426718086929,0.501657549920211,3,1,775001231
0.656892171827601,0.398192163510871,10,1,5783456902
0.230632383615141,0.206136419287985,17,1,652132542
0.73342298786707,0.220510299821896,11,1,486589321
0.83045789643081,0.652497639666276,16,1,785643223
0.0460500120564715,0.368202168494143,8,1,568730109
0.590097702104893,0.667034337724618,15,1,693421673
0.598316238777422,0.129779588126105,6,1,450023897
0.933396202225225,0.793924302459057,18,1,548542561
0.780075867412338,0.487990571267644,0,1,671004572
0.262576191342558,0.6753641178931,0,1,671004572
0.565520193687909,0.208081775997483,9,1,978045321
0.897330966719305,0.401115811115414,1,1,457008451
0.789209410604216,0.57834520679199,8,1,568730109
0.514147857986893,0.220628487686457,15,1,785643218
0.0161538714651499,0.756528314658302,13,1,286130985
0.35788932407376,0.792053653065855,19,1,600124212
0.814639470194479,0.168494460421666,11,1,486589321
0.590564235541355,0.82941988134522,13,1,286130985
0.63449512279019,0.363635748917379,12,1,256835671
0.327647319731924,0.870457685484393,2,1,581000256
0.549062084552405,0.102307620915727,8,1,568730109
0.396709013421877,0.415849596519736,14,1,498710889
0.766757090486518,0.752103270094426,15,1,693421673
0.607903950589489,0.274617951148282,15,1,693421673
0.563755720775291,0.664770829493579,2,1,581000256
0.544667877278258,0.303456476447473,3,1,775001231
0.232627317917786,0.988332776770382,9,1,894536726
0.394548067006409,0.139458311838078,19,1,800145754
0.58190219730446,0.983442680920971,17,1,450012212
0.184909832253328,0.835492995489697,3,1,775001231
0.36010183920077,0.712900325418998,15,1,785643218
0.606095999816553,0.404951838264726,4,1,455007891
0.521881509652138,0.576075288337672,0,1,671004572
0.620436295110074,0.0307370152405522,13,1,198346752
0.482106144406876,0.965236299198173,14,1,498710889
0.995839041505459,0.883644456513521,18,1,548542561
0.847458894350369,0.700961204021125,0,1,671004572
0.797518187113122,0.900395042499778,18,1,548542561
0.978648438651962,0.800753343364055,12,1,389457902
0.997385182636537,0.828402674288705,17,1,450012212
0.988690272556917,0.456371725360835,11,1,945678934
0.592236809987334,0.410247409269501,0,1,671004572
0.525991722894936,0.357372725642301,8,1,609822556
0.779377969234208,0.520422914016744,10,1,819034567
0.332024046443974,0.841513135029813,17,1,652132542
0.44537180092033,0.945091595754596,5,1,562321452
0.130147525538324,0.49409574964907,11,1,486589321
0.606912410141867,0.000475132636277742,11,1,486589321
0.236599669181132,0.386786465379791,17,1,450012212
0.83476040700548,0.506318876394289,16,1,785643223
0.28772960247598,0.31800504357406,4,1,455007891
0.222669035001377,0.583858010220001,14,1,374897109
0.62065800569377,0.06023804762963,10,1,819034567
0.523922942468996,0.437879680914199,11,1,486589321
0.108842809565213,0.803472558349737,6,1,450023897
0.506179546236005,0.267436671947846,16,1,785643223
0.41363632729293,0.42582046024948,5,1,562321452
0.853157636315744,0.486590420495841,15,1,693421673
0.131941338115991,0.33875213602333,8,1,609822556
0.135365610701795,0.0495900143451347,14,1,498710889
0.66094789399529,0.533343947004095,11,1,945678934
0.785399856784897,0.367959102670424,7,1,785200123
0.359294595000146,0.354425059516969,18,1,524100231
0.638727668607865,0.969598770742313,15,1,693421673
0.674354702067999,0.261138147547195,14,1,498710889
0.341437691701645,0.421113292861882,18,1,524100231
0.116580765788426,0.0872820014176674,17,1,652132542
0.720576517474882,0.162598993848297,14,1,374897109
0.0108083732490094,0.858686409652869,16,1,785643223
0.479619158930161,0.674700639207499,10,1,819034567
0.605371572014937,0.153609278505932,17,1,450012212
0.715283832276619,0.469160605010774,9,1,978045321
0.20832782838002,0.351737303367007,13,1,198346752
0.788854938226608,0.0866959299436916,16,1,785643223
0.279058068663027,0.911922943437997,16,1,785643223
0.106195106865402,0.632348481284748,19,1,800145754
0.312732191744462,0.0262087511112803,13,1,198346752
0.433883817031439,0.246929949356682,14,1,374897109
0.175008453165125,0.33893638925527,4,1,455007891
0.639530554288676,0.690563201487303,2,1,581000256
0.102127940183663,0.440843807706967,12,1,256835671
0.912919189769113,0.0183164049933791,14,1,374897109
0.367810425357056,0.721999274321825,12,1,389457902
0.708940950514441,0.872259371981408,10,1,819034567
0.188408180191134,0.253830864731553,5,1,562321452
0.680693518146357,0.715002096482232,0,1,671004572
0.53870092691,0.283522113048087,5,1,562321452
0.00626657033756128,0.709574936346228,11,1,945678934
0.119066859905812,0.566687098573234,1,1,457008451
0.430054624574368,0.106139069103088,1,1,457008451
0.056850282868846,0.439092726299717,10,1,5783456902
0.519215064534116,0.369122834972417,14,1,498710889
0.461023690535609,0.462134970157882,9,1,894536726
0.297382568696019,0.77183348469352,3,1,775001231
0.667464776028552,0.555569096259844,14,1,498710889
0.422752076012715,0.732214407614642,6,1,450023897
0.555601140869543,0.10615396523206,5,1,562321452
0.331746379736184,0.133730606662725,3,1,775001231
0.162764635808277,0.47480475442083,12,1,389457902
0.706360822661131,0.409046686162858,19,1,600124212
0.936957248367552,0.37831577417708,19,1,600124212
0.677023973744107,0.778441691621889,19,1,800145754
0.789507054938944,0.7491570095232,11,1,945678934
0.624903368858545,0.300376381742327,8,1,568730109
0.731268429883444,0.492547549553976,9,1,978045321
0.738569802270583,0.893255169733221,14,1,374897109
0.584138125566056,0.0151475200648692,9,1,894536726
0.601774037765592,0.179590562794837,11,1,486589321
0.617181738662057,0.133177882712427,12,1,389457902
0.575984644307645,0.101717274218577,17,1,450012212
0.727768234313467,0.691269469680197,8,1,609822556
0.652522324525735,0.310117553444505,12,1,256835671
0.552903609164901,0.225195479939472,9,1,894536726
0.709667992712506,0.024203868675482,11,1,486589321
0.726042834568478,0.233960827097365,14,1,498710889
0.314497806871815,0.781403450851738,5,1,562321452
0.0335163461914405,0.351647747650186,18,1,548542561
0.986268154371086,0.063045518759999,1,1,457008451
0.806252255384469,0.649113621102317,15,1,693421673
0.278539024951846,0.162652725064797,14,1,498710889
0.505267382887636,0.21513643809504,19,1,600124212
0.667769596930895,0.664101419355607,17,1,450012212
0.901373931198133,0.379918102800088,8,1,568730109
0.957271591257292,0.946134793261683,9,1,978045321
0.816460310867009,0.471212147314038,10,1,819034567
0.254966675492265,0.134334783831585,19,1,800145754
0.374732522572169,0.040916457537243,5,1,562321452
0.0210951212685462,0.469996310992062,12,1,256835671
0.693603967280969,0.17285116566102,6,1,450023897
0.80763777912223,0.155947426110458,5,1,562321452
0.429574425393411,0.685019913186853,15,1,785643218
0.15269292820757,0.910618583266858,17,1,450012212
0.528129934858913,0.030741803597329,2,1,581000256
0.794714584388775,0.981068145987657,5,1,562321452
0.835744269622841,0.416571562333516,4,1,455007891
0.781994319606574,0.534562643092479,4,1,455007891
0.591594918085619,0.89450043832754,19,1,800145754
0.508004839890695,0.898419289397499,8,1,609822556
0.178601509660918,0.830874643398534,1,1,457008451
0.348985195994767,0.56454559894859,13,1,286130985
0.170363446236275,0.57721877444559,0,1,671004572
0.301310651487477,0.898325243428001,12,1,256835671
0.687265214680622,0.569717602980751,15,1,785643218
0.324016114751072,0.740672577229813,18,1,548542561
0.022831812901806,0.025389731012325,4,1,455007891
0.68310305853404,0.897502824491623,19,1,800145754
0.0389391266055708,0.737915322718403,8,1,568730109
0.780345091378561,0.347932096419052,10,1,819034567
0.334742409892466,0.269402650091234,10,1,5783456902
0.862501647081584,0.235578854719578,19,1,800145754
0.498656133417883,0.551500991094379,5,1,562321452
0.241072306195466,0.0282440884068758,18,1,524100231
0.811437331585317,0.188688417583099,13,1,286130985
0.525023886827336,0.815770334681564,13,1,198346752
0.499010344737903,0.335910017364099,11,1,945678934
0.148675651456633,0.758109938576963,17,1,652132542
0.726763319854827,0.460211940239226,6,1,450023897
0.709697884327203,0.602911913088612,16,1,785643223
0.555124097680282,0.159827501377769,14,1,498710889
0.854914734018267,0.825292977819335,8,1,609822556
0.128848242139675,0.895703390075735,1,1,457008451
0.756771599989422,0.027382699012872,2,1,581000256
0.666870626326604,0.139827008768761,19,1,600124212
0.87543127130787,0.439723503869312,17,1,652132542
0.357354876927994,0.545659394726203,12,1,389457902
0.742516802761471,0.701283350458585,5,1,562321452
0.954486407619602,0.205291344650526,18,1,548542561
0.991766417479123,0.801207429569346,16,1,785643223
0.368291089155506,0.0913248109837814,14,1,374897109
0.529357727195259,0.425498133095411,17,1,652132542
0.588684608184907,0.93127256468083,15,1,693421673
0.745622866577134,0.956384654944661,14,1,374897109
0.213333440826929,0.701321406958244,10,1,5783456902
0.409870572048411,0.86238032961572,18,1,524100231
0.372431178683145,0.057240596941774,10,1,819034567
0.26481921578484,0.604666630801013,12,1,256835671
0.427264722829982,0.235172411354423,6,1,450023897
0.58232381955242,0.839296674183036,13,1,198346752
0.210614728989922,0.311832543341181,2,1,581000256
0.282091607845615,0.330793796011924,1,1,457008451
0.176981725509071,0.530727949337404,3,1,775001231
0.195837038218024,0.488221456231013,4,1,455007891
0.817075760345739,0.080539844769801,7,1,785200123
0.136907016784473,0.803705293466454,19,1,600124212
0.752095197448395,0.0945782001202797,18,1,548542561
0.621273827098282,0.381792424606268,9,1,978045321
0.982155157280247,0.540802860239664,14,1,374897109
0.909752667828602,0.0254016592309414,19,1,800145754
0.12479742485315,0.825720680688932,1,1,457008451
0.333910652495579,0.694580682688787,13,1,286130985
0.705040447304797,0.075739421159972,3,1,775001231
0.170447885720648,0.471467577031623,16,1,785643223
0.370972661862938,0.789042062171731,1,1,457008451
0.62986414597447,0.59081616074524,4,1,455007891
0.86107377682429,0.213281016798619,14,1,498710889
0.711254759732871,0.338748025758822,16,1,785643223
0.672165345500604,0.582130587274626,16,1,785643223
0.647012120299003,0.00989851589270163,10,1,819034567
0.776537965681591,0.667424253171185,16,1,785643223
0.756892347150345,0.650654000732689,9,1,894536726
0.660704327450018,0.362397283269266,4,1,455007891
0.580242053066271,0.186101910166914,16,1,785643223
0.900798813450731,0.425841714052001,13,1,286130985
0.722274723438506,0.000921705158423824,17,1,652132542
0.928625223279781,0.579975347576934,19,1,600124212
0.926036516507678,0.657436935248242,5,1,562321452
0.434265771901069,0.202885788382682,14,1,498710889
0.0256511869225777,0.76994154218245,14,1,498710889
0.0603964063680076,0.330560600415844,16,1,785643223
0.646608012154764,0.796478568460961,9,1,894536726
0.119769382065743,0.59485485914955,7,1,785200123
0.832170288350163,0.821171492911293,11,1,486589321
0.0462546893116536,0.852965765690356,8,1,609822556
0.963583116546226,0.749547364138398,13,1,286130985
0.0997120879702762,0.616590654763018,14,1,498710889
0.970444494214322,0.135070821236335,7,1,785200123
0.511985999064204,0.862807987932281,14,1,374897109
0.837956185415322,0.471829550323552,13,1,286130985
0.18033711399602,0.107584322563071,18,1,548542561
0.511750660564032,0.935213414574907,15,1,785643218
0.572313528475054,0.0517848264914769,18,1,548542561
0.241356639305238,0.408626779629883,17,1,652132542
0.302951028797021,0.251300954976238,18,1,524100231
0.556562940279002,0.134216869842309,19,1,800145754
0.944900785545592,0.273125210904164,15,1,785643218
0.621441570025244,0.170711473355759,18,1,524100231
0.483085405093461,0.222311611732142,9,1,894536726
0.165443793241263,0.158011825257631,13,1,198346752
0.385858457691278,0.341364538621948,5,1,562321452
0.210892564405831,0.305848349168273,19,1,600124212
0.14822153379937,0.743567392404842,11,1,945678934
0.949885519949241,0.667421063413108,14,1,498710889
0.448335179904969,0.622934107322485,6,1,450023897
0.779186081399211,0.380162374747719,12,1,256835671
0.500321534730355,0.438622514881575,16,1,785643223
0.271814746140096,0.858039027735195,14,1,374897109
0.509661562183255,0.517608679458026,14,1,374897109
0.683653651896722,0.211252627485276,5,1,562321452
0.0819227978077217,0.628090328226288,10,1,819034567
0.392968157848362,0.098226208167137,6,1,450023897
0.430323702135679,0.903817266245224,1,1,457008451
0.100375133184285,0.342691420895097,4,1,455007891
0.838018993738585,0.644986123569422,17,1,450012212
0.427981532267476,0.0979891119348819,12,1,256835671
0.299233098983539,0.234689025335896,11,1,945678934
0.918463412910185,0.791519888346885,14,1,374897109
0.15724266363222,0.802697475204599,7,1,785200123
0.25601779821209,0.165133855415898,8,1,609822556
0.0841535413908705,0.0571315134566004,11,1,945678934
0.14798425718829,0.971009707385984,11,1,486589321
0.591426651896293,0.776408240097493,12,1,256835671
0.038161139649513,0.507067454606871,8,1,568730109
0.690402048882263,0.533555869366464,15,1,785643218
0.495251864237023,0.21215115718423,10,1,819034567
0.414699516289053,0.163991541555917,15,1,693421673
0.814119576222714,0.091986918044918,4,1,455007891
0.802393351526215,0.316122744525783,11,1,486589321
0.853954207788579,0.503829200503456,2,1,581000256
0.487082940487527,0.378470736502539,17,1,652132542
0.371605255380549,0.0863698916953384,15,1,785643218
0.029761046772588,0.039249754671814,3,1,775001231
0.262890258423179,0.810266189500349,17,1,450012212
0.577616892018549,0.72947845490059,9,1,894536726
0.991500495338109,0.840768947525445,15,1,693421673
0.211745013955119,0.874966992023068,8,1,609822556
0.112591528559479,0.693539025545221,9,1,978045321
0.401326604381339,0.293576906735558,9,1,894536726
0.976202917213441,0.316932664192367,13,1,198346752
0.674281820254482,0.91774139432531,18,1,524100231
0.735779057267574,0.088624119834657,3,1,775001231
0.744539988103794,0.942775069685328,11,1,945678934
0.147639333680846,0.89361587997072,5,1,562321452
0.096499523629809,0.137198295131234,6,1,450023897
0.930801899825797,0.836869807603294,10,1,5783456902
0.621187703578425,0.88591443209542,16,1,785643223
0.136251093630525,0.63252958232441,15,1,693421673
0.483969831116452,0.410850344117455,4,1,455007891
0.280949478266777,0.499665034823054,5,1,562321452
0.760798479929844,0.501199260349053,6,1,450023897
0.351807183588457,0.658685542784634,9,1,978045321
0.012785717526425,0.722703778073369,10,1,819034567
0.233932297353375,0.199255037476911,3,1,775001231
0.766764279919542,0.230012062519505,12,1,256835671
0.235598062486552,0.237532221732566,19,1,800145754
0.803940022061127,0.960758111850488,5,1,562321452
0.076197646664239,0.315548891042324,3,1,775001231
0.400441378543737,0.734552802549267,8,1,609822556
0.904986194120335,0.939245803929814,0,1,671004572
0.0925595914207777,0.997774639028873,17,1,652132542
0.861790510232442,0.295697084322884,19,1,800145754
0.123413145023652,0.219579595172629,9,1,894536726
0.497181153117489,0.289712831800284,10,1,5783456902
0.0901887415693139,0.308053285126599,11,1,945678934
0.972681157724438,0.866532458194739,18,1,548542561
0.522587059053394,0.743361245293496,7,1,785200123
0.776878370286404,0.722904964612003,11,1,486589321
0.217667813157283,0.146638619902102,10,1,819034567
0.936936704224577,0.529457442281347,4,1,455007891
0.352177397188459,0.351767677091272,8,1,568730109
0.227290392785373,0.948253348950016,17,1,652132542
0.88534780890359,0.255494114047386,3,1,775001231
0.211074430791394,0.386638790975486,2,1,581000256
0.274294902838425,0.42573221682298,10,1,819034567
0.36468967794785,0.248620737768895,11,1,945678934
0.841959069478571,0.0774405226509123,13,1,198346752
0.228581505535749,0.489618498671103,10,1,819034567
0.475204645789502,0.596431207732558,16,1,785643223
0.951678660055107,0.343287643263019,5,1,562321452
0.259336601860922,0.290751939775096,1,1,457008451
0.787651236433689,0.727557590674147,16,1,785643223
0.719506796802106,0.599233055151561,19,1,600124212
0.293461335169642,0.318380592356441,13,1,198346752
0.783977124658591,0.00410758729820504,17,1,652132542
0.403400355488862,0.351420301844112,6,1,450023897
0.806048311597383,0.0968482648090481,16,1,785643223
0.28454349726459,0.328300738104838,17,1,652132542
0.516826267744539,0.726920649201716,12,1,389457902
0.413374201664524,0.45383110145819,9,1,978045321
0.279102328545444,0.507366676804148,19,1,800145754
0.108272183719352,0.740645237577984,13,1,198346752
0.494944007906845,0.562934506732631,16,1,785643223
0.707713258772662,0.282314999125162,15,1,785643218
0.744100022097667,0.400513342821809,2,1,581000256
0.438454902113991,0.543799229757172,10,1,819034567
0.783932205852352,0.612537229006694,19,1,600124212
0.26034725678748,0.899597419517114,13,1,198346752
0.0410147251178139,0.250576036624457,11,1,486589321
0.0401407305646828,0.190596048844557,13,1,198346752
0.407125070860359,0.212174181260334,19,1,600124212
0.0352375756178369,0.64317541520354,18,1,524100231
0.408390727214715,0.44463537390528,19,1,800145754
0.302201240666441,0.293509696719051,12,1,256835671
0.388555544302864,0.0387354068705124,10,1,819034567
0.120101019726695,0.775212568171175,1,1,457008451
0.914100378560152,0.203017746374886,19,1,800145754
0.392285028205927,0.941643255155863,18,1,548542561
0.671460990666545,0.217820086853491,18,1,524100231
0.702953866249517,0.492148725953117,10,1,5783456902
0.522770582513582,0.944059044335002,6,1,450023897
0.214458095857434,0.123805752693191,9,1,978045321
0.642500665121087,0.934545511947216,8,1,568730109
0.232062520162847,0.0129499168319014,15,1,693421673
0.122205819021606,0.555975872517419,17,1,450012212
0.176939153059758,0.244853812880804,18,1,548542561
0.455545703892736,0.939865538493186,17,1,450012212
0.567902966081661,0.40046047521858,8,1,609822556
0.678524471025529,0.697626281824568,10,1,819034567
0.182635220119701,0.68558110096243,14,1,498710889
0.211086618365423,0.390647607285493,5,1,562321452
0.347506670257086,0.0330718827654439,18,1,548542561
0.328896144526359,0.359047172952976,17,1,652132542
0.678188706681007,0.936212776751775,11,1,486589321
0.0613403840880757,0.449803798479667,8,1,568730109
0.481783650155762,0.550252453256077,19,1,800145754
0.0362300234565831,0.150267130620452,13,1,198346752
0.234250888843098,0.784762910033697,17,1,652132542
0.933717933308015,0.899243480320633,14,1,374897109
0.705206850610565,0.495243309572013,5,1,562321452
0.176009133408497,0.537068745677687,5,1,562321452
0.203094156656841,0.559727831138002,11,1,945678934
0.722234250251004,0.162102783513247,14,1,374897109
0.417001707247164,0.584112961190475,7,1,785200123
0.958701307886203,0.998909654547767,6,1,450023897
0.82230435498606,0.280830921742166,19,1,800145754
0.785796890208452,0.845584723551994,17,1,652132542
0.0922558435097875,0.652453211615575,16,1,785643223
0.916602556605679,0.987176565650599,10,1,5783456902
0.186528972595085,0.484534187057419,8,1,609822556
0.854857591989263,0.568128076045692,7,1,785200123
0.877317492848868,0.699083269709103,10,1,5783456902
0.674390062964467,0.44760048871809,11,1,945678934
0.422314121061378,0.860475866216115,2,1,581000256
0.138662655916782,0.0341145992860898,18,1,548542561
0.547653229361525,0.877917678048179,12,1,389457902
0.200678670755313,0.0221048966486597,9,1,894536726
0.342253777083992,0.111996593548261,12,1,389457902
0.182498035641597,0.251103263357449,15,1,785643218
0.0368808999241619,0.35310756263202,8,1,568730109
0.926202376140768,0.426851754796348,19,1,800145754
0.589388214274464,0.534176139226405,16,1,785643223
0.043070291716267,0.784414455146242,3,1,775001231
0.261710537024882,0.655533133694039,13,1,198346752
0.339163346365617,0.155119114585538,16,1,785643223
0.708391328922043,0.455931360872845,3,1,775001231
0.545565038719334,0.240329967781181,16,1,785643223
0.849491139658252,0.30774175697984,8,1,609822556
0.476853029814714,0.432029120490152,4,1,455007891
0.294373422507024,0.563327389546632,10,1,819034567
0.485982073930921,0.845393249773601,17,1,652132542
0.944619028300199,0.712825558822245,15,1,785643218
0.709945261949644,0.379188396960751,10,1,5783456902
0.188916938327854,0.0246988918929405,15,1,693421673
0.859592158844229,0.289764223231024,13,1,286130985
0.571249897996966,0.379866119390185,8,1,609822556
0.282862095957043,0.641570167526059,1,1,457008451
0.784874007525756,0.723854941664278,13,1,286130985
0.766652208380431,0.299185334200637,3,1,775001231
0.683176224873812,0.340150767614094,18,1,548542561
0.752216958818293,0.713696925383541,18,1,548542561
0.492049201968398,0.789193942573182,6,1,450023897
0.218195306789854,0.748877553277852,6,1,450023897
0.515688057320417,0.036486834468006,2,1,581000256
0.877817318608473,0.794157545525003,5,1,562321452
0.60301012279724,0.278674568933977,19,1,800145754
0.378918162881777,0.529097970064728,7,1,785200123
0.229291982000086,0.795333810086529,19,1,800145754
0.62836783980588,0.774397039926019,9,1,894536726
0.13054221849833,0.582103786530711,10,1,5783456902
0.117065851267813,0.050252455201916,6,1,450023897
0.82716003541581,0.125699483786985,15,1,693421673
0.191258091680384,0.243197408729767,13,1,198346752
0.522192846028759,0.176913099836197,5,1,562321452
0.562572681738862,0.167595486651627,4,1,455007891
0.44705946992289,0.597527379599625,9,1,978045321
0.593050270530183,0.527153651580749,12,1,256835671
0.512301728127125,0.625163853584196,5,1,562321452
0.832365060022461,0.188657677314701,15,1,785643218
0.975207999832678,0.408798202150559,19,1,800145754
0.711982562633476,0.259587173370281,15,1,693421673
0.321587635623296,0.85418353008772,0,1,671004572
0.635274425009308,0.841432698589388,8,1,609822556
0.558788864014873,0.742543434273022,10,1,819034567
0.0841175194549733,0.705903787138297,10,1,819034567
0.401737621515754,0.482930386908095,9,1,978045321
0.552511114700851,0.411110611694085,13,1,286130985
0.116163775821599,0.846220459405696,3,1,775001231
0.593282735759814,0.100567447166767,12,1,389457902
0.298293296163544,0.771070884759177,7,1,785200123
0.421941958627192,0.143635475965281,7,1,785200123
0.111582235077548,0.18903531482613,15,1,785643218
0.690914125899696,0.222138479927778,1,1,457008451
0.292348934297238,0.802408246674259,10,1,5783456902
0.064904481451257,0.931790329281196,2,1,581000256
0.502777293931977,0.851699854948225,0,1,671004572
0.280257503147933,0.588943985048924,13,1,198346752
0.0221442880894385,0.726705769023874,15,1,693421673
0.270188927206269,0.982654187680755,12,1,389457902
0.824327206143478,0.338363799990986,6,1,450023897
0.286245309379146,0.443603712238759,10,1,819034567
0.074655140211112,0.341139997829259,11,1,486589321
0.865237196982849,0.188318180268896,7,1,785200123
0.803626410153033,0.724192203776063,17,1,652132542
0.005765051119393,0.470427278688633,2,1,581000256
0.598787234403263,0.529810685862989,9,1,978045321
0.88646535699924,0.433669639969555,1,1,457008451
0.710655475655176,0.936048237300519,9,1,894536726
0.558773052844108,0.202112722464732,15,1,693421673
0.413277191038635,0.600268265078239,18,1,524100231
0.856295304272942,0.671618739058291,4,1,455007891
0.218634950109545,0.66240988248748,5,1,562321452
0.811017777827478,0.845674229836578,5,1,562321452
0.822192884929953,0.616713559802636,16,1,785643223
0.650495504029798,0.396428315186463,5,1,562321452
0.676032218893813,0.730623161726942,17,1,652132542
0.0459618257798795,0.878851723851694,9,1,978045321
0.0664175394263946,0.919293850011624,17,1,652132542
0.0665314245378017,0.760801313676755,9,1,978045321
0.680511367087722,0.842591914809944,11,1,486589321
0.409576467065969,0.025645706204933,2,1,581000256
0.863544416231441,0.16255933738109,17,1,652132542
0.763725498478657,0.927707189169184,9,1,894536726
0.531373331893293,0.324325995863895,12,1,389457902
0.0488917166120846,0.963045752610394,9,1,894536726
0.46967206872785,0.230470026799779,11,1,486589321
0.508544353127802,0.328766399538575,9,1,894536726
0.387151288835811,0.497174053276221,16,1,785643223
0.936730533165254,0.985938308510335,16,1,785643223
0.113335579441519,0.593490040036911,8,1,609822556
0.545298346266775,0.02471659789986,4,1,455007891
0.426150290836209,0.813628892185635,13,1,286130985
0.326193676485009,0.89597428902314,17,1,450012212
0.948459476188045,0.864758717576365,8,1,609822556
0.511137385010572,0.529004180082257,3,1,775001231
0.245697394032162,0.740990022466174,17,1,652132542
0.37889535537555,0.587086992691267,8,1,609822556
0.397216947996414,0.303416950517031,0,1,671004572
0.374040955029338,0.375858510538187,19,1,800145754
0.321402311400576,0.522392850223659,3,1,775001231
0.128420700285517,0.0811608161611295,9,1,978045321
0.689654095360916,0.978521483442798,18,1,524100231
0.182362503568565,0.583026192171002,8,1,609822556
0.0893105790335298,0.370096316169488,10,1,819034567
0.471930638689264,0.0130569190255798,8,1,568730109
0.134384056047592,0.080033114613884,2,1,581000256
0.265364001173797,0.993806707312344,10,1,5783456902
0.98166489439561,0.00498724943735684,13,1,198346752
0.863855766992415,0.230896254455604,17,1,652132542
0.369460467655061,0.957510477252612,3,1,775001231
0.283593210055801,0.543970167671095,17,1,652132542
0.614263680190236,0.589245532142436,15,1,785643218
0.278775608814143,0.00140808511134516,14,1,374897109
0.497652291317398,0.536582877183906,10,1,5783456902
0.820042898978621,0.148079127752624,9,1,894536726
0.508041310997372,0.476646254961286,15,1,785643218
0.461379617359217,0.70580119065029,15,1,785643218
0.868211096500306,0.689869141206078,7,1,785200123
0.793445678980521,0.757458587097352,2,1,581000256
0.662945276989307,0.215814045787726,9,1,978045321
0.812008440944296,0.581923792326046,11,1,945678934
0.889333418549589,0.938537018586164,12,1,389457902
0.802765825058232,0.125950395697159,3,1,775001231
0.526675104714622,0.280228878678344,13,1,198346752
0.544102726848864,0.0835207204716326,17,1,450012212
0.75727288015299,0.968585555338717,14,1,498710889
0.182686247606727,0.740197320389482,16,1,785643223
0.86137105608126,0.615486936277972,16,1,785643223
0.752689897271162,0.671421564131509,18,1,524100231
0.800870964950616,0.869655286825187,15,1,693421673
0.972225553840619,0.642405555856231,13,1,198346752
0.0975733043860618,0.467829645104073,12,1,256835671
0.52164565379372,0.215595277242087,9,1,894536726
0.527360585144788,0.541786669899627,15,1,693421673
0.373429281616327,0.201529562680185,11,1,486589321
0.975835883047627,0.156130953918415,9,1,978045321
0.0440919703071687,0.510459118316143,9,1,894536726
0.110262707743615,0.750302278583643,15,1,785643218
0.47261318167248,0.915877179974014,6,1,450023897
0.779176190648171,0.367278478343908,7,1,785200123
0.537382441393937,0.206325165820296,18,1,524100231
0.370646802576092,0.305013993026141,19,1,600124212
0.0146422182410371,0.967066417927968,8,1,609822556
0.990596519845491,0.929976420174866,16,1,785643223
0.00584172615152756,0.766226830397842,18,1,524100231
0.217308992553285,0.378178679579611,14,1,374897109
0.427840720324882,0.961304287719222,3,1,775001231
0.892207857702744,0.230485422545557,14,1,498710889
0.759044848853939,0.339806779935847,5,1,562321452
0.193084706358586,0.792409398079563,12,1,389457902
0.820601984665667,0.990049477463597,8,1,609822556
0.389821421481047,0.0931086486101624,11,1,945678934
0.904885988908515,0.325951366657814,9,1,894536726
0.696525911264271,0.847702415103408,11,1,945678934
0.482922139496524,0.999595380746171,2,1,581000256
0.388896978298132,0.039287351348965,1,1,457008451
0.237639400664549,0.766267048445234,4,1,455007891
0.089079024906745,0.147998619046622,2,1,581000256
0.056947635308626,0.105690504012619,6,1,450023897
0.91112340857546,0.707618334212306,19,1,600124212
0.770711615545865,0.888151617017659,5,1,562321452
0.73160034351015,0.62883280001471,6,1,450023897
0.174332360167159,0.837737439785648,6,1,450023897
0.01367993176509,0.994695456661644,2,1,581000256
0.119701413661004,0.248326059453759,6,1,450023897
0.093588948708196,0.661995122459675,15,1,785643218
0.175515255528503,0.938816824749665,12,1,389457902
0.702972360853668,0.144362486795794,17,1,450012212
0.407541305180483,0.104449455783345,13,1,286130985
0.696778172418494,0.691217109139098,17,1,652132542
0.040585510497464,0.800919751818137,13,1,286130985
0.0781318269341531,0.338815808847956,10,1,5783456902
0.626090330296194,0.125278177352098,17,1,652132542
0.603324097140759,0.655770066917284,17,1,652132542
0.883339929448971,0.450279440222479,16,1,785643223
0.0758892831751101,0.172664264706706,14,1,374897109
0.801762950906942,0.345326487430422,11,1,945678934
0.437131137694774,0.503194181553416,17,1,450012212
0.218736237727951,0.879143968400827,17,1,450012212
0.252668045014062,0.529370598568824,12,1,389457902
0.977772648637944,0.296276841641555,14,1,374897109
0.901473345347901,0.45451055352514,19,1,600124212
0.905636117472749,0.891036813172164,18,1,524100231
0.629504571074547,0.777127478437139,15,1,785643218
0.643337900677174,0.00985933565422603,9,1,978045321
0.592434390323059,0.519865751352862,14,1,374897109
0.181514830791148,0.0907426799959881,16,1,785643223
0.613552760017275,0.407166442955686,10,1,5783456902
0.493189899001544,0.322064438818006,15,1,693421673
0.726602083128712,0.974907642738117,13,1,198346752
0.798856992902985,0.330858740414441,18,1,548542561
0.625780521745524,0.597682435151471,8,1,568730109
0.867478622376161,0.926428743378584,16,1,785643223
0.0999420346092679,0.302826870963711,8,1,609822556
0.623748541274885,0.622100204956464,19,1,600124212
0.881576834892028,0.68461506288418,13,1,198346752
0.801796755215841,0.223398501918511,6,1,450023897
0.074094031747355,0.409619743207981,5,1,562321452
0.278906109345801,0.54523935390664,13,1,198346752
0.128293736238088,0.211370811195362,7,1,785200123
0.380690936644686,0.0455502822545633,13,1,198346752
0.290370165055232,0.740205076977138,19,1,600124212
0.208110293242596,0.346655211797754,15,1,693421673
0.648356522293802,0.208717766238907,4,1,455007891
0.581388822448257,0.858219034615938,17,1,450012212
0.695360960524361,0.081089924846084,0,1,671004572
0.956525126728146,0.430857201686568,8,1,568730109
0.979738104110156,0.047167424596089,0,1,671004572
0.915704840519001,0.802829560132404,7,1,785200123
0.590804598708722,0.964229575206657,8,1,609822556
0.325964243933036,0.083487937360703,2,1,581000256
0.338502487716451,0.56148546962691,8,1,568730109
0.155338590669735,0.526670262472502,11,1,486589321
0.803764087065266,0.614418165672525,14,1,374897109
0.817983852417171,0.155705244291642,5,1,562321452
0.946045948359814,0.705389629944436,15,1,785643218
0.93993682081656,0.826379727945032,16,1,785643223
0.456255711511145,0.356557853492286,15,1,785643218
0.572062893685288,0.225479925146478,1,1,457008451
0.346949816395341,0.45731094997195,16,1,785643223
0.740881342610425,0.127217401722602,11,1,945678934
0.676561039368642,0.93550697782181,3,1,775001231
0.518733077111059,0.586041482695878,15,1,785643218
0.673792096425337,0.903058965577925,18,1,548542561
0.863617038361738,0.82737681725249,13,1,286130985
0.532560747162879,0.820505082192101,2,1,581000256
0.35670554636869,0.88656570834574,8,1,609822556
0.775165886076922,0.164099058983228,11,1,486589321
0.968035489413685,0.88867635526321,19,1,600124212
0.424839552216066,0.271847324570959,7,1,785200123
0.646510636869311,0.409972614701327,14,1,498710889
0.0389032217230796,0.843564845752285,11,1,945678934
0.023450972602843,0.53689688904977,5,1,562321452
0.533336727128453,0.765874899850123,14,1,374897109
0.590647528211046,0.76948425524088,16,1,785643223
0.923760556262795,0.613157339699355,8,1,568730109
0.532975846066824,0.8846040424182,19,1,600124212
0.752168854572963,0.886172765968395,8,1,609822556
0.483670742549395,0.0057334819253807,17,1,450012212
0.422140163437119,0.250115841855277,4,1,455007891
0.757344812648766,0.253445692713645,6,1,450023897
0.264743940733895,0.242045472906955,16,1,785643223
0.394902571698476,0.760877986383163,15,1,785643218
0.18940471826499,0.974367638555013,12,1,389457902
0.290217822274077,0.93060419337985,2,1,581000256
0.778380557637847,0.711607143131543,7,1,785200123
0.496020335758386,0.693823522610991,14,1,498710889
0.0576984849819464,0.155804632636079,17,1,652132542
0.182945508003907,0.921067815672376,15,1,693421673
0.773053021207636,0.180701323904705,19,1,600124212
0.702067291955788,0.802790058395265,18,1,524100231
0.584835345544822,0.667339042063346,19,1,600124212
0.733408450238546,0.584527880390123,14,1,374897109
0.219375409900256,0.158287185667389,3,1,775001231
0.98996951138081,0.464858295479815,16,1,785643223
0.970806967516117,0.350564352634307,11,1,486589321
0.619397364053952,0.277398764550308,10,1,5783456902
0.706051735127118,0.378755205657063,11,1,945678934
0.162530641421183,0.899474779910785,9,1,894536726
0.430889560026667,0.401928878182051,8,1,568730109
0.25694367986701,0.690750409598081,15,1,693421673
0.513082641814657,0.353664272341274,7,1,785200123
0.541588120079509,0.26658327835997,9,1,978045321
0.215591140749412,0.73625376652649,19,1,800145754
0.320887407445082,0.542601608718916,17,1,450012212
0.265871293988769,0.559219551846933,9,1,894536726
0.609649092661014,0.688582977387758,3,1,775001231
0.794947848003826,0.752289313353958,16,1,785643223
0.944908144263354,0.754442082379073,17,1,450012212
0.98061823128419,0.769740890957504,2,1,581000256
0.683626143675878,0.364508772883312,16,1,785643223
0.792845113236611,0.372569368033164,16,1,785643223
0.646775912100606,0.855645691223964,8,1,568730109
0.878015745959642,0.368651688304275,18,1,524100231
0.264545458366116,0.149859733940987,17,1,652132542
0.511569615991255,0.253270300227205,14,1,498710889
0.5714884805658,0.505661415724209,14,1,374897109
0.382538788457232,0.373974728466836,7,1,785200123
0.313166844494637,0.524495670924229,12,1,256835671
0.119229337537799,0.235871673159206,4,1,455007891
0.282095813266096,0.978742253715541,17,1,450012212
0.959750831871941,0.662416731487721,13,1,198346752
0.346489135895164,0.820540758530216,2,1,581000256
0.650685657326578,0.741567383288128,16,1,785643223
0.257446953539024,0.0416700426500602,8,1,609822556
0.734741166557184,0.598300545117746,10,1,819034567
0.220250819993433,0.492094873444843,11,1,945678934
0.950761016541828,0.5367129734049,2,1,581000256
0.212914314421108,0.0414510791096174,18,1,524100231
0.223773035768881,0.0746643418130359,10,1,819034567
0.035718300726284,0.663158759602654,8,1,568730109
0.939249617063482,0.809639698038284,17,1,450012212
0.569087605782191,0.469615563705532,19,1,600124212
0.837622157813964,0.259934149413874,11,1,486589321
0.998283350925553,0.926128138981649,5,1,562321452
0.460115758454798,0.406454577062373,8,1,609822556
0.36679618658957,0.875435383327289,11,1,486589321
0.210353249459468,0.03641463081141,0,1,671004572
0.636324622900715,0.475269497235447,8,1,609822556
0.823612040552571,0.442923655704733,16,1,785643223
0.31566430018898,0.124033033332565,4,1,455007891
0.814129924405459,0.433504112647638,2,1,581000256
0.412155338130463,0.960778100827021,16,1,785643223
0.704035085401069,0.841497101748824,7,1,785200123
0.571085291806365,0.81358253582772,13,1,198346752
0.959002173992213,0.175387347238099,12,1,256835671
0.120198718231649,0.644295438878221,2,1,581000256
0.314932451086204,0.728146408767099,17,1,450012212
0.769462525738548,0.334535325416656,18,1,524100231
0.0350026910200303,0.210405588154065,17,1,450012212
0.102570044132603,0.624926487853786,11,1,945678934
0.295092789581683,0.657702520485208,10,1,819034567
0.066617198360361,0.704815149335819,1,1,457008451
0.539569653705613,0.719162838657739,12,1,389457902
0.230134124589475,0.932919631455183,19,1,600124212
0.195133810358302,0.216037410201907,19,1,600124212
0.0102375222887332,0.696526442951012,19,1,600124212
0.463686507606335,0.283598803402886,0,1,671004572
0.98570791290343,0.10393819652626,19,1,800145754
0.406136514330686,0.306049407367093,9,1,894536726
0.215459659878801,0.452472232100931,17,1,652132542
0.736576640781103,0.11599718394041,7,1,785200123
0.501960444672635,0.000237706114354,0,1,671004572
0.592948079036311,0.584089152715091,2,1,581000256
0.561083136490184,0.057738400506617,4,1,455007891
0.0337785730996267,0.934131943619874,14,1,374897109
0.693338865224256,0.671767569916693,11,1,486589321
0.405559622763121,0.71893397973785,14,1,374897109
0.505355257136736,0.812069413982404,6,1,450023897
0.087835360604917,0.233870886200339,2,1,581000256
0.676370725084154,0.162127930878294,5,1,562321452
0.982813612754236,0.151960915414374,13,1,198346752
0.576136800446623,0.328711473479666,0,1,671004572
0.171634035400922,0.1553817844078,13,1,198346752
0.397242998017189,0.298198140227274,8,1,568730109
0.284234652861386,0.966854871615265,12,1,389457902
0.479221651613968,0.976441722226374,5,1,562321452
0.853844938634189,0.763917043502606,19,1,800145754
0.566413915649057,0.797005386586961,11,1,945678934
0.953640029322043,0.227086326943046,9,1,978045321
0.37303369464571,0.634983797510484,12,1,256835671
0.691744571647326,0.941675370740819,12,1,256835671
0.382433518983479,0.304832878741759,18,1,548542561
0.796164087016614,0.768836869065528,14,1,498710889
0.777684901379978,0.443907920832735,11,1,486589321
0.824658341617298,0.230860278342128,1,1,457008451
0.277739107393828,0.898990521140759,18,1,548542561
0.685829713768592,0.424397076698066,1,1,457008451
0.349732961925621,0.223640762344863,13,1,198346752
0.419924210748983,0.269055127842473,14,1,374897109
0.608810899081904,0.845673756299752,17,1,652132542
0.082280030538005,0.227263685679412,1,1,457008451
0.327082506683982,0.518300432129521,13,1,198346752
0.974116074503115,0.59409466063054,13,1,286130985
0.138403922049141,0.620286578469086,8,1,609822556
0.869758510005308,0.612382049849238,19,1,800145754
0.698710091810569,0.814458627627003,9,1,978045321
0.0468743387871102,0.14763740248686,19,1,800145754
0.697245800497791,0.249982678008425,15,1,693421673
0.999463422009331,0.653999214499126,12,1,256835671
0.219873858508536,0.024015093621169,6,1,450023897
0.885325868969584,0.496079311079134,17,1,652132542
0.697337805391615,0.805685644247815,5,1,562321452
0.448702483896368,0.917826598608133,5,1,562321452
0.811511238621265,0.303716446945447,9,1,894536726
0.424701986967739,0.312861736482409,14,1,374897109
0.211356889422644,0.634340145279774,0,1,671004572
0.848128596517601,0.266194626567084,15,1,693421673
0.704154073842949,0.812121348254307,16,1,785643223
0.670921225172847,0.468450806802416,0,1,671004572
0.232773527863367,0.0407260817005528,15,1,693421673
0.401684626101434,0.804286219148391,10,1,5783456902
0.274805863247721,0.625678578682226,11,1,945678934
0.630888242339458,0.308052595387394,19,1,800145754
0.0266746515280385,0.877857047512959,9,1,894536726
0.213253283078757,0.996139894936277,1,1,457008451
0.220549739726015,0.160887244039178,5,1,562321452
0.571346334378151,0.938554228398216,11,1,945678934
0.700960383129083,0.0720104335726481,9,1,894536726
0.84919024140084,0.602571027329883,9,1,978045321
0.299366432523744,0.278592206290483,1,1,457008451
0.888070790534695,0.159940807636521,10,1,5783456902
0.986312403272308,0.19949508110172,8,1,568730109
0.640631513564651,0.698036599839412,18,1,524100231
0.470318075426299,0.932259714849625,17,1,652132542
0.72106179680176,0.547845869230231,10,1,819034567
0.620900104846996,0.498102223007647,7,1,785200123
0.32473034017299,0.0401244362437956,10,1,819034567
0.445404268459226,0.994503070288888,8,1,609822556
0.708174484972512,0.0205697144727166,16,1,785643223
0.867557327567803,0.872327863654802,1,1,457008451
0.770517645623358,0.520444935840024,10,1,5783456902
0.150148088927732,0.861622094403942,12,1,389457902
0.549968657194363,0.606210994718476,10,1,5783456902
0.733987332742502,0.855530501649757,17,1,652132542
0.555907867466097,0.220068447410184,10,1,5783456902
0.513925847918424,0.0256574375022449,13,1,198346752
0.53582089295022,0.354304208347923,14,1,498710889
0.0817797865511247,0.561497171297128,15,1,785643218
0.188131504406506,0.146638516620491,5,1,562321452
0.262100460185306,0.677496214431213,10,1,5783456902
0.687409919232585,0.655627439147101,2,1,581000256
0.90080328461989,0.257617511710387,17,1,450012212
0.371641983154181,0.9954957187323,9,1,894536726
0.955103563109432,0.318903445898325,19,1,800145754
0.380620292311736,0.648755186543199,15,1,693421673
0.0708299539240234,0.255226221229793,9,1,894536726
0.760295347961344,0.243687360295691,12,1,389457902
0.521035506584515,0.130999653265558,17,1,450012212
0.691383302176301,0.034859978604759,8,1,609822556
0.892055469477742,0.47212740198589,17,1,450012212
0.357623301765305,0.120263041944873,11,1,486589321
0.543702914621043,0.351346172095872,13,1,198346752
0.311889603606077,0.426720787112296,14,1,374897109
0.474305649768269,0.0605276849234704,12,1,389457902
0.324821565334919,0.0336241552646843,18,1,524100231
0.66738812303729,0.522071440370763,2,1,581000256
0.286413933528517,0.00323007926769758,16,1,785643223
0.606001197862201,0.957519997568967,8,1,609822556
0.448581234317657,0.245709963162585,9,1,978045321
0.699672192468138,0.497061795583805,17,1,652132542
0.689736175652984,0.334423225894724,18,1,548542561
0.154957628664935,0.262046735011367,5,1,562321452
0.407998566252773,0.503258185477923,10,1,819034567
0.334076733750264,0.874191004822929,5,1,562321452
0.422887418954532,0.0504825506900888,9,1,894536726
0.972737075571192,0.309249719127097,13,1,286130985
0.866366966973844,0.0658384809637536,19,1,600124212
0.124879137843691,0.530178552472655,12,1,256835671
0.878498199218195,0.601506660345416,12,1,389457902
0.33570425677504,0.901148269198703,10,1,819034567
0.289851193038849,0.744668912687039,13,1,286130985
0.843420201401554,0.834043945315602,0,1,671004572
0.147018641922381,0.209374291476314,19,1,600124212
0.28372752642588,0.579782513435988,16,1,785643223
0.693955645769135,0.739205940057112,0,1,671004572
0.914951563288792,0.820785290978838,17,1,652132542
0.212968904437989,0.807496812771304,2,1,581000256
0.536898108996829,0.341179286358235,7,1,785200123
0.868787920917821,0.649681223835861,8,1,568730109
0.964769008830075,0.487507605417585,15,1,785643218
0.62439608198193,0.981767008816847,14,1,374897109
0.812052159090261,0.099197340310597,4,1,455007891
0.767319642002809,0.922853219077324,19,1,800145754
0.671137783953708,0.0634865407552108,19,1,600124212
0.119719302055432,0.378154427135935,16,1,785643223
0.374070331568999,0.827878652225244,11,1,486589321
0.56369192484116,0.237437343241675,11,1,486589321
0.608598013901395,0.386910218746459,14,1,498710889
0.714938380944555,0.077747385395064,3,1,775001231
0.951942949558867,0.552319863640725,3,1,775001231
0.655039000662843,0.681637396209999,12,1,256835671
0.188657123935529,0.54377967629816,12,1,389457902
0.876010873995263,0.231351183689784,8,1,568730109
0.970870058351944,0.289300140868741,9,1,978045321
0.383620072429806,0.143598937327339,12,1,389457902
0.154804187956949,0.383099098668294,13,1,286130985
0.274629289096342,0.296443245287071,8,1,568730109
0.0894188699923886,0.841459476225756,19,1,800145754
0.0600740218653204,0.696131049641102,13,1,198346752
0.641517696883397,0.639502307465665,18,1,548542561
0.523599052118164,0.720543338540601,3,1,775001231
0.532524341692697,0.0401315765406984,14,1,374897109
0.732343037945565,0.421221022342954,11,1,486589321
0.896542890265799,0.167804664388699,10,1,819034567
0.264561832538088,0.609420880686108,5,1,562321452
0.705132387469023,0.912177356424611,10,1,819034567
0.946709639312742,0.95338932202743,1,1,457008451
0.733299496624083,0.499478386061432,15,1,693421673
0.000300230529939327,0.744928436512882,8,1,609822556
0.316954495972209,0.397603561530434,2,1,581000256
0.280266828370153,0.0587581177061436,15,1,785643218
0.432746126777322,0.517179136605953,2,1,581000256
0.170698159302238,0.773417622944138,17,1,450012212
0.635010971924237,0.380936433164171,9,1,894536726
0.421552698935383,0.310372503401864,16,1,785643223
0.136823861498999,0.976355397732668,15,1,693421673
0.104632978508316,0.513321312719195,18,1,548542561
0.564669703460442,0.094443546024361,5,1,562321452
0.143127305198364,0.13746379669737,5,1,562321452
0.0754775454291297,0.168443058105558,19,1,600124212
0.239862561592564,0.926586687075123,15,1,785643218
0.285901909658634,0.84856416727692,10,1,819034567
0.517723733537625,0.752473178926708,2,1,581000256
0.768843176623097,0.7782830805494,13,1,198346752
0.582835548030902,0.187743248936528,10,1,819034567
0.583755639153782,0.23599947401386,0,1,671004572
0.676941169356605,0.144799494139422,16,1,785643223
0.465433531200514,0.208235910984482,1,1,457008451
0.144706743784938,0.358252794448832,8,1,609822556
0.863347027238498,0.407684887123439,17,1,450012212
0.813364932095721,0.683856134218347,17,1,450012212
0.317729912520076,0.0128353277168758,19,1,600124212
0.0236151186523468,0.327641975750915,16,1,785643223
0.501120062493057,0.671175301871049,7,1,785200123
0.434745470611503,0.0655841226662002,8,1,609822556
0.42750009035157,0.668922123043381,13,1,286130985
0.353058260520511,0.059255914722179,4,1,455007891
0.505933703418668,0.769899258936412,16,1,785643223
0.0291451266056293,0.872202499936143,13,1,286130985
0.839651273670933,0.644826934017103,13,1,198346752
0.852301097823229,0.988812454111406,16,1,785643223
0.362211591651369,0.945627232154086,16,1,785643223
0.81018336566845,0.721673936853113,8,1,609822556
0.764106607701219,0.260601079801421,1,1,457008451
0.235922090618,0.839346430419782,11,1,486589321
0.292511549471292,0.110299331491738,18,1,524100231
0.014900108247659,0.475157356188733,4,1,455007891
0.449557927586943,0.519616711761288,11,1,945678934
0.889677214470703,0.567918424646338,11,1,945678934
0.279558707871647,0.683214497889286,5,1,562321452
0.0392448741766902,0.736461760311744,18,1,524100231
0.432511911075965,0.832948907190933,12,1,389457902
0.915958855556699,0.82123322515392,17,1,450012212
0.019191651348738,0.84410065256514,3,1,775001231
0.100553962478637,0.200709451017338,2,1,581000256
0.497344908532794,0.934614826798763,10,1,5783456902
0.44798046593681,0.147892499046686,13,1,286130985
0.204503280700466,0.696048784514663,18,1,524100231
0.479399922626695,0.084799723967616,6,1,450023897
0.603043734116503,0.832953480927382,19,1,800145754
0.53865705039208,0.900368119244319,2,1,581000256
0.48114904878359,0.285634928154856,11,1,945678934
0.371413585416228,0.0632089291412532,16,1,785643223
0.279810884406392,0.343922855267337,5,1,562321452
0.0862631771318085,0.0152925088866755,10,1,5783456902
0.718149649277918,0.815396513476924,10,1,5783456902
0.594632468630347,0.517944464316199,0,1,671004572
0.16548415271245,0.11531179603406,16,1,785643223
0.267912891178701,0.454255081740616,9,1,894536726
0.35067188003511,0.211880315387614,8,1,568730109
0.3684616137022,0.524850210339716,10,1,5783456902
0.735326180228927,0.758905713607823,12,1,256835671
0.523146869376566,0.940411690154997,11,1,486589321
0.564945735526485,0.370473143390279,15,1,693421673
0.971181731082277,0.742340920062976,2,1,581000256
0.975267918572218,0.717428000870614,14,1,498710889
0.799377875860953,0.335573726154522,11,1,945678934
0.895267179951406,0.647724752980994,2,1,581000256
0.967028512342374,0.058424447432477,4,1,455007891
0.477940190080179,0.422731706660762,12,1,389457902
0.766613939512616,0.0363048247098918,16,1,785643223
0.702825352447325,0.40122291289697,14,1,498710889
0.267997761857274,0.943476900158047,14,1,498710889
0.210234765164172,0.971376719228943,16,1,785643223
0.366164474082953,0.713363714450567,17,1,652132542
0.600405898709374,0.572549490272277,5,1,562321452
0.961599436013508,0.556275696286701,9,1,894536726
0.00226916820295209,0.42696918358063,10,1,5783456902
0.932201336424632,0.726970480781335,11,1,486589321
0.07684014694133,0.520466433481607,6,1,450023897
0.0861112418960408,0.396730654786352,10,1,5783456902
0.585118165793537,0.0858310786022258,10,1,819034567
0.141647486476895,0.680404068628103,1,1,457008451
0.202464443255855,0.590475031536896,2,1,581000256
0.0765554721577131,0.393884163692775,14,1,498710889
0.487453853719107,0.477898208215134,10,1,5783456902
0.50571270772918,0.138359354719515,17,1,652132542
0.971421464657168,0.800707282575684,19,1,800145754
0.638147180890077,0.673540844980655,18,1,524100231
0.893808102464966,0.16390620533299,15,1,693421673
0.17789853781991,0.822348782582888,6,1,450023897
0.329021683112452,0.359612121231069,16,1,785643223
0.820753762246989,0.749254545563467,9,1,894536726
0.244570827678361,0.966450762878569,18,1,524100231
0.773412486984273,0.902342403670939,17,1,652132542
0.757330666829005,0.400561175784567,13,1,286130985
0.707598757620947,0.0664448224047574,19,1,800145754
0.25459285926207,0.86954683116702,16,1,785643223
0.773043695089663,0.544656101190139,6,1,450023897
0.570781757282875,0.515159177159526,14,1,374897109
0.225489076299782,0.694207797778567,14,1,498710889
0.669651213359569,0.729670735323301,11,1,945678934
0.703082588512147,0.651014174529983,11,1,945678934
0.415849730649297,0.955076877157684,8,1,609822556
0.990918649683844,0.0162056013270111,13,1,198346752
0.737286303236769,0.784139286980282,12,1,256835671
0.833325132288976,0.512747262090408,1,1,457008451
0.213461158821274,0.90939142518779,5,1,562321452
0.794462480543132,0.13901745780275,19,1,800145754
0.733911721263812,0.376770702605811,13,1,286130985
0.182748745368824,0.337179729690773,14,1,374897109
0.99920500196755,0.297224942775811,17,1,652132542
0.221110954619051,0.443372664578777,17,1,450012212
0.999689730765208,0.330616566590428,2,1,581000256
0.454389153125616,0.148568714337639,8,1,568730109
0.122815878668643,0.338020730997727,8,1,609822556
0.314061409342263,0.711510700847846,12,1,389457902
0.328174558389548,0.502134365072708,12,1,389457902
0.753485282352091,0.286219828291824,13,1,198346752
0.428391904469524,0.245708444374544,0,1,671004572
0.0768912873433747,0.482830725446155,15,1,693421673
0.50818918187882,0.23587152416255,7,1,785200123
0.545413851293775,0.305868125558055,15,1,785643218
0.179198028353216,0.627498255762799,10,1,819034567
0.006148739910308,0.919133020860216,0,1,671004572
0.817267572159956,0.893539241182186,5,1,562321452
0.823947632157246,0.958244452744081,2,1,581000256
0.358199622371523,0.855182957740061,3,1,775001231
0.181543858237784,0.567040602180991,18,1,524100231
0.501551911294398,0.00546806483584339,18,1,548542561
0.0320286317645473,0.648617051638195,14,1,374897109
0.229360201236841,0.539528887445368,6,1,450023897
0.187973555582722,0.311962859496714,18,1,524100231
0.487317864596092,0.794857955036165,1,1,457008451
0.560001448817049,0.952696967941005,17,1,652132542
0.197435614108479,0.749292461899406,9,1,978045321
0.551238449217873,0.977814338843379,14,1,498710889
0.371748565327806,0.231160756802338,2,1,581000256
0.838431962797401,0.137251529104041,10,1,819034567
0.975555202100868,0.83966839002103,11,1,945678934
0.636700772343958,0.440826532183915,0,1,671004572
0.393869366031975,0.067019522985835,0,1,671004572
0.220330375328483,0.466175185698281,9,1,894536726
0.521751133067294,0.328414911460973,15,1,785643218
0.88303199969355,0.193153274565111,1,1,457008451
0.591997360093621,0.875850212599326,18,1,548542561
0.107587880127711,0.0230905686482989,16,1,785643223
0.0848846127950589,0.300579406614184,10,1,819034567
0.822853971440638,0.223226140573096,19,1,600124212
0.604118342479403,0.282805151000405,7,1,785200123
0.450568657560301,0.406403469970571,12,1,389457902
0.398153542953828,0.958041034649003,5,1,562321452
0.787850424378534,0.967085604616223,2,1,581000256
0.867065417574365,0.18266437891003,12,1,256835671
0.865156993239481,0.735566142215978,16,1,785643223
0.743704701815225,0.071780926613739,4,1,455007891
0.172836725577872,0.687395171794297,14,1,374897109
0.794698967073136,0.482718132145957,14,1,498710889
0.329388389644619,0.426268524166157,16,1,785643223
0.342325619256864,0.659754602496843,1,1,457008451
0.349429136260233,0.893033779069354,7,1,785200123
0.770347378662735,0.465248988219523,1,1,457008451
0.0175516869890198,0.649266311986592,13,1,286130985
0.136494426522218,0.934182371116467,18,1,548542561
0.613791352148663,0.760345065081384,17,1,652132542
0.458541207391926,0.519457179862434,19,1,600124212
0.591090996743074,0.650815507921124,2,1,581000256
0.322255817376641,0.276883487539099,4,1,455007891
0.61547286987197,0.580763817133202,11,1,945678934
0.790406093227982,0.36789410834421,13,1,286130985
0.762031787689112,0.05811792714464,1,1,457008451
0.808987717359493,0.886812538535763,1,1,457008451
0.710080359922398,0.799124748485533,16,1,785643223
0.878514581830504,0.887029493698038,8,1,609822556
0.454626073759871,0.489827799629204,15,1,693421673
0.310266379717968,0.662546834774322,10,1,5783456902
0.643751712773573,0.30467584780514,8,1,568730109
0.33774274320707,0.0603240135925374,14,1,374897109
0.970757165111019,0.165154499184512,12,1,389457902
0.382650369051645,0.081854361771087,9,1,894536726
0.419289851748868,0.274741616198237,13,1,198346752
0.015365634541968,0.317079980056396,7,1,785200123
0.0829258858965032,0.926117327478399,19,1,600124212
0.311589519213871,0.01177219468095,4,1,455007891
0.493176269079529,0.749603066538815,11,1,945678934
0.588598782645688,0.562556673221097,4,1,455007891
0.880133870081546,0.816066623972647,3,1,775001231
0.55985019628554,0.942365061201053,17,1,450012212
0.133892801029095,0.701984010632145,11,1,486589321
0.44959546494939,0.146422824556375,8,1,568730109
0.197099822911827,0.974059844230374,11,1,945678934
0.469798286618658,0.432712658291726,17,1,652132542
0.686386351432798,0.885170359331171,17,1,450012212
0.251554910916981,0.597079588417109,11,1,945678934
0.874693285336966,0.925555094953279,12,1,256835671
0.416967968013921,0.224605681367519,16,1,785643223
0.836670467518378,0.982285514078714,9,1,978045321
0.939597736122069,0.973458371899527,13,1,286130985
0.495925782919548,0.609421081756328,7,1,785200123
0.632102358112353,0.365958377917,19,1,800145754
0.835503386823475,0.342677373849798,17,1,652132542
0.290619159348342,0.862301565954814,10,1,819034567
0.354671893021094,0.104840455968293,17,1,652132542
0.852012652588299,0.0214077061277038,10,1,819034567
0.617306252646204,0.498411313620457,12,1,256835671
0.880675649075868,0.76421840614837,1,1,457008451
0.092191766957304,0.929103852140788,8,1,568730109
0.647366177207359,0.598129571261916,10,1,5783456902
0.593390095722274,0.641376690257257,8,1,609822556
0.861312215770425,0.0471051927334252,9,1,894536726
0.00908820742224603,0.763162279162141,8,1,609822556
0.0567167513269888,0.680730079137001,14,1,374897109
0.203825466477739,0.049927537162004,13,1,198346752
0.873596996333853,0.108423167354433,3,1,775001231
0.801772618394685,0.426220612913623,16,1,785643223
0.215245524143201,0.23753968822664,7,1,785200123
0.989159497788659,0.993597396821121,6,1,450023897
0.223791088900625,0.214770152462807,11,1,486589321
0.104727698631536,0.105401822381557,12,1,389457902
0.787851440284066,0.162760838102678,2,1,581000256
0.0902677036135837,0.558006340677001,16,1,785643223
0.143361422727451,0.738828756686355,15,1,693421673
0.660344490759207,0.114412899636143,12,1,256835671
0.319350648144922,0.874307647825748,8,1,609822556
0.936237334498004,0.519108777997088,9,1,894536726
0.905158782787645,0.877024462165008,12,1,256835671
0.93032150940842,0.459710168852377,5,1,562321452
0.630124828969662,0.670488662262061,8,1,609822556
0.490258969476496,0.114927669425832,9,1,978045321
0.302834172169805,0.052638422395261,5,1,562321452
0.0490371789147501,0.669049527500839,16,1,785643223
0.72910979936656,0.6428476124851,8,1,568730109
0.685884230675978,0.34995538373839,19,1,600124212
0.38535537568771,0.992416590535358,5,1,562321452
0.463915275798322,0.809264842632566,11,1,486589321
0.368844423751316,0.232322101417808,10,1,5783456902
0.843924056653821,0.695931771791067,9,1,894536726
0.306978723154464,0.12689993141532,10,1,819034567
0.099352431361752,0.00682993564838608,19,1,800145754
0.977605712515143,0.868618396054845,10,1,5783456902
0.826477935472313,0.219510148181247,5,1,562321452
0.234015768660885,0.935587680363954,15,1,785643218
0.755604153859413,0.0878890690467093,8,1,609822556
0.109107301099326,0.257195737664506,15,1,785643218
0.315766456794983,0.921283030699394,2,1,581000256
0.898059164220668,0.930189098603499,9,1,894536726
0.890802139147531,0.634068088760897,19,1,600124212
0.158046992179856,0.649241504378281,5,1,562321452
0.395606495022812,0.870202951924904,5,1,562321452
0.255074131807768,0.163045394815001,18,1,548542561
0.0716870203586994,0.325327029642678,19,1,600124212
0.666754919972255,0.76567425572654,10,1,5783456902
0.614300183964815,0.818336195453582,11,1,486589321
0.720818137955332,0.986058220708418,16,1,785643223
0.207845855687139,0.645257429860653,19,1,800145754
0.0614842153600794,0.591686864368115,14,1,374897109
0.0657898020664973,0.336587787990018,8,1,609822556
0.61743539433104,0.852985562614406,6,1,450023897
0.770200872583803,0.243148019920168,7,1,785200123
0.812471891880938,0.193481480870722,4,1,455007891
0.524822876287124,0.257095968175574,13,1,286130985
0.181630432936016,0.252626018972868,11,1,486589321
0.163093850036136,0.228942750705092,8,1,568730109
0.066230450297023,0.167309424488337,3,1,775001231
0.164730436816221,0.368812032372312,6,1,450023897
0.00858283318559683,0.309810217497164,16,1,785643223
0.944715848925474,0.774789984160863,15,1,693421673
0.236136897910178,0.293379285416121,18,1,548542561
0.481523480845846,0.157489155415791,4,1,455007891
0.13705182600371,0.348272898741933,10,1,819034567
0.512514981221234,0.587503337729622,7,1,785200123
0.730667681569627,0.226949511279988,3,1,775001231
0.811236491787122,0.447376195312146,16,1,785643223
0.876688037957506,0.620027679788118,0,1,671004572
0.974034159375169,0.820299866275713,12,1,256835671
0.320690144643615,0.0496460710305042,13,1,286130985
0.566417663059737,0.693138877199286,17,1,450012212
0.0200256040287292,0.29855422123435,15,1,693421673
0.481725667462503,0.770639145722447,3,1,775001231
0.066581049854062,0.227648314425917,1,1,457008451
0.768129218658012,0.454323159494408,2,1,581000256
0.32132070240251,0.776051530365412,5,1,562321452
0.706281953451143,0.555160052535224,13,1,286130985
0.156931720533207,0.57872545894023,11,1,486589321
0.260987332328392,0.701266822154582,12,1,389457902
0.370625205996781,0.523082480010082,10,1,819034567
0.293997841956389,0.507081402059795,11,1,945678934
0.215988383893537,0.776526745254345,18,1,548542561
0.103853194593251,0.0397784688280103,8,1,609822556
0.619267622565741,0.19042134002251,12,1,389457902
0.584585771555022,0.078059431539342,3,1,775001231
0.0489288809312756,0.413068644851124,14,1,498710889
0.226773137571808,0.848114544714115,4,1,455007891
0.590604759781566,0.859885907525711,7,1,785200123
0.104979728123678,0.165661560807135,18,1,524100231
0.423546872637631,0.445958175895093,4,1,455007891
0.880776931338564,0.273617127641477,14,1,498710889
0.69909770745674,0.556855374914569,18,1,548542561
0.50571927548388,0.788110459428121,4,1,455007891
0.258715741252339,0.482124613264947,12,1,389457902
0.538709239875749,0.781629386925778,12,1,256835671
0.967049002086014,0.782439463233593,6,1,450023897
0.295656994098679,0.0254173887882496,17,1,652132542
0.194489496112691,0.313576866608522,0,1,671004572
0.358031863873678,0.737673197422248,0,1,671004572
0.673520294762355,0.674358375226023,15,1,693421673
0.70328580160288,0.640998740045023,14,1,374897109
0.840867286572085,0.227403584596944,15,1,785643218
0.292495102360513,0.011429138375824,1,1,457008451
0.0944953024640722,0.101821510995404,11,1,486589321
0.518477316571563,0.0382966862094962,14,1,374897109
0.514567710112537,0.0195546226800707,19,1,800145754
0.953481256679164,0.349379485737223,7,1,785200123
0.0638230984576476,0.299268705607507,19,1,600124212
0.491430800873721,0.489488457533762,2,1,581000256
0.352206030137874,0.138269443120375,15,1,785643218
0.412850550172982,0.765313418987321,8,1,568730109
0.677186253421351,0.740618047367193,9,1,894536726
0.783865258654912,0.490693535996979,7,1,785200123
0.687976953402952,0.0410164266766591,9,1,894536726
0.318182358948278,0.37820116105008,8,1,568730109
0.502872228473992,0.844200084181699,11,1,486589321
0.0175426202101496,0.774135898961777,12,1,389457902
0.126559748843607,0.075877152021306,13,1,286130985
0.895140438025123,0.249882222128358,9,1,894536726
0.679258563313253,0.891303573180867,17,1,652132542
0.554372991252503,0.211192328001874,0,1,671004572
0.766975171794352,0.537202930699369,13,1,198346752
0.654366131088645,0.951677840162807,5,1,562321452
0.469014395347952,0.608693403960249,10,1,819034567
0.358343140180384,0.560524177705334,2,1,581000256
0.186523609819076,0.68555611870378,14,1,374897109
0.407468314886891,0.586546588377725,12,1,256835671
0.22261053197041,0.140920116092368,6,1,450023897
0.917749543787242,0.519091029539406,19,1,600124212
0.142221217394201,0.346294791486817,13,1,198346752
0.669160621829071,0.518732839943807,9,1,978045321
0.879581565477416,0.152929114744159,10,1,5783456902
0.799637377084645,0.406439071355726,17,1,652132542
0.346329341418144,0.326558782893327,8,1,568730109
0.190089567958736,0.07850028833627,6,1,450023897
0.445547389074025,0.853302345157085,7,1,785200123
0.957640426507956,0.932900211416124,11,1,945678934
0.406448525503206,0.606412021194161,17,1,450012212
0.305923492880629,0.861252270408353,4,1,455007891
0.307925527139118,0.780901698472178,13,1,198346752
0.871942698366906,0.991979244160421,16,1,785643223
0.528989813911767,0.589057126418574,19,1,600124212
0.423763246007411,0.191163081323196,14,1,498710889
0.346559048307373,0.689765748455438,14,1,498710889
0.881330287337178,0.621448174816354,11,1,945678934
0.216546499952765,0.0542474233715238,16,1,785643223
0.042267381824545,0.5392869064419,7,1,785200123
0.503209554100554,0.623073847128661,13,1,198346752
0.555535563760145,0.163011976603904,18,1,524100231
0.971576438924196,0.91286432037741,5,1,562321452
0.791085005202041,0.457564781794544,18,1,548542561
0.777595580202053,0.534224741526398,2,1,581000256
0.079744940986596,0.241920756563111,15,1,693421673
0.000476389261367061,0.986909065790327,10,1,819034567
0.543578412850832,0.645747908943152,12,1,389457902
0.838289984230536,0.779506668640907,15,1,785643218
0.169966084580632,0.576532104840433,6,1,450023897
0.301178616503935,0.646708242484919,9,1,894536726
0.896176352614071,0.41810708652383,18,1,548542561
0.724507467425661,0.206602510903459,17,1,450012212
0.0468262584063326,0.696114519261801,18,1,548542561
0.256960107115095,0.137291353824808,17,1,652132542
0.0842017157194466,0.372482115892014,14,1,374897109
0.0922177898702659,0.589223398079363,14,1,498710889
0.615644237374565,0.75831388113642,11,1,945678934
0.383733498353345,0.966088984191944,10,1,819034567
0.751246253950686,0.3057166866569,14,1,498710889
0.930707589656902,0.0245467091071259,14,1,498710889
0.633143892603679,0.245571413382109,14,1,498710889
0.338624003881029,0.605809342485487,1,1,457008451
0.036916788962109,0.696871557912549,6,1,450023897
0.631412858144601,0.655434146165388,8,1,609822556
0.675939842945809,0.207244579263478,16,1,785643223
0.754214975051222,0.348860110946877,9,1,894536726
0.208096396145387,0.571729276447568,13,1,198346752
0.680666982260786,0.14432909617709,7,1,785200123
0.87232036174712,0.966291515149804,15,1,693421673
0.90747856326631,0.532346244134508,12,1,389457902
0.485950103722547,0.440370359350912,12,1,389457902
0.951993258342022,0.136970948166487,1,1,457008451
0.374559726543898,0.961152594045712,14,1,498710889
0.169848342528102,0.088677595746634,4,1,455007891
0.984816596122249,0.176477645506931,8,1,609822556
0.0652463580355536,0.216738597818743,8,1,609822556
0.223541377310555,0.135987765767222,13,1,286130985
0.724286900877921,0.5454645425114,19,1,600124212
0.675878623556307,0.495920298215131,15,1,693421673
0.834688787080922,0.929897457235408,13,1,198346752
0.621570758745832,0.329164515290262,10,1,5783456902
0.823104402251651,0.002589786864581,7,1,785200123
0.972095657864422,0.0962981808645815,16,1,785643223
0.120494864513161,0.0953425897883813,8,1,609822556
0.468492420593539,0.673050710218604,12,1,389457902
0.46836785922782,0.309486320980381,0,1,671004572
0.25600562361995,0.988471318784011,13,1,198346752
0.746025483641047,0.732611619842334,11,1,945678934
0.899508952552693,0.177377224095881,16,1,785643223
0.851151034536739,0.133693853270431,18,1,548542561
0.820544758096727,0.417158785477492,11,1,486589321
0.130927482355402,0.196132672557658,19,1,600124212
0.793881058329728,0.376818566018719,12,1,256835671
0.448149026597428,0.60413741900045,8,1,609822556
0.726105625092435,0.610713126694319,8,1,568730109
0.241881876959044,0.595961522345091,6,1,450023897
0.604826685195457,0.449256273931519,9,1,894536726
0.618921518764762,0.596613240150211,13,1,286130985
0.833976801577124,0.339199281753309,12,1,389457902
0.111763688555986,0.823016478809149,17,1,652132542
0.357176190701419,0.153699240723065,5,1,562321452
0.506289816488416,0.830526462756758,11,1,945678934
0.95684766683648,0.844293349520506,3,1,775001231
0.94100779394322,0.885360827322742,12,1,389457902
0.350754143801924,0.0378615909468307,16,1,785643223
0.951747964313393,0.269158273821217,8,1,609822556
0.486088040435078,0.735801417671256,12,1,256835671
0.742322108546741,0.433084845518541,0,1,671004572
0.535910723961837,0.952116219233914,19,1,800145754
0.256402207939806,0.203444343514043,9,1,894536726
0.299764610600319,0.524886108496155,16,1,785643223
0.205132117533184,0.167541183851295,19,1,600124212
0.643802272054104,0.792481213928103,18,1,524100231
0.977738201050607,0.432727771628071,13,1,198346752
0.0691260813034305,0.49302559550674,15,1,693421673
0.198461506401414,0.593303538648985,10,1,5783456902
0.32587094750984,0.831644282935528,11,1,486589321
0.384153186358845,0.463595640714566,0,1,671004572
0.18861632445232,0.935055116582828,11,1,486589321
0.061335255279287,0.99397524365078,5,1,562321452
0.657136370194968,0.774943539294917,19,1,600124212
0.910056916450402,0.759623423327272,14,1,374897109
0.379787928419249,0.46632516240831,2,1,581000256
0.309287831096771,0.855928350419715,10,1,5783456902
0.940725110591201,0.26050258728308,8,1,609822556
0.992055307885579,0.703299075465721,16,1,785643223
0.997499430098295,0.798045954340132,10,1,819034567
0.536330431354357,0.53314456469242,4,1,455007891
0.0764627538683786,0.831947317470412,17,1,450012212
0.26215319675802,0.652733847000294,11,1,945678934
0.656243964188434,0.624626778289515,14,1,498710889
0.657834757002665,0.388040329204072,5,1,562321452
0.754042998562933,0.886110432717219,5,1,562321452
0.900313520054933,0.63238509888826,14,1,498710889
0.775032065780556,0.362214857906877,0,1,671004572
0.1031775641679,0.98172978677236,15,1,785643218
0.625427253701522,0.376506706774016,8,1,568730109
0.227611113215029,0.495500223016974,15,1,693421673
0.844950902400491,0.302411801074516,12,1,256835671
0.100985010855477,0.057747488271931,5,1,562321452
0.591255123191095,0.449415701509107,12,1,389457902
0.269478375035493,0.242237611031696,10,1,5783456902
0.132403666609246,0.274186494881322,14,1,498710889
0.375676760307339,0.390378662747708,10,1,5783456902
0.479369484615801,0.563735157987857,8,1,609822556
0.689126664034455,0.409316200574838,5,1,562321452
0.919652955808604,0.515498361541377,17,1,652132542
0.893024782161121,0.162089177332354,14,1,498710889
0.86653441611922,0.339482736267185,4,1,455007891
0.927071011840092,0.815783256665522,0,1,671004572
0.124329238054369,0.173488261734808,15,1,693421673
0.901124248285669,0.168952940067569,11,1,486589321
0.017105702086573,0.548623651568812,13,1,286130985
0.229686555918067,0.969168359995599,19,1,800145754
0.0233050883398098,0.689824835236436,13,1,198346752
0.987818603324892,0.238716460247231,11,1,945678934
0.472413826686221,0.928857837275996,1,1,457008451
0.0176376716676716,0.0704521276069885,13,1,286130985
0.574082567423253,0.836915757669132,8,1,609822556
0.476132182237219,0.585718453772241,9,1,894536726
0.788606049012206,0.467193454454844,0,1,671004572
0.879759751741901,0.417220669162117,6,1,450023897
0.0564947383400574,0.390694761343894,15,1,785643218
0.732762790312873,0.813797587680672,6,1,450023897
0.184177158694732,0.665184617174539,10,1,5783456902
0.555046301119115,0.688619231878755,10,1,819034567
0.822168940540508,0.215906913270494,13,1,198346752
0.58766677254315,0.81214808957401,18,1,548542561
0.828987645927471,0.273250607512171,14,1,374897109
0.934140293410793,0.747345049602542,4,1,455007891
0.410461981059342,0.220685815349912,8,1,609822556
0.850590410718417,0.530657193238742,16,1,785643223
0.958721168711494,0.780583280002506,14,1,498710889
0.70126440320358,0.461453646542015,1,1,457008451
0.593963218633508,0.662417721259793,19,1,600124212
0.159098931950081,0.402303999922879,16,1,785643223
0.433675794658082,0.956475257694852,16,1,785643223
0.881998909505028,0.654359349532045,6,1,450023897
0.54507181606185,0.0307260427390428,18,1,548542561
0.291548543433825,0.462784886132736,12,1,256835671
0.240352394339157,0.575775057100289,4,1,455007891
0.917487719233304,0.512438590529657,15,1,785643218
0.126256317349994,0.458813767192735,16,1,785643223
0.778182033538487,0.482218566091327,3,1,775001231
0.46961098158561,0.71055535420884,18,1,524100231
0.247552778108242,0.434784100889682,1,1,457008451
0.170096537303998,0.116275196809586,19,1,600124212
0.041396290413112,0.553850195547464,10,1,819034567
0.357227475796344,0.155964563878798,14,1,498710889
0.472155010039093,0.934395804462198,7,1,785200123
0.746259639244226,0.911558667934402,0,1,671004572
0.0422513548802073,0.511451538934421,9,1,978045321
0.736622881939332,0.156455691495449,8,1,609822556
0.357609245009689,0.042419874648556,16,1,785643223
0.468978262973972,0.76658079166726,7,1,785200123
0.522609020629184,0.0571095300368265,9,1,894536726
0.744616130313912,0.682965323032839,19,1,800145754
0.338236774822833,0.633042684300207,10,1,5783456902
0.2976833967872,0.679789532541783,5,1,562321452
0.116697120921404,0.856685040016486,13,1,286130985
0.364380975932663,0.69216761192547,9,1,978045321
0.612435957592829,0.931367663507962,19,1,800145754
0.535355449130896,0.179391391432879,9,1,894536726
0.810777736665219,0.441298762444377,10,1,5783456902
0.171700201250355,0.991447200043133,18,1,524100231
0.859604609897835,0.692226964011921,11,1,945678934
0.577289608820512,0.776111531162645,16,1,785643223
0.200566451329827,0.754570476356504,15,1,693421673
0.977585968849138,0.301235080917602,12,1,256835671
0.759641536334949,0.445372137494552,12,1,256835671
0.945421243492773,0.766357324401001,8,1,568730109
0.686848203221031,0.0143974169951311,19,1,600124212
0.0877131582042017,0.504654061905836,12,1,389457902
0.009884453516303,0.885397415321449,4,1,455007891
0.303369289819523,0.071524556065702,0,1,671004572
0.219835396249782,0.984128171150927,13,1,198346752
0.088872386476156,0.297560241150076,2,1,581000256
0.240831806658311,0.982147726426252,19,1,600124212
0.932863122424808,0.366961762978918,19,1,800145754
0.371802192254026,0.835977986698174,12,1,256835671
0.002850271725589,0.39350788206202,2,1,581000256
0.12374924934849,0.655941601566638,16,1,785643223
0.316524068258842,0.21600186122014,9,1,894536726
0.950793367559351,0.540933205996816,3,1,775001231
0.373017799988545,0.699073869681584,5,1,562321452
0.78306623675285,0.708234395735976,2,1,581000256
0.0985948385542734,0.552437465056585,13,1,198346752
0.744257500235347,0.178643786071676,8,1,609822556
0.926945853917462,0.910920040212031,17,1,652132542
0.798354215984638,0.165623634070243,7,1,785200123
0.122872416761967,0.103025293140193,13,1,198346752
0.797900386611329,0.075813659214945,9,1,894536726
0.523815215585429,0.499926406632715,14,1,498710889
0.572047205668736,0.203217043108652,7,1,785200123
0.663087283156047,0.078992758349978,4,1,455007891
0.548528919312741,0.172370619162463,19,1,600124212
0.71741396843292,0.954411094426196,6,1,450023897
0.100116360334171,0.0351091908138921,9,1,978045321
0.167570474139483,0.587962954934119,12,1,256835671
0.920943098955225,0.362644204790005,0,1,671004572
0.267640592603129,0.52774533540001,7,1,785200123
0.0881214109973518,0.932841659946019,19,1,800145754
0.365724524528692,0.243833182728149,2,1,581000256
0.982689490274846,0.509174422343603,0,1,671004572
0.302486789377942,0.0351059277530639,8,1,609822556
0.870679206736739,0.195877205330771,17,1,652132542
0.25990955425458,0.616226802729862,12,1,389457902
0.440545363278185,0.852596266100787,18,1,548542561
0.825280596921978,0.278820292884951,13,1,286130985
0.869314599314305,0.558969749964629,11,1,486589321
0.90192922979314,0.875499404971738,11,1,486589321
0.478199807324747,0.717918574738547,13,1,198346752
0.830300049500639,0.159798323423137,15,1,785643218
0.858360329487494,0.725149854154192,3,1,775001231
0.695531061030803,0.274945532635559,18,1,524100231
0.520906747740602,0.774236568221089,15,1,693421673
0.663329013035146,0.61790819684559,5,1,562321452
0.662482933031813,0.158117062174747,9,1,894536726
0.068132051394398,0.722139603734842,5,1,562321452
0.617864426493003,0.910986901219064,17,1,652132542
0.654524149411198,0.656627947329512,12,1,256835671
0.276163721400574,0.216850374912548,11,1,945678934
0.223941256269237,0.739938857997877,5,1,562321452
0.97945052550584,0.100709533364243,11,1,486589321
0.986013810472903,0.0409598917072769,17,1,652132542
0.903405000228975,0.792424563215406,1,1,457008451
0.256507688781878,0.966905394970158,8,1,568730109
0.627297464866117,0.8788127335063,1,1,457008451
0.631414387544598,0.523608670627498,4,1,455007891
0.221017288133164,0.309991533822202,1,1,457008451
0.601970243438733,0.758988319582701,8,1,568730109
0.864248643040436,0.999581125256289,18,1,524100231
0.106435739941978,0.57027548133513,14,1,374897109
0.768886385635722,0.894576866802403,14,1,498710889
0.862800438518657,0.488710112476294,14,1,498710889
0.294761146315467,0.286350773717901,18,1,524100231
0.897019540555688,0.968053327473496,1,1,457008451
0.125835983296923,0.715055809869086,17,1,652132542
0.187606974535639,0.719935325753837,13,1,286130985
0.478386932475076,0.142298143819781,3,1,775001231
0.679011922856308,0.629866742076472,6,1,450023897
0.445265276229013,0.58824904453033,4,1,455007891
0.206652862981801,0.137812245382306,10,1,819034567
0.714038322716763,0.461649013870011,9,1,978045321
0.735229665373052,0.247433682494678,19,1,600124212
0.0690640267123321,0.188557720697579,10,1,5783456902
0.697109345224303,0.74814543494683,17,1,450012212
0.793997550345226,0.138002715757431,14,1,498710889
0.762806775631435,0.19951880191461,12,1,389457902
0.877216613552499,0.856407806467987,16,1,785643223
0.488525876475179,0.941230188129546,17,1,652132542
0.638330116394302,0.371604506582293,17,1,652132542
0.308640670746483,0.205977295755947,14,1,374897109
0.109927088757708,0.372036570556996,16,1,785643223
0.354452931692041,0.599218084473605,8,1,609822556
0.147578231664267,0.681465531209511,14,1,374897109
0.868234164216493,0.164333380132713,10,1,819034567
0.140922728723329,0.311757824115842,5,1,562321452
0.766548189920969,0.826450162474647,4,1,455007891
0.619576605692466,0.874725861727096,17,1,652132542
0.432151921756108,0.89535836318374,12,1,256835671
0.618471054644311,0.956584856114954,5,1,562321452
0.461502496842819,0.568913860108332,15,1,693421673
0.907674283151852,0.791408402250703,10,1,819034567
0.0583244563291956,0.310936337175619,17,1,450012212
0.402484977351695,0.445365690906019,14,1,498710889
0.103000291488981,0.513569063388476,10,1,5783456902
0.456823427030516,0.434174409019442,2,1,581000256
0.458001991424559,0.0492798131956733,13,1,198346752
0.0261599765298004,0.497869566754103,11,1,945678934
0.116495928386123,0.393592596964226,7,1,785200123
0.608204450026014,0.618588459497493,11,1,486589321
0.303881009562959,0.729624772213189,19,1,800145754
0.469943235224355,0.512027607609651,16,1,785643223
0.123109276298909,0.87483135561528,17,1,450012212
0.369440760318591,0.891238791820461,8,1,568730109
0.0581712022377356,0.422283454294722,10,1,819034567
0.17342090953417,0.94614484818484,16,1,785643223
0.392318279022908,0.792794032793381,1,1,457008451
0.906296270120745,0.90034829794982,16,1,785643223
0.224738421047347,0.058798349164374,4,1,455007891
0.618884347056328,0.788706205206296,9,1,894536726
0.58918734233547,0.935823167193294,7,1,785200123
0.373780498279284,0.611359120924057,16,1,785643223
