0.865935636652813,0.143762528699181,0,1,671004572
0.12980418301167,0.088929797893535,0,1,671004572
0.061801486824636,0.552047074067644,0,1,671004572
0.099116455214686,0.848172019260837,0,1,671004572
0.20570390723589,0.624722465632105,0,1,671004572
0.164028974259382,0.038167963920294,0,1,671004572
0.61983409749181,0.079610680955383,0,1,671004572
0.011324217122891,0.71847239966481,0,1,671004572
0.344461180776512,0.271178427937514,0,1,671004572
0.679169150233846,0.191223430741136,0,1,671004572
0.191592100144425,0.381792419765995,0,1,671004572
0.940152001775472,0.981296832913215,0,1,671004572
0.543696404804164,0.210494581806471,0,1,671004572
0.074784530965709,0.407647780821232,0,1,671004572
0.667057346464578,0.441407887791691,0,1,671004572
0.860207737177882,0.671407822707594,0,1,671004572
0.177475410998072,0.931109520974205,0,1,671004572
0.10762750700023,0.309155999893746,0,1,671004572
0.695464116086839,0.992785710573213,0,1,671004572
0.622045571545376,0.063885043959955,0,1,671004572
0.658741862850935,0.874707970961486,0,1,671004572
0.029141099470774,0.711535063683138,0,1,671004572
0.721738121835287,0.631547891941216,0,1,671004572
0.516696168915683,0.14756826504183,0,1,671004572
0.164995785940689,0.369273829793661,0,1,671004572
0.171748252311541,0.085910521118515,0,1,671004572
0.261765967764525,0.407849469684304,0,1,671004572
0.259691731548651,0.051686521122707,0,1,671004572
0.604755545068136,0.250680734021079,0,1,671004572
0.487839052538408,0.959527163209239,0,1,671004572
0.982901425314082,0.375734166718989,0,1,671004572
0.023491977517839,0.460829398664748,0,1,671004572
0.516210119720193,0.77047655120622,0,1,671004572
0.795361818292852,0.416200034393106,0,1,671004572
0.406114926413166,0.82126179258901,0,1,671004572
0.397216947996414,0.303416950517031,0,1,671004572
0.839467221741625,0.637517950448356,0,1,671004572
0.733924623917978,0.106592270410085,0,1,671004572
0.29619221416206,0.14206392870712,0,1,671004572
0.402593625150973,0.248824332644207,0,1,671004572
0.753804054520968,0.291111265846537,0,1,671004572
0.685313104904044,0.428475728939288,0,1,671004572
0.056388587180059,0.600984166256818,0,1,671004572
0.945021765759073,0.798317585075285,0,1,671004572
0.02132674186124,0.75331606524206,0,1,671004572
0.16233125353356,0.78713074058997,0,1,671004572
0.693945088028151,0.426458975681719,0,1,671004572
0.328665938914664,0.004956521447547,0,1,671004572
0.528444622344099,0.65806740817321,0,1,671004572
0.419871010810453,0.096041445673106,0,1,671004572
0.172872542805119,0.982295573537601,0,1,671004572
0.71447938900405,0.10762136579815,0,1,671004572
0.966565832238844,0.304773391647952,0,1,671004572
0.292117209041163,0.928042649463612,0,1,671004572
0.220410092897921,0.979502977393516,0,1,671004572
0.650066630360179,0.614318959417396,0,1,671004572
0.843420201401554,0.834043945315602,0,1,671004572
0.509794050631787,0.977074519818701,0,1,671004572
0.903564267546049,0.952832681612229,0,1,671004572
0.050290327722674,0.619925213669111,0,1,671004572
0.266416026776782,0.873207094663574,0,1,671004572
0.0013592676872,0.740701737865267,0,1,671004572
0.542134783715308,0.474684779617934,0,1,671004572
0.257529272053848,0.393519624141542,0,1,671004572
0.189436591484926,0.2492693914277,0,1,671004572
0.932052304438463,0.583552702915496,0,1,671004572
0.774633501920324,0.829036390164603,0,1,671004572
0.060493400718885,0.520468559287124,0,1,671004572
0.064483016459418,0.616976111444002,0,1,671004572
0.484702838447796,0.591835588588094,0,1,671004572
0.843502612732525,0.118048071651876,0,1,671004572
0.800502291600835,0.134413116562776,0,1,671004572
0.089569454177891,0.099628015988014,0,1,671004572
0.636205587736662,0.879087395186714,0,1,671004572
0.416038519865792,0.024004702022242,0,1,671004572
0.944133057806844,0.024318207075011,0,1,671004572
0.494277114593928,0.290310627006775,0,1,671004572
0.433568218975136,0.253311908693894,0,1,671004572
0.50742741262014,0.699247320399713,0,1,671004572
0.751144437614726,0.651738728796746,0,1,671004572
0.554372991252503,0.211192328001874,0,1,671004572
0.523437864293844,0.405663270225625,0,1,671004572
0.322298971223897,0.506751640593921,0,1,671004572
0.916582730644816,0.36345940740372,0,1,671004572
0.276900053367206,0.078547665651758,0,1,671004572
0.939013218318853,0.030831192964719,0,1,671004572
0.081204339415759,0.584009963597862,0,1,671004572
0.315976307850984,0.33466445537004,0,1,671004572
0.947144719688311,0.971161798853235,0,1,671004572
0.398247924156459,0.539283912019928,0,1,671004572
0.148424725850807,0.452872579182809,0,1,671004572
0.232524651789561,0.027793099379539,0,1,671004572
0.978888029762474,0.749772835348831,0,1,671004572
0.61725186975097,0.271525582231811,0,1,671004572
0.027516820825925,0.148004750419266,0,1,671004572
0.695188289681583,0.202237596079049,0,1,671004572
0.75934676799738,0.825207756750767,0,1,671004572
0.392796319409278,0.374523829392682,0,1,671004572
0.041001173841875,0.586615810811764,0,1,671004572
0.80658586629978,0.760039570163434,0,1,671004572
0.430210844373424,0.622868575270692,0,1,671004572
0.457829494464717,0.750464058142931,0,1,671004572
0.760600023971269,0.152116415722276,0,1,671004572
0.189604622338152,0.96274134697255,0,1,671004572
0.796183090358189,0.841224743340863,0,1,671004572
0.363908505522278,0.737986751002278,0,1,671004572
0.504430631692137,0.714360276604393,0,1,671004572
0.931630398635682,0.804548180645207,0,1,671004572
0.802427617403617,0.851968332776079,0,1,671004572
0.89445407889432,0.43606374340006,0,1,671004572
0.467560373188352,0.559126620888719,0,1,671004572
0.655303707583525,0.576957804141125,0,1,671004572
0.272333291462408,0.839487848199838,0,1,671004572
0.762734329846119,0.830670104043876,0,1,671004572
0.302330040657362,0.949499624085226,0,1,671004572
0.594707746218051,0.910013507649783,0,1,671004572
0.84699834424367,0.527317288241586,0,1,671004572
0.598483719786613,0.134407553336637,0,1,671004572
0.214851333955024,0.291801094195931,0,1,671004572
0.805894869977351,0.825337045037275,0,1,671004572
0.317842384071715,0.589216505493046,0,1,671004572
0.477063621387034,0.999235788411021,0,1,671004572
0.894084949865079,0.128732513442626,0,1,671004572
0.890657707097376,0.586097567399482,0,1,671004572
0.793752117640666,0.092539173256668,0,1,671004572
0.495070502102899,0.512468072174465,0,1,671004572
0.839905559796859,0.432382993074476,0,1,671004572
0.862451067546877,0.379072712009335,0,1,671004572
0.394167008275868,0.571544492030607,0,1,671004572
0.146298172433806,0.136187134558745,0,1,671004572
0.906559702219186,0.919759074896881,0,1,671004572
0.033371206456926,0.113958485310728,0,1,671004572
0.409511204346509,0.578309293940534,0,1,671004572
0.501960444672635,0.000237706114354,0,1,671004572
0.127923201008977,0.363492689417252,0,1,671004572
0.05109808185412,0.875083613761437,0,1,671004572
0.120377777175925,0.808896074565667,0,1,671004572
0.449079940673444,0.208952171728004,0,1,671004572
0.140963905054543,0.120383777943801,0,1,671004572
0.464707680743316,0.81068524704676,0,1,671004572
0.716871728753872,0.152433990348938,0,1,671004572
0.490949968084346,0.071765031304098,0,1,671004572
0.773816486951972,0.350433508553391,0,1,671004572
0.448259852183312,0.494901650213343,0,1,671004572
0.009517950158267,0.260768477698553,0,1,671004572
0.863575330234558,0.417873154377399,0,1,671004572
0.6148751184863,0.649024436802341,0,1,671004572
0.561068505334498,0.047638731991996,0,1,671004572
0.873140330220365,0.486336122188926,0,1,671004572
0.971998266415572,0.405097418640197,0,1,671004572
0.629310574471365,0.064904010482826,0,1,671004572
0.673560110310788,0.547466083111868,0,1,671004572
0.615118307099568,0.285920709639725,0,1,671004572
0.400416050847307,0.483102324470433,0,1,671004572
0.139417813608044,0.726627448923788,0,1,671004572
0.437626741416658,0.522699155807947,0,1,671004572
0.709427203862882,0.437947020425796,0,1,671004572
0.999996231002377,0.421129898150395,0,1,671004572
0.7352005357807,0.550116373787264,0,1,671004572
0.930380189197476,0.555823861821278,0,1,671004572
0.587868305459088,0.670968425456557,0,1,671004572
0.808295936721754,0.560403842563085,0,1,671004572
0.931598593088182,0.749989393222395,0,1,671004572
0.350213060508992,0.286419452684081,0,1,671004572
0.429895413063397,0.551004495000347,0,1,671004572
0.804191427059506,0.701360374715765,0,1,671004572
0.638764850886755,0.127321008877446,0,1,671004572
0.894073236571961,0.347736443876883,0,1,671004572
0.142443483005396,0.725385148178911,0,1,671004572
0.75222412002537,0.28586210375853,0,1,671004572
0.761797607109319,0.356484786861779,0,1,671004572
0.194858092505523,0.022085275286489,0,1,671004572
0.971166332125189,0.8707572041302,0,1,671004572
0.640269428625,0.784550904559686,0,1,671004572
0.496334830862134,0.743737512335393,0,1,671004572
0.947834453424535,0.650192626014123,0,1,671004572
0.434489024221132,0.942909855214092,0,1,671004572
0.464434491904501,0.449496252264497,0,1,671004572
0.13641633601401,0.180200097454628,0,1,671004572
0.604990817254342,0.079680919500344,0,1,671004572
0.521881509652138,0.576075288337672,0,1,671004572
0.365091340465908,0.842295308175193,0,1,671004572
0.461020530758805,0.261891820790608,0,1,671004572
0.266227796996465,0.687827795455052,0,1,671004572
0.347759780958448,0.72936057989389,0,1,671004572
0.367951354192211,0.797780812596875,0,1,671004572
0.015681449084216,0.799474047928627,0,1,671004572
0.146293364752722,0.763761658253896,0,1,671004572
0.7024206024738,0.927967187247793,0,1,671004572
0.234087633604988,0.733493156943608,0,1,671004572
0.855592846688778,0.19035960158314,0,1,671004572
0.246368798087217,0.28524934068191,0,1,671004572
0.191416307760878,0.69685437833099,0,1,671004572
0.172811328857754,0.465072877013824,0,1,671004572
0.566605104532936,0.375844176805694,0,1,671004572
0.109211963187789,0.375232417368788,0,1,671004572
0.90477565578775,0.034502691310538,0,1,671004572
0.421308167808489,0.937729813069489,0,1,671004572
0.630521730016688,0.355915917466417,0,1,671004572
0.786763693845287,0.973268333456497,0,1,671004572
0.807477291831246,0.024433683936519,0,1,671004572
0.944941577351722,0.533945200979876,0,1,671004572
0.451101266024903,0.48439954213582,0,1,671004572
0.399124131680301,0.507032473061707,0,1,671004572
0.292581677365114,0.932142399810639,0,1,671004572
0.762128482991448,0.867562843206854,0,1,671004572
0.607170943347378,0.01709109829461,0,1,671004572
0.913804734481626,0.5990375342394,0,1,671004572
0.588428206282252,0.385098610014434,0,1,671004572
0.647694158483529,0.224425780354736,0,1,671004572
0.149258594519904,0.635539814954675,0,1,671004572
0.02416234869952,0.093726536175835,0,1,671004572
0.961303334455959,0.483473190284179,0,1,671004572
0.218612366991033,0.059714619512168,0,1,671004572
0.006148739910308,0.919133020860216,0,1,671004572
0.255921894873646,0.940095475139924,0,1,671004572
0.904986194120335,0.939245803929814,0,1,671004572
0.656036815403865,0.212143619734139,0,1,671004572
0.8177692672382,0.988140620703941,0,1,671004572
0.680693518146357,0.715002096482232,0,1,671004572
0.758578004362522,0.591350153827414,0,1,671004572
0.567530647553911,0.74517120498165,0,1,671004572
0.760814995331991,0.79037534239644,0,1,671004572
0.86539064088253,0.822316970574016,0,1,671004572
0.444021220215688,0.894513308958659,0,1,671004572
0.743399752107864,0.575380654689854,0,1,671004572
0.183514208035792,0.754124897646384,0,1,671004572
0.936455179328519,0.653073004699388,0,1,671004572
0.264715066921569,0.229444690823997,0,1,671004572
0.811036275592836,0.298187545424624,0,1,671004572
0.115944590630793,0.780012335944883,0,1,671004572
0.011546889971905,0.337279619783388,0,1,671004572
0.579153409284409,0.990477683213269,0,1,671004572
0.91638678607319,0.399082401500663,0,1,671004572
0.470895329779835,0.8394608093477,0,1,671004572
0.372779496807297,0.906445968394858,0,1,671004572
0.155882533049766,0.742852856092742,0,1,671004572
0.392263052251746,0.24318550925498,0,1,671004572
0.639975682638278,0.066637586117242,0,1,671004572
0.751841663359765,0.032041488719195,0,1,671004572
0.170684295857803,0.286089320866984,0,1,671004572
0.587699097000855,0.568159613175474,0,1,671004572
0.1490109339004,0.238288249304046,0,1,671004572
0.035459874601321,0.302697120318715,0,1,671004572
0.627287397771035,0.042940707760935,0,1,671004572
0.904333468415009,0.624876318180061,0,1,671004572
0.169888703693391,0.09265885437901,0,1,671004572
0.459391074288332,0.816784184145729,0,1,671004572
0.081249976658483,0.905454043019789,0,1,671004572
0.004387944842621,0.462442113809321,0,1,671004572
0.264400309923744,0.305051296485398,0,1,671004572
0.106958728641402,0.781147307121433,0,1,671004572
0.263266866385561,0.348732537489127,0,1,671004572
0.988677601948342,0.324813546760334,0,1,671004572
0.363291359388198,0.657768977793482,0,1,671004572
0.814388157032294,0.230015631854257,0,1,671004572
0.977440231149886,0.322103329194442,0,1,671004572
0.358373213487456,0.747668494040712,0,1,671004572
0.92847894425144,0.348795559588028,0,1,671004572
0.799347655174758,0.086748401601203,0,1,671004572
0.653419770840381,0.70284603626165,0,1,671004572
0.201922431195453,0.703190187502589,0,1,671004572
0.802341513970672,0.349362605138804,0,1,671004572
0.579101224785678,0.041071342126587,0,1,671004572
0.181318830132726,0.347638844512811,0,1,671004572
0.298535745886379,0.390419943887028,0,1,671004572
0.497987705088718,0.970562906606202,0,1,671004572
0.99467945756513,0.964460072122751,0,1,671004572
0.90831267325376,0.02687787431994,0,1,671004572
0.079643801822924,0.518835243687999,0,1,671004572
0.934410623658882,0.049165264779251,0,1,671004572
0.407474797243714,0.836326539164061,0,1,671004572
0.925825070863376,0.777026573402888,0,1,671004572
0.639732148408231,0.182808837294923,0,1,671004572
0.870433408237808,0.41278725412779,0,1,671004572
0.384667168752189,0.403665167344176,0,1,671004572
0.026209572745214,0.456150977011702,0,1,671004572
0.237959442468845,0.674605722888602,0,1,671004572
0.541352635264785,0.534582181550323,0,1,671004572
0.439886652747201,0.04681457200688,0,1,671004572
0.957831664908768,0.537797306507981,0,1,671004572
0.981965967489746,0.8335738012094,0,1,671004572
0.252185819446832,0.537596391319742,0,1,671004572
0.645519142394075,0.573991252048966,0,1,671004572
0.857457953826196,0.428368142666392,0,1,671004572
0.635278103091286,0.779184656791735,0,1,671004572
0.931428952569833,0.958953370477567,0,1,671004572
0.183061206155027,0.917251584592044,0,1,671004572
0.988858881880274,0.843153309434741,0,1,671004572
0.739715171524692,0.125580859379604,0,1,671004572
0.899230787840451,0.934020486803941,0,1,671004572
0.14793068207965,0.95253827173146,0,1,671004572
0.166530945383421,0.02617184603481,0,1,671004572
0.49420522579856,0.025285482608559,0,1,671004572
0.35388971632156,0.710715148890164,0,1,671004572
0.175139011279188,0.916467452400462,0,1,671004572
0.493444867090164,0.848981240395234,0,1,671004572
0.081415617617115,0.639730971276335,0,1,671004572
0.33057969669677,0.654106332199687,0,1,671004572
0.702231620014605,0.142512785520009,0,1,671004572
0.291725865926334,0.073610219842247,0,1,671004572
0.383604678774673,0.884262614703311,0,1,671004572
0.136211435104041,0.151467612443865,0,1,671004572
0.935902663553782,0.089242903736871,0,1,671004572
0.35517228959285,0.314771368897142,0,1,671004572
0.279101106695717,0.545273750054399,0,1,671004572
0.514335119811805,0.077938313260045,0,1,671004572
0.838690284765654,0.883268059632675,0,1,671004572
0.902518924130714,0.486509534830119,0,1,671004572
0.960816739564503,0.11712828839968,0,1,671004572
0.043990765916544,0.732948604044492,0,1,671004572
0.702158782562999,0.849552892697771,0,1,671004572
0.860351134346394,0.768442983723368,0,1,671004572
0.968199453294661,0.9565273372081,0,1,671004572
0.526412765407882,0.40756526668644,0,1,671004572
0.122973746304139,0.751750699368308,0,1,671004572
0.354576201338273,0.376752589690248,0,1,671004572
0.87403229046578,0.601975668513722,0,1,671004572
0.363494496614464,0.992913825494725,0,1,671004572
0.448276499111224,0.715216350487251,0,1,671004572
0.539357929066928,0.675076161564406,0,1,671004572
0.817484860573448,0.356004754294801,0,1,671004572
0.181919595827276,0.289833826118534,0,1,671004572
0.006764226590304,0.0553533949499,0,1,671004572
0.142420953265183,0.410463629289974,0,1,671004572
0.32482353150169,0.47780821516272,0,1,671004572
0.206865901575855,0.929923173820549,0,1,671004572
0.691881843338209,0.483952039409232,0,1,671004572
0.355630981092876,0.109549590829667,0,1,671004572
0.109186608026439,0.583946262340004,0,1,671004572
0.139188353979077,0.068127847517444,0,1,671004572
0.713531876863934,0.416173997287059,0,1,671004572
0.949757029753816,0.920099366504987,0,1,671004572
0.790830592575907,0.104775209992475,0,1,671004572
0.539987299230241,0.257033384233762,0,1,671004572
0.584708756585629,0.350840695800625,0,1,671004572
0.742322108546741,0.433084845518541,0,1,671004572
0.729253925222165,0.894258198310505,0,1,671004572
0.976468116559676,0.163014174712633,0,1,671004572
0.659463645969881,0.546680752294254,0,1,671004572
0.797448598832243,0.270446338627899,0,1,671004572
0.408604558900111,0.340813703593309,0,1,671004572
0.432998803999107,0.034396987181117,0,1,671004572
0.788606049012206,0.467193454454844,0,1,671004572
0.986604366605543,0.473696773875057,0,1,671004572
0.067777133528798,0.576857804367906,0,1,671004572
0.741271328532294,0.081794752563042,0,1,671004572
0.909548545192256,0.716783880029327,0,1,671004572
0.78915619743322,0.978524412088034,0,1,671004572
0.516606797935285,0.634696519026359,0,1,671004572
0.033473429110261,0.180767288907448,0,1,671004572
0.636700772343958,0.440826532183915,0,1,671004572
0.461636312772285,0.710550277497634,0,1,671004572
0.329565033474053,0.646424563992526,0,1,671004572
0.472376849478959,0.556964677950539,0,1,671004572
0.168819048826996,0.412313267684299,0,1,671004572
0.954628892705826,0.087396666450426,0,1,671004572
0.858364490989249,0.435486646736275,0,1,671004572
0.762248294416921,0.363909889622861,0,1,671004572
0.079717776791588,0.277742088562804,0,1,671004572
0.206182207651437,0.962223071121982,0,1,671004572
0.754878560091251,0.097557635195791,0,1,671004572
0.194489496112691,0.313576866608522,0,1,671004572
0.808748876361946,0.684902686210381,0,1,671004572
0.690652889195878,0.293885396923716,0,1,671004572
0.945782302415196,0.418397829684656,0,1,671004572
0.231912334102283,0.769920210282744,0,1,671004572
0.91745562349836,0.265215465021635,0,1,671004572
0.351888769626615,0.07887513088231,0,1,671004572
0.250320654097492,0.226339567085614,0,1,671004572
0.885555700970269,0.965512762090954,0,1,671004572
0.428806895494144,0.693279837673209,0,1,671004572
0.299656112508551,0.330194481246102,0,1,671004572
0.082610476983881,0.027061405759438,0,1,671004572
0.387949945476037,0.251447437762543,0,1,671004572
0.81541851724234,0.296288452108515,0,1,671004572
0.898217939548067,0.138323869925953,0,1,671004572
0.929882430860311,0.518306262531858,0,1,671004572
0.916735369241978,0.540659302948689,0,1,671004572
0.453167317347657,0.93596309015506,0,1,671004572
0.125969283543258,0.099437850179019,0,1,671004572
0.548069089757976,0.832199414910821,0,1,671004572
0.372541078051728,0.354824568052342,0,1,671004572
0.606604788384216,0.135669099013024,0,1,671004572
0.335036035409595,0.646025972703983,0,1,671004572
0.066145565196441,0.602823194382472,0,1,671004572
0.465030090200515,0.134992185365973,0,1,671004572
0.262576191342558,0.6753641178931,0,1,671004572
0.789743162925827,0.065074471390491,0,1,671004572
0.440628590029625,0.206703918859673,0,1,671004572
0.611017546838116,0.726104897648518,0,1,671004572
0.378451395069489,0.127037536359145,0,1,671004572
0.612859110750379,0.238965388748905,0,1,671004572
0.951640914354422,0.773867927384353,0,1,671004572
0.398567576569194,0.195565428707715,0,1,671004572
0.361374043252837,0.053297020348358,0,1,671004572
0.018522002890879,0.394249213428786,0,1,671004572
0.681946497760169,0.817122615334792,0,1,671004572
0.620975651800935,0.396004553360556,0,1,671004572
0.844934721356504,0.841758147543769,0,1,671004572
0.960754539133451,0.39344731457609,0,1,671004572
0.170363446236275,0.57721877444559,0,1,671004572
0.134542309477712,0.93240699810836,0,1,671004572
0.079674947025904,0.397893599830463,0,1,671004572
0.576473288570792,0.355040312492721,0,1,671004572
0.680960468588872,0.431550694684966,0,1,671004572
0.044044798021239,0.443751425611464,0,1,671004572
0.503827768127867,0.168998006664378,0,1,671004572
0.05189893645954,0.636798886415261,0,1,671004572
0.779443346198381,0.96404981820708,0,1,671004572
0.969812485863009,0.359320968390099,0,1,671004572
0.310701620581741,0.221924834931053,0,1,671004572
0.791273716537187,0.4676128981062,0,1,671004572
0.158137570948464,0.543928886711762,0,1,671004572
0.400312749849687,0.539840274263789,0,1,671004572
0.079113341904496,0.347251471277208,0,1,671004572
0.0167921752471,0.762975622647125,0,1,671004572
0.900973414190266,0.510932081856689,0,1,671004572
0.384153186358845,0.463595640714566,0,1,671004572
0.78327691067016,0.412528736030363,0,1,671004572
0.178651492551321,0.9092787341592,0,1,671004572
0.629879782738075,0.31474791378989,0,1,671004572
0.065406751646966,0.867694088927626,0,1,671004572
0.748553770553503,0.4372711907562,0,1,671004572
0.804127841055845,0.552074606872388,0,1,671004572
0.223992774583038,0.206241020549296,0,1,671004572
0.816165771124684,0.00461808135458,0,1,671004572
0.369471510323964,0.11234433700784,0,1,671004572
0.664584732456558,0.673462361579719,0,1,671004572
0.053085744806465,0.3281589404932,0,1,671004572
0.970231208014342,0.924231741003519,0,1,671004572
0.656416631799865,0.736405120470822,0,1,671004572
0.389319795777635,0.493753465389407,0,1,671004572
0.916626623015996,0.302970296179841,0,1,671004572
0.411843585570242,0.441394955926071,0,1,671004572
0.927407961062086,0.792051949816645,0,1,671004572
0.905156226983223,0.982573441470997,0,1,671004572
0.129868853201939,0.665490548717536,0,1,671004572
0.523361439226614,0.699341860405027,0,1,671004572
0.211356889422644,0.634340145279774,0,1,671004572
0.330685063861562,0.014555936292597,0,1,671004572
0.448382539252622,0.737951649244834,0,1,671004572
0.245793908920514,0.488979413211033,0,1,671004572
0.179220708874707,0.014319778779603,0,1,671004572
0.204064488509469,0.454785216757633,0,1,671004572
0.772431444319783,0.795171709309235,0,1,671004572
0.25609366832965,0.734262929510382,0,1,671004572
0.669455191266602,0.410251470424986,0,1,671004572
0.173282870109885,0.709143516101545,0,1,671004572
0.822602747647783,0.617481173266147,0,1,671004572
0.515116078566016,0.803804368748785,0,1,671004572
0.124172757882719,0.389156663638588,0,1,671004572
0.527790908414795,0.524719382913239,0,1,671004572
0.228095289014063,0.779061308992796,0,1,671004572
0.69015141126586,0.558869735904259,0,1,671004572
0.502412485531408,0.471358755851941,0,1,671004572
0.200410134518613,0.075433385086498,0,1,671004572
0.719072824415027,0.269351835314901,0,1,671004572
0.205935901956978,0.297922076436837,0,1,671004572
0.486928213866409,0.220671078017227,0,1,671004572
0.118423241093049,0.618037166603961,0,1,671004572
0.364488492531328,0.295183509891422,0,1,671004572
0.928048009257298,0.007865923139349,0,1,671004572
0.050900843579709,0.532888166941916,0,1,671004572
0.03275295477616,0.253642603839653,0,1,671004572
0.046786620725991,0.361292086173237,0,1,671004572
0.732596378393218,0.582149816778003,0,1,671004572
0.700981321160354,0.345236480154462,0,1,671004572
0.204135422075508,0.579936649500752,0,1,671004572
0.614888375583134,0.976869813358354,0,1,671004572
0.466105355600437,0.915882885386886,0,1,671004572
0.96307046691235,0.239440796141513,0,1,671004572
0.575194560707809,0.269238648147457,0,1,671004572
0.406867274982032,0.58581089541011,0,1,671004572
0.049504618950985,0.038121873137119,0,1,671004572
0.927241657638435,0.661062740237484,0,1,671004572
0.30732347439486,0.857556225501714,0,1,671004572
0.083720820845112,0.568306986203384,0,1,671004572
0.730129032939476,0.691484879316262,0,1,671004572
0.918213124179884,0.727767313928485,0,1,671004572
0.811279330884061,0.279795887283167,0,1,671004572
0.965644753842356,0.411449010205433,0,1,671004572
0.735634971997369,0.019247863062586,0,1,671004572
0.60777553994301,0.849174069017151,0,1,671004572
0.650397763960427,0.936284601146419,0,1,671004572
0.312215794309954,0.39649157202088,0,1,671004572
0.833739540643194,0.270080479863597,0,1,671004572
0.135581668053088,0.6309489012679,0,1,671004572
0.945333266273625,0.32575874332714,0,1,671004572
0.237889452622047,0.400436326163851,0,1,671004572
0.551688525655605,0.680577193704742,0,1,671004572
0.05470382522277,0.785792933615809,0,1,671004572
0.159231551790545,0.529976661219383,0,1,671004572
0.204219019142564,0.659590294715316,0,1,671004572
0.059359917759163,0.945740119118949,0,1,671004572
0.168365892722804,0.023984441206909,0,1,671004572
0.392240511159133,0.085110764105038,0,1,671004572
0.280201981719886,0.592755660690801,0,1,671004572
0.969908711549812,0.937569797793263,0,1,671004572
0.574255744300831,0.146130415012939,0,1,671004572
0.564265597232961,0.025075937150181,0,1,671004572
0.612160092610019,0.031707091831788,0,1,671004572
0.561859500775013,0.581920013805959,0,1,671004572
0.482824590468087,0.810783813145924,0,1,671004572
0.114876256591693,0.131950064229392,0,1,671004572
0.794559474352071,0.456612817172133,0,1,671004572
0.176553210994835,0.05377318742648,0,1,671004572
0.625979235659639,0.699582671932511,0,1,671004572
0.099269296460968,0.678643089614321,0,1,671004572
0.083176755513698,0.084056069886368,0,1,671004572
0.794853913044267,0.701092265287107,0,1,671004572
0.322573889249028,0.052567639963497,0,1,671004572
0.809195840119774,0.198971022485792,0,1,671004572
0.642017856798307,0.905312589780021,0,1,671004572
0.047022245587568,0.357405669210432,0,1,671004572
0.517107295954939,0.796333771902354,0,1,671004572
0.29775776764942,0.070290755512171,0,1,671004572
0.265395321574161,0.022540940489819,0,1,671004572
0.159661516844774,0.953281243853274,0,1,671004572
0.358031863873678,0.737673197422248,0,1,671004572
0.436980108847645,0.943852302618943,0,1,671004572
0.266570595250309,0.880541446512633,0,1,671004572
0.59364290202249,0.586845802704039,0,1,671004572
0.132080741939594,0.545364718122196,0,1,671004572
0.387065471426504,0.308024573061428,0,1,671004572
0.474367542440262,0.241740542383931,0,1,671004572
0.376915784177335,0.463506205143554,0,1,671004572
0.621019294079214,0.492766552911082,0,1,671004572
0.606237023471627,0.71955090694593,0,1,671004572
0.529163420073839,0.002056123057761,0,1,671004572
0.386109781704034,0.365028303336071,0,1,671004572
0.197227123026928,0.183868709393277,0,1,671004572
0.780075867412338,0.487990571267644,0,1,671004572
0.919663513441709,0.195300769765415,0,1,671004572
0.080834249406211,0.558130190849377,0,1,671004572
0.22451684519881,0.735460940974258,0,1,671004572
0.299259540547056,0.848502702380963,0,1,671004572
0.451865660783615,0.783778641570471,0,1,671004572
0.444582042211033,0.302745831000363,0,1,671004572
0.580596000560424,0.138072715065911,0,1,671004572
0.164607427219403,0.908128648101312,0,1,671004572
0.091621089471677,0.082732601423565,0,1,671004572
0.13614342534331,0.370115161548884,0,1,671004572
0.367578291434616,0.768341487386033,0,1,671004572
0.448339705930745,0.900729113397789,0,1,671004572
0.37219755843174,0.916297538297936,0,1,671004572
0.105436465534782,0.230857431739086,0,1,671004572
0.126950318118302,0.275465253246307,0,1,671004572
0.690455862353738,0.535732442855342,0,1,671004572
0.808251296909385,0.852616446758523,0,1,671004572
0.177660226668449,0.823183354220967,0,1,671004572
0.125400176617614,0.314396065704039,0,1,671004572
0.859139041355315,0.47585001918267,0,1,671004572
0.007613860883463,0.115775262798554,0,1,671004572
0.359676918169173,0.061402939610072,0,1,671004572
0.527914153425623,0.848430349910889,0,1,671004572
0.754092619170988,0.228915371714902,0,1,671004572
0.422300106661099,0.022212801229568,0,1,671004572
0.87252940149678,0.494884856988393,0,1,671004572
0.524547606980543,0.993852472565904,0,1,671004572
0.981715097475535,0.989002966736646,0,1,671004572
0.930143753134334,0.039262039327984,0,1,671004572
0.164000046590706,0.77762374852013,0,1,671004572
0.727276665609389,0.629287894994963,0,1,671004572
0.881019603634396,0.211982983001841,0,1,671004572
0.688466471462018,0.81347903987007,0,1,671004572
0.405117425578804,0.85857163205802,0,1,671004572
0.403336347307252,0.242421854673899,0,1,671004572
0.029204359651186,0.960668588168368,0,1,671004572
0.951187040712359,0.766415676302053,0,1,671004572
0.224517126171988,0.052889812463317,0,1,671004572
0.361452275049564,0.736740194290049,0,1,671004572
0.20578017312763,0.304711475631482,0,1,671004572
0.790776619988446,0.105492505331301,0,1,671004572
0.68456252385684,0.404277457866869,0,1,671004572
0.557371138502087,0.170948320412382,0,1,671004572
0.94416137980657,0.310402348837368,0,1,671004572
0.916466489307622,0.347627912432383,0,1,671004572
0.753132383903694,0.998532911417075,0,1,671004572
0.735097172683546,0.653724679896983,0,1,671004572
0.049626387871883,0.405532492540498,0,1,671004572
0.030114510922727,0.703279912806861,0,1,671004572
0.77498093113667,0.138504453535737,0,1,671004572
0.670240244029903,0.866464892560223,0,1,671004572
0.712554097113775,0.154472425182096,0,1,671004572
0.411136491992712,0.918556815247015,0,1,671004572
0.696577206329107,0.540586160544478,0,1,671004572
0.831881987400741,0.936672980400453,0,1,671004572
0.095842454892007,0.728624271042275,0,1,671004572
0.671908677938913,0.423052900474335,0,1,671004572
0.048329458929563,0.962915671540285,0,1,671004572
0.52936638168888,0.63465564563604,0,1,671004572
0.525415429456073,0.607403883596081,0,1,671004572
0.875047907571769,0.881065522568669,0,1,671004572
0.938101059705709,0.925429710548544,0,1,671004572
0.860420753088275,0.11617622410511,0,1,671004572
0.662724520993884,0.294908904240572,0,1,671004572
0.453975189937702,0.493849837212926,0,1,671004572
0.559924331211804,0.431933870358306,0,1,671004572
0.027013705440031,0.683724124733766,0,1,671004572
0.288151232528994,0.087429197605105,0,1,671004572
0.6281693606308,0.65056724499425,0,1,671004572
0.971818191071214,0.854342780739629,0,1,671004572
0.835356078470293,0.289056538080348,0,1,671004572
0.574216628488503,0.176955884864862,0,1,671004572
0.254516942597484,0.775584029158061,0,1,671004572
0.146616177342991,0.389246847072789,0,1,671004572
0.44645117256952,0.749668008595667,0,1,671004572
0.977504306204126,0.62584490217973,0,1,671004572
0.30616438489106,0.469776402715728,0,1,671004572
0.549710937228523,0.746961972661836,0,1,671004572
0.693600661301876,0.901844839871294,0,1,671004572
0.12820293052031,0.997791953879072,0,1,671004572
0.420279124779288,0.293497960014548,0,1,671004572
0.74762141311112,0.983218577422143,0,1,671004572
0.533272139721595,0.162959949867571,0,1,671004572
0.346174783431753,0.680274467139547,0,1,671004572
0.206125326286925,0.788866202156206,0,1,671004572
0.801289097757198,0.633645663112784,0,1,671004572
0.445734945751896,0.225664884623114,0,1,671004572
0.662456218153884,0.183617186808509,0,1,671004572
0.254861090753643,0.589023945107876,0,1,671004572
0.448009644825996,0.561207005213171,0,1,671004572
0.851870120746918,0.856634883108956,0,1,671004572
0.475096789923632,0.951837561012526,0,1,671004572
0.042463014841031,0.712032272441557,0,1,671004572
0.325905662624095,0.176744826734001,0,1,671004572
0.862561094338175,0.022523560168054,0,1,671004572
0.218242662361392,0.470427206026268,0,1,671004572
0.167184302973217,0.38705093840335,0,1,671004572
0.744847640353356,0.942787892500947,0,1,671004572
0.927071011840092,0.815783256665522,0,1,671004572
0.673371247956033,0.706225504183759,0,1,671004572
0.612953062153447,0.010462696983761,0,1,671004572
0.757728633622855,0.320779982698143,0,1,671004572
0.19681325206319,0.903007348118819,0,1,671004572
0.801582718756761,0.164541913879874,0,1,671004572
0.980116576359239,0.079597678757565,0,1,671004572
0.535999263592684,0.571884901898941,0,1,671004572
0.670921225172847,0.468450806802416,0,1,671004572
0.225855010557556,0.098682903883047,0,1,671004572
0.874938195909018,0.201714164504455,0,1,671004572
0.303369289819523,0.071524556065702,0,1,671004572
0.440023827078857,0.875385196837462,0,1,671004572
0.742168470748049,0.657040113358828,0,1,671004572
0.899252706058084,0.525891959335389,0,1,671004572
0.331581811982962,0.047806037679258,0,1,671004572
0.594632468630347,0.517944464316199,0,1,671004572
0.488406244125346,0.002895582770011,0,1,671004572
0.931686877272038,0.195494530071348,0,1,671004572
0.752166576629329,0.903994244029233,0,1,671004572
0.614546436080892,0.586117530608295,0,1,671004572
0.649937031128401,0.692100724108204,0,1,671004572
0.641851053984936,0.668856325666259,0,1,671004572
0.188078540969522,0.535186140189194,0,1,671004572
0.305682419141999,0.716544415977285,0,1,671004572
0.830785977513311,0.843784883073141,0,1,671004572
0.42890823842115,0.005851450871368,0,1,671004572
0.459127819690329,0.299342841530554,0,1,671004572
0.600734657615996,0.751771476971209,0,1,671004572
0.469300352282887,0.88925004989591,0,1,671004572
0.225926787058509,0.4679998521625,0,1,671004572
0.865107516993035,0.552835947674162,0,1,671004572
0.790071878202621,0.080622626276656,0,1,671004572
0.927216048560348,0.934207906698505,0,1,671004572
0.861423198663452,0.0297674170955,0,1,671004572
0.800525532565872,0.910664250579412,0,1,671004572
0.999277330909325,0.282342423974113,0,1,671004572
0.131031184240889,0.019515283798143,0,1,671004572
0.919500969914726,0.648716198265336,0,1,671004572
0.704846597834963,0.641497092207651,0,1,671004572
0.979738104110156,0.047167424596089,0,1,671004572
0.894593127683606,0.815564443816769,0,1,671004572
0.289991885787668,0.392160917165014,0,1,671004572
0.602150757860188,0.857700695625367,0,1,671004572
0.528690020232652,0.595981914795071,0,1,671004572
0.30180521782695,0.535484437367525,0,1,671004572
0.850006160299842,0.767988070878486,0,1,671004572
0.73411477128746,0.410503543818265,0,1,671004572
0.105124358172854,0.071714478176851,0,1,671004572
0.778359153812915,0.102309718210604,0,1,671004572
0.968297250897686,0.857293968267062,0,1,671004572
0.040222338250031,0.650457271642761,0,1,671004572
0.457962667164949,0.625131514655691,0,1,671004572
0.731399748186206,0.855272284002025,0,1,671004572
0.773848156965737,0.096497757813186,0,1,671004572
0.489109710586702,0.463349167537717,0,1,671004572
0.33290579154578,0.16768386031423,0,1,671004572
0.886027906994902,0.330373657187616,0,1,671004572
0.38008492888051,0.806585811033974,0,1,671004572
0.514952691127112,0.241722623763099,0,1,671004572
0.574363602108752,0.014063149214661,0,1,671004572
0.697548284989694,0.900392756098887,0,1,671004572
0.506124011826095,0.817143888706854,0,1,671004572
0.062801554060226,0.70216166904127,0,1,671004572
0.188871426827483,0.887123534152853,0,1,671004572
0.46836785922782,0.309486320980381,0,1,671004572
0.186459456267363,0.782832850322645,0,1,671004572
0.996769706871697,0.70849601922516,0,1,671004572
0.186399654291985,0.007825713275758,0,1,671004572
0.048451548903806,0.387537505420939,0,1,671004572
0.510496358527513,0.03996471398804,0,1,671004572
0.874982931340014,0.511082668110298,0,1,671004572
0.265962599495292,0.242858961510161,0,1,671004572
0.248241310977674,0.479409633194579,0,1,671004572
0.583336660223397,0.100834924050392,0,1,671004572
0.34519486761492,0.062320550872518,0,1,671004572
0.661932784938333,0.532597763545822,0,1,671004572
0.342944772367474,0.374260663928191,0,1,671004572
0.149223811566396,0.133467298390612,0,1,671004572
0.66497534790003,0.318554160687279,0,1,671004572
0.717467434496131,0.072049052794877,0,1,671004572
0.297099776122742,0.770075211139588,0,1,671004572
0.56905218141312,0.024427728723935,0,1,671004572
0.100377757853166,0.688522732968794,0,1,671004572
0.001452580504497,0.967446586015324,0,1,671004572
0.588321103511437,0.558569931734569,0,1,671004572
0.093347845733567,0.872363158008424,0,1,671004572
0.206991637345584,0.038511034247113,0,1,671004572
0.035371797577113,0.341148316459423,0,1,671004572
0.759135503567774,0.465628705823443,0,1,671004572
0.622126540523481,0.009921617728326,0,1,671004572
0.24728669124304,0.914358079548705,0,1,671004572
0.94650535849297,0.107493481499349,0,1,671004572
0.075811403792226,0.832423954936909,0,1,671004572
0.393035731203497,0.901710169527103,0,1,671004572
0.248154772027135,0.890480001563197,0,1,671004572
0.613866266870496,0.892275215436881,0,1,671004572
0.923089455902852,0.572380107719788,0,1,671004572
0.289186159848728,0.515946466902043,0,1,671004572
0.452555624940283,0.206063283703104,0,1,671004572
0.123279312145626,0.818485276789568,0,1,671004572
0.813720238175173,0.589135762348194,0,1,671004572
0.708079904247763,0.017460565368434,0,1,671004572
0.169173009626823,0.098584751702583,0,1,671004572
0.598009489811452,0.13098690192585,0,1,671004572
0.141715305522631,0.190660487693402,0,1,671004572
0.183040764620147,0.879702957575512,0,1,671004572
0.27398733913088,0.494814364498653,0,1,671004572
0.721345969689601,0.882772188077065,0,1,671004572
0.058218005712413,0.284682715620461,0,1,671004572
0.198553333988485,0.76341533512232,0,1,671004572
0.867671070243906,0.969457280997332,0,1,671004572
0.51754781362994,0.155460099555185,0,1,671004572
0.098899902691401,0.390584957017452,0,1,671004572
0.890917067223129,0.759620046105082,0,1,671004572
0.842712933908436,0.131591191314066,0,1,671004572
0.207557901080254,0.536691686468746,0,1,671004572
0.441789620297776,0.752922488469629,0,1,671004572
0.575621458886442,0.844584832100635,0,1,671004572
0.36417772395872,0.849055515750748,0,1,671004572
0.205891018053324,0.827078214885032,0,1,671004572
0.924439820673186,0.091721839031899,0,1,671004572
0.292848697048658,0.644418672056493,0,1,671004572
0.518007352925173,0.970948288735378,0,1,671004572
0.575102679691766,0.199358983995501,0,1,671004572
0.199339033793445,0.774715380476063,0,1,671004572
0.812510059664519,0.856955562661224,0,1,671004572
0.630769662215288,0.458387293733739,0,1,671004572
0.504244530199349,0.282424790002836,0,1,671004572
0.656474193993718,0.446668104597121,0,1,671004572
0.790222204615878,0.928581757191931,0,1,671004572
0.014761433005446,0.083691705943396,0,1,671004572
0.627713106405983,0.892863402504655,0,1,671004572
0.991950383839315,0.400952958010287,0,1,671004572
0.015629627460031,0.833663389270059,0,1,671004572
0.142371436955744,0.108140294689355,0,1,671004572
0.250897622470588,0.386683184455644,0,1,671004572
0.551573931790678,0.22853104899101,0,1,671004572
0.944479609352308,0.054230353699606,0,1,671004572
0.503610084841003,0.598462449782232,0,1,671004572
0.799033614143099,0.853871273637205,0,1,671004572
0.828305147946882,0.529492776414689,0,1,671004572
0.955855802522828,0.107572722618446,0,1,671004572
0.65071184748618,0.292218612749519,0,1,671004572
0.055668092639234,0.628442449265777,0,1,671004572
0.742486956074905,0.722316277304764,0,1,671004572
0.025976902435827,0.219406172633877,0,1,671004572
0.183716597317427,0.172225848209574,0,1,671004572
0.007143024197536,0.836634900503285,0,1,671004572
0.583755639153782,0.23599947401386,0,1,671004572
0.759966248537627,0.990262276489999,0,1,671004572
0.680936380193149,0.160185292761094,0,1,671004572
0.359503001439163,0.955909430282782,0,1,671004572
0.743539919388003,0.620221812072871,0,1,671004572
0.972999093294329,0.152760336103719,0,1,671004572
0.828213415649015,0.589667358218753,0,1,671004572
0.044233483015672,0.607407841826162,0,1,671004572
0.617054761282596,0.358692111293694,0,1,671004572
0.262233522986324,0.767416766979182,0,1,671004572
0.25087614069507,0.368611180698588,0,1,671004572
0.279235847644879,0.054527302037346,0,1,671004572
0.30369599207441,0.420838643512233,0,1,671004572
0.260931196265982,0.454648256351991,0,1,671004572
0.802299043144843,0.991494512758793,0,1,671004572
0.001445616668317,0.130266496203026,0,1,671004572
0.984742016353329,0.836997747798676,0,1,671004572
0.516174457640341,0.510625129756134,0,1,671004572
0.312972838844289,0.811330125416398,0,1,671004572
0.737499815558874,0.566000122315227,0,1,671004572
0.107269024641718,0.832257327489676,0,1,671004572
0.181585731114821,0.004630947199293,0,1,671004572
0.053991193265857,0.231645282323946,0,1,671004572
0.228860074381293,0.944337830020392,0,1,671004572
0.7531856821932,0.30411120459329,0,1,671004572
0.966455669203401,0.20558480089235,0,1,671004572
0.418860072448956,0.72860028587143,0,1,671004572
0.37779743018355,0.748723817233149,0,1,671004572
0.822293854241269,0.679080951592805,0,1,671004572
0.032686312718574,0.935382417675157,0,1,671004572
0.577536229225914,0.863402471233076,0,1,671004572
0.330645215254946,0.232433479992094,0,1,671004572
0.908281316705911,0.433461124046248,0,1,671004572
0.78095529696227,0.696712322017554,0,1,671004572
0.106600872461801,0.695171819487583,0,1,671004572
0.764726314603888,0.079623246639358,0,1,671004572
0.996552971335852,0.813344357545486,0,1,671004572
0.717507590699041,0.673003453310337,0,1,671004572
0.84947483898269,0.254414543479686,0,1,671004572
0.695360960524361,0.081089924846084,0,1,671004572
0.362806551547506,0.539082364190458,0,1,671004572
0.842980974896066,0.948160202752519,0,1,671004572
0.510581561789892,0.987260705792926,0,1,671004572
0.369361340153504,0.297395685114979,0,1,671004572
0.301259345388817,0.529339493308098,0,1,671004572
0.254671308027023,0.543741539221068,0,1,671004572
0.73736396797022,0.33062251307413,0,1,671004572
0.061419161537525,0.432015121040797,0,1,671004572
0.561431974043138,0.929894496690724,0,1,671004572
0.903644179805138,0.12124000316495,0,1,671004572
0.69406172655969,0.828428906495258,0,1,671004572
0.839792863890305,0.387160472707004,0,1,671004572
0.622395551135657,0.982347274842164,0,1,671004572
0.698098813877946,0.447117141052116,0,1,671004572
0.381154942517817,0.449093368264576,0,1,671004572
0.617699939559104,0.224941282136121,0,1,671004572
0.183388477324363,0.517886609584848,0,1,671004572
0.39439075429387,0.968251658600158,0,1,671004572
0.204380590410036,0.014370735336172,0,1,671004572
0.056821448262489,0.006514887546983,0,1,671004572
0.499709128382819,0.111275279536515,0,1,671004572
0.967119561351576,0.095456112810631,0,1,671004572
0.547227970219914,0.899759441040881,0,1,671004572
0.139324392280557,0.23188380926955,0,1,671004572
0.442790668905014,0.180208452051056,0,1,671004572
0.399687582255644,0.042719099040602,0,1,671004572
0.350819486339286,0.416605445174207,0,1,671004572
0.474808533973693,0.852996352114126,0,1,671004572
0.413364182784322,0.565202157914091,0,1,671004572
0.086736163750551,0.319828447657626,0,1,671004572
0.955082771387642,0.536064161505603,0,1,671004572
0.658583614882564,0.082806708013644,0,1,671004572
0.486616598465992,0.375167630629076,0,1,671004572
0.289865692531454,0.226032140642537,0,1,671004572
0.705120716679219,0.865076218561599,0,1,671004572
0.247683639741981,0.472950786878289,0,1,671004572
0.418249264849097,0.13382796640725,0,1,671004572
0.338045391019534,0.942393215194904,0,1,671004572
0.076685468242037,0.034514130056944,0,1,671004572
0.171023879187542,0.982694037129395,0,1,671004572
0.390343871904179,0.512133296479158,0,1,671004572
0.514119485268369,0.070494492987603,0,1,671004572
0.324662585128882,0.909655152032705,0,1,671004572
0.640107604664936,0.011807342290864,0,1,671004572
0.625941489926137,0.181830830983516,0,1,671004572
0.818815635336209,0.715149886413102,0,1,671004572
0.908471828706404,0.283137365822585,0,1,671004572
0.876688037957506,0.620027679788118,0,1,671004572
0.251241667357762,0.575345854292428,0,1,671004572
0.053662267242353,0.458778157720811,0,1,671004572
0.198290667903617,0.960554718391828,0,1,671004572
0.223792282972784,0.405759203649751,0,1,671004572
0.034326847013398,0.587130008676997,0,1,671004572
0.914220570182636,0.825095651420083,0,1,671004572
0.216006678533344,0.398847694091511,0,1,671004572
0.456513310799439,0.766671489415951,0,1,671004572
0.879319435518904,0.501633132436846,0,1,671004572
0.035037984386738,0.079783987606946,0,1,671004572
0.414805405955623,0.307645371724336,0,1,671004572
0.35897622178299,0.514850863719187,0,1,671004572
0.204876867753794,0.683054922342369,0,1,671004572
0.177728950742905,0.465789244039727,0,1,671004572
0.751299504118162,0.87371565272344,0,1,671004572
0.883885146204378,0.069161385477864,0,1,671004572
0.585931501922811,0.812032574754514,0,1,671004572
0.003589322889703,0.220908607171053,0,1,671004572
0.554105861803898,0.518679436692074,0,1,671004572
0.461056880649844,0.697471423520189,0,1,671004572
0.287581424650307,0.704420727424986,0,1,671004572
0.122150890903217,0.975320923103856,0,1,671004572
0.94277647696668,0.350145373643465,0,1,671004572
0.271347569502165,0.531402121907485,0,1,671004572
0.570038130006748,0.997319923396902,0,1,671004572
0.357081903189275,0.376717404350361,0,1,671004572
0.800989812336882,0.716421215057884,0,1,671004572
0.552378863917836,0.326254331073519,0,1,671004572
0.893537949072837,0.237509926459358,0,1,671004572
0.420840147467802,0.040688602986684,0,1,671004572
0.557908534738981,0.52495796841314,0,1,671004572
0.252469457938283,0.188769826662515,0,1,671004572
0.402122709662854,0.157443968014909,0,1,671004572
0.439484753130368,0.174023973137273,0,1,671004572
0.28161000622447,0.234683391395581,0,1,671004572
0.599178575660748,0.74538326752256,0,1,671004572
0.315196674176028,0.173960351670982,0,1,671004572
0.019052791570304,0.468580409053296,0,1,671004572
0.838495869046392,0.682380799479816,0,1,671004572
0.398867391073321,0.473621213925953,0,1,671004572
0.105765242648142,0.394867577370591,0,1,671004572
0.794907231647214,0.113375657036107,0,1,671004572
0.122586742401575,0.153269596424383,0,1,671004572
0.133684976831487,0.169304292394778,0,1,671004572
0.594262327411161,0.668559284713516,0,1,671004572
0.65546215552191,0.022563367449505,0,1,671004572
0.608608589033695,0.355943538624474,0,1,671004572
0.172384532612672,0.772208805851484,0,1,671004572
0.336872117401064,0.461815125129257,0,1,671004572
0.081691903782291,0.626945379598125,0,1,671004572
0.732776657864536,0.211823403639257,0,1,671004572
0.661376720294158,0.0228442107489,0,1,671004572
0.937251952257159,0.600944033916258,0,1,671004572
0.293829883732869,0.82667832609063,0,1,671004572
0.855183627801798,0.619279887570399,0,1,671004572
0.912425834239103,0.673002439524498,0,1,671004572
0.160562076407137,0.161425959654665,0,1,671004572
0.146663836428306,0.952829799287746,0,1,671004572
0.807697762033277,0.602583289850617,0,1,671004572
0.353395462572685,0.222735378274614,0,1,671004572
0.978709015632879,0.041208440050723,0,1,671004572
0.964833378280057,0.835441308014876,0,1,671004572
0.281277884220283,0.505836011284544,0,1,671004572
0.358449568898783,0.406417096391645,0,1,671004572
0.925708413366493,0.002814208379942,0,1,671004572
0.75953621793572,0.325753587514257,0,1,671004572
0.556610769833275,0.142044207833881,0,1,671004572
0.524115464074697,0.900546445155917,0,1,671004572
0.392073823342445,0.2194160035203,0,1,671004572
0.518049437954893,0.870250857517068,0,1,671004572
0.33197777149318,0.057484961265276,0,1,671004572
0.207614902968127,0.975946897696743,0,1,671004572
0.737137541724412,0.610034954007138,0,1,671004572
0.507471936507328,0.984180090599362,0,1,671004572
0.652256621738633,0.321525033481399,0,1,671004572
0.393869366031975,0.067019522985835,0,1,671004572
0.348210027486785,0.499018880464351,0,1,671004572
0.784094172748014,0.722201773943494,0,1,671004572
0.192964717992567,0.502047453894948,0,1,671004572
0.207585976688033,0.480705422385214,0,1,671004572
0.025483658893339,0.384956432358129,0,1,671004572
0.349801780481591,0.493828114910233,0,1,671004572
0.40325025783148,0.736642520756124,0,1,671004572
0.636830300619636,0.717813797084259,0,1,671004572
0.321587635623296,0.85418353008772,0,1,671004572
0.646919082011976,0.821305151191482,0,1,671004572
0.261737223856998,0.05971884739511,0,1,671004572
0.284492053281248,0.129372205916034,0,1,671004572
0.714699766936724,0.924038616955318,0,1,671004572
0.332898642106531,0.887595051224906,0,1,671004572
0.649130757636411,0.395691458973197,0,1,671004572
0.21405025229769,0.880654891314904,0,1,671004572
0.744121947978938,0.351022230904683,0,1,671004572
0.526263512368846,0.972114536649196,0,1,671004572
0.591488974165883,0.878402444044217,0,1,671004572
0.206043952819715,0.445545561542215,0,1,671004572
0.487224878351304,0.689018108375732,0,1,671004572
0.965207955772168,0.121886226571309,0,1,671004572
0.878067555157319,0.406931024958887,0,1,671004572
0.99165461822088,0.103891006130938,0,1,671004572
0.006669070917275,0.132731114097861,0,1,671004572
0.770263264394656,0.655758455444808,0,1,671004572
0.807643299262457,0.597948916492181,0,1,671004572
0.279806793193635,0.164501567597637,0,1,671004572
0.646807578311212,0.431499112311713,0,1,671004572
0.752434601669517,0.349350520792836,0,1,671004572
0.067223004788103,0.544777367339769,0,1,671004572
0.644192975167413,0.886454943230173,0,1,671004572
0.308177447865896,0.408634319111305,0,1,671004572
0.458215489641782,0.398379054135883,0,1,671004572
0.997043795960808,0.043302118942057,0,1,671004572
0.586628986028172,0.321359392153579,0,1,671004572
0.078985622998923,0.87145081181196,0,1,671004572
0.3928857905884,0.508022136081742,0,1,671004572
0.745771201239709,0.194902549622029,0,1,671004572
0.343146269053396,0.549232620316864,0,1,671004572
0.85249575788153,0.947134413038808,0,1,671004572
0.113499840746312,0.705977139510466,0,1,671004572
0.069801295901503,0.546551096934376,0,1,671004572
0.249227286382144,0.030652813483913,0,1,671004572
0.809222103014271,0.129610887833809,0,1,671004572
0.132970473746453,0.726868765349532,0,1,671004572
0.780573016230592,0.178239606191724,0,1,671004572
0.730590061954541,0.047837621484696,0,1,671004572
0.892836965786006,0.572569155763813,0,1,671004572
0.826655867169856,0.065663381531871,0,1,671004572
0.093797039494763,0.397888273382366,0,1,671004572
0.235928455022227,0.457307958690711,0,1,671004572
0.658697523661022,0.413795359470064,0,1,671004572
0.782854733756948,0.047745898664014,0,1,671004572
0.384507374292344,0.953894016709803,0,1,671004572
0.678014171911263,0.226792178101717,0,1,671004572
