0.123898769742211,0.165974350080607,0,1,671004572
0.28861666402635,0.513315747482387,0,1,671004572
0.101842048000613,0.925474026924908,0,1,671004572
0.199566825467523,0.479027446754777,0,1,671004572
0.497758360904553,0.459114646992872,0,1,671004572
0.892273596319686,0.963757483819865,0,1,671004572
0.847458894350369,0.700961204021125,0,1,671004572
0.330298400043362,0.015114289624597,0,1,671004572
0.921640140796254,0.669753126974078,0,1,671004572
0.234098706938648,0.267643279064628,0,1,671004572
0.871492909812844,0.704207372024575,0,1,671004572
0.851538245191071,0.540080541130329,0,1,671004572
0.597021847131463,0.222095880066338,0,1,671004572
0.586499076370442,0.274022650470048,0,1,671004572
0.489961517099971,0.779250584568684,0,1,671004572
0.934844784558555,0.063311140804381,0,1,671004572
0.930714215156156,0.596251256276112,0,1,671004572
0.795148118794047,0.930656070899482,0,1,671004572
0.177523526461368,0.393403031383406,0,1,671004572
0.371010413330038,0.196499766369255,0,1,671004572
0.576136800446623,0.328711473479666,0,1,671004572
0.562464406534902,0.754848892698874,0,1,671004572
0.33949872167491,0.068915478409055,0,1,671004572
0.955865733454328,0.321778792932016,0,1,671004572
0.499557427448335,0.540238981887532,0,1,671004572
0.264842884111023,0.754541383365439,0,1,671004572
0.017053496335807,0.703374625004925,0,1,671004572
0.349289220023823,0.852683683301126,0,1,671004572
0.450201071202346,0.776313918246731,0,1,671004572
0.745044604349282,0.147311449266367,0,1,671004572
0.02945974301254,0.688989676041186,0,1,671004572
0.973828773520612,0.060608067167244,0,1,671004572
0.463134817896704,0.195298822772014,0,1,671004572
0.771151689019993,0.474946239956581,0,1,671004572
0.307332338918183,0.990924251573897,0,1,671004572
0.769341437557358,0.189405889824206,0,1,671004572
0.273834838349899,0.389476870028482,0,1,671004572
0.103493177081957,0.961238814468724,0,1,671004572
0.420752154993985,0.594829984045694,0,1,671004572
0.870057252541582,0.830796672104952,0,1,671004572
0.773341699688847,0.374119883614399,0,1,671004572
0.360948634349482,0.210666084476149,0,1,671004572
0.556180356736836,0.983738097075356,0,1,671004572
0.520473785661351,0.783230329263838,0,1,671004572
0.882910448517336,0.529742438020627,0,1,671004572
0.128035150420607,0.595604580780534,0,1,671004572
0.446070618193679,0.554465084810792,0,1,671004572
0.796487493885506,0.866867642634172,0,1,671004572
0.477061455561314,0.53269820575678,0,1,671004572
0.994184514721672,0.929739758835999,0,1,671004572
0.005085337829457,0.133688644347631,0,1,671004572
0.948168050594505,0.417332809440654,0,1,671004572
0.233938417834044,0.559274800966465,0,1,671004572
0.466616398673142,0.275325650531666,0,1,671004572
0.676821978502778,0.003850673091955,0,1,671004572
0.430582112909976,0.430894023034537,0,1,671004572
0.541879739275494,0.298443508589696,0,1,671004572
0.94821413466613,0.981950719505568,0,1,671004572
0.744956000235466,0.099042716159551,0,1,671004572
0.939072563481512,0.583728784602681,0,1,671004572
0.841109559249117,0.558419949129197,0,1,671004572
0.221809075316741,0.304466451540373,0,1,671004572
0.112706545263101,0.281030921559381,0,1,671004572
0.015399592040088,0.59792971235378,0,1,671004572
0.029454716905631,0.502192105331558,0,1,671004572
0.132279982126656,0.197734559665566,0,1,671004572
0.304531157788212,0.855576134122805,0,1,671004572
0.041149896345801,0.676907437474245,0,1,671004572
0.810993630224294,0.797171812994031,0,1,671004572
0.407873479171108,0.135849566484548,0,1,671004572
0.693955645769135,0.739205940057112,0,1,671004572
0.684820092167821,0.982846688133138,0,1,671004572
0.116543817325544,0.21412609005388,0,1,671004572
0.812152102899089,0.053492606098406,0,1,671004572
0.211445583233054,0.936594360140092,0,1,671004572
0.118980827991097,0.378871875157157,0,1,671004572
0.974893912205631,0.460544503028597,0,1,671004572
0.067975946414033,0.75707269405474,0,1,671004572
0.036225433786371,0.238705817169705,0,1,671004572
0.573927567427838,0.908578377512634,0,1,671004572
0.463686507606335,0.283598803402886,0,1,671004572
0.244924257956433,0.403312060201942,0,1,671004572
0.025951801261497,0.30185955997333,0,1,671004572
0.044224557380046,0.735585759259134,0,1,671004572
0.618858265766269,0.12785099577781,0,1,671004572
0.551563237825832,0.892931517205842,0,1,671004572
0.888146870129585,0.517870640599399,0,1,671004572
0.214548056689842,0.515769302376141,0,1,671004572
0.43154335409538,0.882866480159944,0,1,671004572
0.723966311507243,0.27709207962949,0,1,671004572
0.347298340452643,0.335423857963921,0,1,671004572
0.921235142158174,0.424825960467555,0,1,671004572
0.311346400649979,0.505887841610066,0,1,671004572
0.451892996579559,0.524249260818414,0,1,671004572
0.811532165873699,0.942836921036889,0,1,671004572
0.715944293328524,0.313831020887936,0,1,671004572
0.64489152563882,0.55472623510302,0,1,671004572
0.534032857237865,0.245076284843869,0,1,671004572
0.292764183351603,0.472368849960292,0,1,671004572
0.347834199576077,0.715441766559731,0,1,671004572
0.328553293660271,0.91602621448977,0,1,671004572
0.703720522446168,0.223112201162152,0,1,671004572
0.584237159206007,0.136230203458865,0,1,671004572
0.230666551314704,0.673404298365545,0,1,671004572
0.404276284462119,0.264060230706969,0,1,671004572
0.316528164694905,0.848791549024435,0,1,671004572
0.949349273123854,0.954451232891685,0,1,671004572
0.211239862359258,0.618019995649217,0,1,671004572
0.177389000264205,0.035209341029055,0,1,671004572
0.34114176555706,0.804511492239967,0,1,671004572
0.825680259219121,0.984763962709864,0,1,671004572
0.205559660572445,0.760227470235957,0,1,671004572
0.445318934095269,0.953286093737868,0,1,671004572
0.344927214839924,0.598392870161422,0,1,671004572
0.298121680282573,0.214654975671296,0,1,671004572
0.519152056580848,0.726956647967487,0,1,671004572
0.716114539535965,0.39085595864145,0,1,671004572
0.415592666383903,0.794391286660917,0,1,671004572
0.345017397851072,0.525744671609717,0,1,671004572
0.917926407668992,0.41041106413045,0,1,671004572
0.545680814560718,0.10171363289548,0,1,671004572
0.210353249459468,0.03641463081141,0,1,671004572
0.111220572672164,0.390649487536365,0,1,671004572
0.76599379606339,0.253934596992094,0,1,671004572
0.372634232419782,0.109670197678229,0,1,671004572
0.574004596066547,0.214103098887946,0,1,671004572
0.711973369952204,0.212483272554614,0,1,671004572
0.796847061067182,0.447118867382526,0,1,671004572
0.47968382911175,0.788807775547442,0,1,671004572
0.417311245834557,0.367928103952873,0,1,671004572
0.3215157561178,0.467154119101357,0,1,671004572
0.334309067004411,0.752807729703227,0,1,671004572
0.960444158036097,0.420357582073666,0,1,671004572
0.797116187661693,0.181266358706341,0,1,671004572
0.550329405016648,0.058612747137948,0,1,671004572
0.029655237007198,0.938654910937748,0,1,671004572
0.820586884123134,0.761357775709254,0,1,671004572
0.389577935067816,0.157105122985426,0,1,671004572
0.364923286552058,0.547208929069003,0,1,671004572
0.431316654625248,0.035891126186756,0,1,671004572
0.592236809987334,0.410247409269501,0,1,671004572
0.797941252838498,0.827035296473966,0,1,671004572
0.054066888621998,0.161311970055485,0,1,671004572
0.953569964456613,0.897956958271334,0,1,671004572
0.090518875433387,0.00455259641251,0,1,671004572
0.386247864879366,0.590188087236136,0,1,671004572
0.99537744419131,0.7523516793463,0,1,671004572
0.060620411032056,0.78165764366219,0,1,671004572
0.191162228334786,0.535821248648293,0,1,671004572
0.580393238506546,0.029772018592223,0,1,671004572
0.226167509248668,0.103435899448904,0,1,671004572
0.732484031085116,0.92349616403739,0,1,671004572
0.758067736850917,0.316962652725902,0,1,671004572
0.827935886851065,0.804866146510679,0,1,671004572
0.072458868596178,0.251701080917205,0,1,671004572
0.529075673716322,0.333840718671049,0,1,671004572
0.099745108057696,0.387147849048325,0,1,671004572
0.65806547086753,0.465125870055286,0,1,671004572
0.34006945049932,0.734551887620876,0,1,671004572
0.818908528307541,0.281582969505005,0,1,671004572
0.583525811594366,0.389427714263301,0,1,671004572
0.533135658337184,0.786057691349245,0,1,671004572
0.821678966374779,0.919946327724942,0,1,671004572
0.988812020959428,0.191943320370426,0,1,671004572
0.286458338479952,0.206224105182743,0,1,671004572
0.433168222521363,0.472518987220082,0,1,671004572
0.123780053401464,0.83088237289201,0,1,671004572
0.701073736956214,0.930079272034104,0,1,671004572
0.811791494513084,0.88785115344345,0,1,671004572
0.364734688032724,0.328099111734257,0,1,671004572
0.067420688386284,0.124242777002866,0,1,671004572
0.514412192777894,0.693153375306684,0,1,671004572
0.649952742696413,0.659222403337922,0,1,671004572
0.235621507391361,0.238038182358022,0,1,671004572
0.166644539011285,0.134153721631648,0,1,671004572
0.435186137515802,0.98351681643701,0,1,671004572
0.712927063131358,0.03990029363209,0,1,671004572
0.786685336603524,0.563339682688898,0,1,671004572
0.938535281564046,0.14001408152772,0,1,671004572
0.215247244464533,0.385665104875775,0,1,671004572
0.920943098955225,0.362644204790005,0,1,671004572
0.52230441558178,0.793733078032118,0,1,671004572
0.048771066990185,0.269351317320082,0,1,671004572
0.462841805690967,0.119621830577437,0,1,671004572
0.970372764571606,0.225613192442665,0,1,671004572
0.830832331171689,0.557142897141391,0,1,671004572
0.546595618855304,0.69566025970519,0,1,671004572
0.882968133891184,0.593407013077632,0,1,671004572
0.661750272632805,0.663379889291377,0,1,671004572
0.736460652891589,0.333320319936115,0,1,671004572
0.693112048197658,0.041381023302042,0,1,671004572
0.213595917635347,0.427246031866806,0,1,671004572
0.416817240312942,0.07191152491946,0,1,671004572
0.97389632426977,0.469293776668476,0,1,671004572
0.136805593187417,0.146172381490618,0,1,671004572
0.674153317889948,0.672175742253683,0,1,671004572
0.86349977917643,0.172674702164867,0,1,671004572
0.327260322237384,0.344294352483396,0,1,671004572
0.440201703849911,0.610636758461146,0,1,671004572
0.992688700118003,0.195703639579411,0,1,671004572
0.617724102520578,0.551019767768863,0,1,671004572
0.424613832539823,0.781812793417413,0,1,671004572
0.211565687219324,0.775653192142028,0,1,671004572
0.328112707890196,0.457176519513813,0,1,671004572
0.640976561947617,0.554001229688775,0,1,671004572
0.429517909732521,0.056444064241643,0,1,671004572
0.345549848892486,0.047474357178663,0,1,671004572
0.653927356240735,0.145514907076522,0,1,671004572
0.802514773704779,0.582790662287007,0,1,671004572
0.321033354011659,0.093175665599045,0,1,671004572
0.126694994549724,0.728744158093206,0,1,671004572
0.419847962459613,0.401969530751079,0,1,671004572
0.525135813602921,0.064837843979183,0,1,671004572
0.703566527576558,0.706776085524232,0,1,671004572
0.19969190703748,0.76559175082949,0,1,671004572
0.557724555302148,0.600555749256306,0,1,671004572
0.643407656764609,0.640936933632038,0,1,671004572
0.337967775719018,0.978939674752432,0,1,671004572
0.660309446512806,0.070958718879995,0,1,671004572
0.148168826176644,0.908822825741233,0,1,671004572
0.853270414706868,0.352353542052646,0,1,671004572
0.835288465909047,0.12084400053088,0,1,671004572
0.770895313927535,0.334315299451989,0,1,671004572
0.314292868410277,0.101613591889454,0,1,671004572
0.381913419349609,0.863169154682316,0,1,671004572
0.204603004598408,0.418776109900278,0,1,671004572
0.0543560284947,0.477921856878509,0,1,671004572
0.15896595441858,0.350471299841613,0,1,671004572
0.756834311574194,0.00299903750822,0,1,671004572
0.196301986572471,0.110483973226438,0,1,671004572
0.770521928446998,0.169792385350394,0,1,671004572
0.811995693736148,0.9613495993027,0,1,671004572
0.802986683112059,0.165240000349701,0,1,671004572
0.632262873824708,0.289908995057355,0,1,671004572
0.028803708476962,0.053515649579161,0,1,671004572
0.90363975467873,0.283281968356255,0,1,671004572
0.246922243123303,0.34600406757594,0,1,671004572
0.164304291729083,0.187956585792161,0,1,671004572
0.041046921566833,0.605090439993152,0,1,671004572
0.030854306329827,0.260667034541072,0,1,671004572
0.556833842178358,0.858894616676441,0,1,671004572
0.15233028733061,0.426960047937841,0,1,671004572
0.268490176286839,0.776931512201628,0,1,671004572
0.03268566909574,0.351825555918958,0,1,671004572
0.897405764586899,0.010780937883474,0,1,671004572
0.603570808892692,0.096494986506998,0,1,671004572
0.466733837249469,0.83920189011711,0,1,671004572
0.141211188961165,0.78648598297687,0,1,671004572
0.328377182202842,0.273727469794113,0,1,671004572
0.364324580158159,0.748199877312174,0,1,671004572
0.882625086458323,0.078628303636334,0,1,671004572
0.324435622523616,0.384854169926314,0,1,671004572
0.625725471222239,0.738234342193867,0,1,671004572
0.005610695517835,0.657259190596713,0,1,671004572
0.106965803061851,0.26495562653461,0,1,671004572
0.387549591831145,0.410924163693903,0,1,671004572
0.354375218047691,0.882945026544105,0,1,671004572
0.094135176598789,0.948205500969799,0,1,671004572
0.336949454526678,0.045196869407147,0,1,671004572
0.64895568829648,0.182685482703784,0,1,671004572
0.071339474175064,0.945977464564956,0,1,671004572
0.789978645102736,0.432696645809543,0,1,671004572
0.052233181069336,0.675834645466175,0,1,671004572
0.257469388209087,0.411884163923089,0,1,671004572
0.788199361847601,0.433035183181054,0,1,671004572
0.962411508868945,0.25692410233141,0,1,671004572
0.358551422823313,0.753130775786132,0,1,671004572
0.46710006854563,0.495992863611284,0,1,671004572
0.071828180651282,0.547454252171734,0,1,671004572
0.265242853245013,0.706309174477101,0,1,671004572
0.502777293931977,0.851699854948225,0,1,671004572
0.435819173841625,0.235046850660283,0,1,671004572
0.412266705392406,0.57734258534247,0,1,671004572
0.863109159068387,0.765142884149682,0,1,671004572
0.313338030692523,0.231503346819059,0,1,671004572
0.364721292211344,0.696002034782991,0,1,671004572
0.736655207033042,0.524967940748068,0,1,671004572
0.750109344815803,0.278825956784408,0,1,671004572
0.569890516775854,0.023420262382651,0,1,671004572
0.043984557979406,0.197270981818055,0,1,671004572
0.19812922230145,0.513550383176925,0,1,671004572
0.852192202069436,0.816365339673428,0,1,671004572
0.556163518121332,0.553550877601817,0,1,671004572
0.122036682903502,0.636093736411293,0,1,671004572
0.618584700610686,0.756616018912272,0,1,671004572
0.354702446185481,0.580782965030964,0,1,671004572
0.299872518772599,0.716409371864893,0,1,671004572
0.664332742879047,0.631399098867815,0,1,671004572
0.21421908451589,0.125068026750047,0,1,671004572
0.94649187599703,0.96509378481302,0,1,671004572
0.253613693395864,0.557162180269905,0,1,671004572
0.818151044456948,0.204812930566116,0,1,671004572
0.482754719753287,0.597131087484154,0,1,671004572
0.922001544061998,0.601508498705596,0,1,671004572
0.42064291519744,0.473067709334144,0,1,671004572
0.649813369428622,0.972469797829834,0,1,671004572
0.381250234669983,0.126325675423008,0,1,671004572
0.332721513244371,0.001518009746013,0,1,671004572
0.179446595752231,0.694274261535337,0,1,671004572
0.470735675940317,0.070283910250281,0,1,671004572
0.173407052497389,0.712628351401024,0,1,671004572
0.629434168194734,0.134515096046553,0,1,671004572
0.311009949986164,0.95413181082179,0,1,671004572
0.218715651248402,0.28533598373038,0,1,671004572
0.575276326100056,0.711974453793726,0,1,671004572
0.486647605364289,0.542610266029827,0,1,671004572
0.982689490274846,0.509174422343603,0,1,671004572
0.710863440446832,0.116031887385587,0,1,671004572
0.078273242585941,0.669259096032141,0,1,671004572
0.75062513717356,0.839297531514191,0,1,671004572
0.692595618572914,0.918929249115015,0,1,671004572
0.834581551397708,0.73368965241836,0,1,671004572
0.578404725017344,0.209993217302432,0,1,671004572
0.702417247705472,0.689626507265102,0,1,671004572
0.428391904469524,0.245708444374544,0,1,671004572
0.993000386855978,0.068210843662785,0,1,671004572
0.690616681396408,0.775770498068893,0,1,671004572
0.077302236709672,0.619537234452408,0,1,671004572
0.544416940436195,0.584540153320967,0,1,671004572
0.371275530679091,0.490492760157214,0,1,671004572
0.377167059132455,0.238701536928975,0,1,671004572
0.532041822232557,0.252013801353327,0,1,671004572
0.11103525040374,0.083395094355174,0,1,671004572
0.840153321069024,0.814237487793259,0,1,671004572
0.768931220243456,0.679971718836644,0,1,671004572
0.501357886505824,0.81771292777312,0,1,671004572
0.740123522914105,0.863864647636786,0,1,671004572
0.563210308746284,0.589814322553083,0,1,671004572
0.30854557512397,0.867678746519662,0,1,671004572
0.63503677696902,0.037724145316751,0,1,671004572
0.140598279905415,0.502446908931497,0,1,671004572
0.624173825907287,0.912831535229238,0,1,671004572
0.594295848570814,0.219106198071858,0,1,671004572
0.257067130992079,0.726117345102766,0,1,671004572
0.907891304530092,0.982596887328338,0,1,671004572
0.240728913687431,0.220073929083783,0,1,671004572
0.553656236273755,0.282589537031385,0,1,671004572
0.538217852240173,0.709934362305604,0,1,671004572
0.301279170032354,0.277697148340662,0,1,671004572
0.381218513606312,0.79546231780313,0,1,671004572
0.825385713703786,0.024130289725542,0,1,671004572
0.323462006081153,0.914280436172767,0,1,671004572
0.012972753500712,0.975105103321769,0,1,671004572
0.850643042435309,0.958691323051272,0,1,671004572
0.479087688551055,0.453915538899467,0,1,671004572
0.805653463143625,0.710172311760638,0,1,671004572
0.182873635315299,0.601433120049093,0,1,671004572
0.16236535444376,0.159201492317977,0,1,671004572
0.451139325700217,0.377897949220354,0,1,671004572
0.486861961568367,0.87279866557317,0,1,671004572
0.162902932829533,0.55921797578286,0,1,671004572
0.761927664949342,0.448142307727958,0,1,671004572
0.325896668840076,0.309593376816997,0,1,671004572
0.118773320203577,0.747849464885037,0,1,671004572
0.784809342446088,0.835135581783962,0,1,671004572
0.419386461480638,0.050982079057025,0,1,671004572
0.341082044157465,0.827251867042148,0,1,671004572
0.563560689353519,0.473570576232832,0,1,671004572
0.135362273902774,0.889917359035922,0,1,671004572
0.85657182001532,0.013421001048572,0,1,671004572
0.746259639244226,0.911558667934402,0,1,671004572
0.766633355264196,0.356199495248416,0,1,671004572
0.092836619960334,0.390124618838797,0,1,671004572
0.925677085546678,0.143263822761836,0,1,671004572
0.893305854425967,0.049020847500285,0,1,671004572
0.282669126516662,0.746438744286009,0,1,671004572
0.128695231572248,0.691937007644934,0,1,671004572
0.90558566971807,0.720908118472639,0,1,671004572
0.687780580411767,0.136196671284434,0,1,671004572
0.046336811061023,0.014623309206009,0,1,671004572
0.128375366057081,0.237111496464284,0,1,671004572
0.732340678908865,0.70110460040745,0,1,671004572
0.280105336371832,0.469923201688717,0,1,671004572
0.329114700303014,0.472237775148068,0,1,671004572
0.235085424222631,0.271267832648158,0,1,671004572
0.230163924345767,0.378645663997176,0,1,671004572
0.125455159949748,0.358698850825076,0,1,671004572
0.073611665833774,0.337440270263867,0,1,671004572
0.970518176907172,0.544657075940174,0,1,671004572
0.659430526811999,0.740638315358865,0,1,671004572
0.791269833139064,0.140376787947176,0,1,671004572
0.046796867171071,0.092248676076446,0,1,671004572
0.136386819238805,0.905569203658488,0,1,671004572
0.148005332252103,0.978017917560887,0,1,671004572
0.141291119463993,0.641325851289286,0,1,671004572
0.503544340826475,0.829045714247641,0,1,671004572
0.250689866813689,0.946536161028913,0,1,671004572
0.822347328493102,0.878958868126887,0,1,671004572
0.775032065780556,0.362214857906877,0,1,671004572
0.30189889374985,0.43405941895234,0,1,671004572
0.522611448161007,0.113486587402169,0,1,671004572
0.704788525248933,0.076838517674189,0,1,671004572
0.851584768466462,0.925576685675885,0,1,671004572
0.661469415003433,0.705474554109247,0,1,671004572
0.619963044948336,0.938008363406874,0,1,671004572
0.693393197056248,0.375410479394852,0,1,671004572
0.676672739272452,0.570308505332858,0,1,671004572
0.006355827551215,0.753831879547643,0,1,671004572
0.733073018228444,0.302875470541837,0,1,671004572
0.190804137573029,0.623843855341907,0,1,671004572
0.681853994931901,0.728264156733339,0,1,671004572
0.584015995181576,0.282371324548721,0,1,671004572
0.68903008393989,0.900995047488941,0,1,671004572
0.198481832338662,0.864284179051677,0,1,671004572
0.674781624199607,0.968095203672883,0,1,671004572
0.801478828800612,0.594974877605649,0,1,671004572
0.120187113215356,0.29793141032167,0,1,671004572
0.942743086668233,0.724592816531539,0,1,671004572
0.489427293314888,0.841496609293988,0,1,671004572
0.470309884762375,0.42936642058209,0,1,671004572
0.491399568936059,0.999932744421556,1,1,457008451
0.076525847205901,0.281726878247729,1,1,457008451
0.875158328894438,0.464859128847644,1,1,457008451
0.649913274115863,0.193133884181347,1,1,457008451
0.787577862103155,0.669413202043579,1,1,457008451
0.811718469103162,0.332674854444748,1,1,457008451
0.240220915756132,0.497692577169893,1,1,457008451
0.299850766691852,0.172019319137748,1,1,457008451
0.122459260385854,0.177083234528485,1,1,457008451
0.869775328886534,0.170256120477232,1,1,457008451
0.919137957499259,0.791360897572863,1,1,457008451
0.147479557225684,0.867002877883042,1,1,457008451
0.284941727482859,0.904225124037878,1,1,457008451
0.785384748859506,0.324305748981636,1,1,457008451
0.144560773024326,0.43917069437605,1,1,457008451
0.756804599370108,0.796143921535339,1,1,457008451
0.359824918720126,0.528983309894205,1,1,457008451
0.699747790851727,0.899861599539432,1,1,457008451
0.033293922581138,0.521780127715903,1,1,457008451
0.45230713770292,0.365607550974611,1,1,457008451
0.202363351304212,0.710397844963967,1,1,457008451
0.309572892674404,0.647870651120942,1,1,457008451
0.018764734976818,0.63806443356063,1,1,457008451
0.075953363506116,0.297457108362033,1,1,457008451
0.505409836736757,0.02567264187956,1,1,457008451
0.686981181114795,0.012763136185398,1,1,457008451
0.635848510563858,0.464607223904048,1,1,457008451
0.031129034508822,0.715955020361459,1,1,457008451
0.791180458044603,0.023959790357282,1,1,457008451
0.614853551340522,0.832675378646455,1,1,457008451
0.615081086856678,0.832098328717964,1,1,457008451
0.88303199969355,0.193153274565111,1,1,457008451
0.909672452711142,0.509941394507076,1,1,457008451
0.332151127850367,0.618103016498055,1,1,457008451
0.493289876205192,0.056919615520164,1,1,457008451
0.035053247787273,0.304554496525278,1,1,457008451
0.875766172204684,0.420489816510741,1,1,457008451
0.83373984666498,0.584765608167413,1,1,457008451
0.197674488679182,0.516200241041525,1,1,457008451
0.25067798095264,0.495625343577188,1,1,457008451
0.127042322527248,0.907687946927561,1,1,457008451
0.119250870751707,0.866463774398803,1,1,457008451
0.310368429571583,0.704622152451115,1,1,457008451
0.040438129512943,0.309942907183374,1,1,457008451
0.534345798240594,0.491490499762786,1,1,457008451
0.035507883850782,0.583710433528468,1,1,457008451
0.97051296232272,0.26125750868963,1,1,457008451
0.183447131223307,0.279755951743394,1,1,457008451
0.747127441052758,0.395307751392231,1,1,457008451
0.607052430804702,0.693917199997936,1,1,457008451
0.620874380404456,0.704718951128756,1,1,457008451
0.903048756000184,0.029741748654468,1,1,457008451
0.705594670343486,0.427792758731341,1,1,457008451
0.99929872953763,0.798917049480643,1,1,457008451
0.056036114242422,0.86490425254577,1,1,457008451
0.466110762368715,0.394740028093076,1,1,457008451
0.401702741394901,0.02411358750069,1,1,457008451
0.508849100434921,0.335604819658063,1,1,457008451
0.479196596340314,0.249616295982702,1,1,457008451
0.225494816362733,0.602245261788499,1,1,457008451
0.221017288133164,0.309991533822202,1,1,457008451
0.225501311609734,0.825476612767329,1,1,457008451
0.524604586355908,0.834339979534604,1,1,457008451
0.375234092436349,0.820438478883389,1,1,457008451
0.447479913598037,0.301786832745153,1,1,457008451
0.260479037960891,0.108849303878106,1,1,457008451
0.452662663225946,0.013456916679862,1,1,457008451
0.937949458130662,0.622539820701747,1,1,457008451
0.76310773081528,0.605912874189152,1,1,457008451
0.685416769761852,0.739541541395654,1,1,457008451
0.974730757452904,0.701179476043026,1,1,457008451
0.754035803615559,0.168263282388585,1,1,457008451
0.824658341617298,0.230860278342128,1,1,457008451
0.57663025692625,0.96579739159378,1,1,457008451
0.414660274188586,0.820485395281559,1,1,457008451
0.492149604114663,0.153154541767826,1,1,457008451
0.249291312549166,0.375112245881283,1,1,457008451
0.809204010954386,0.973233916817088,1,1,457008451
0.164090747282796,0.668333879687605,1,1,457008451
0.950528955958438,0.82659364375769,1,1,457008451
0.591257508745582,0.304231991162667,1,1,457008451
0.495426779342759,0.315593936013748,1,1,457008451
0.638539746295373,0.895444993890902,1,1,457008451
0.168677464846152,0.629243165018636,1,1,457008451
0.141647486476895,0.680404068628103,1,1,457008451
0.212106566615094,0.709085175281814,1,1,457008451
0.191317566857921,0.08892302628594,1,1,457008451
0.118943100401818,0.250723619722529,1,1,457008451
0.633230357403839,0.957710408025692,1,1,457008451
0.411296124207543,0.616087183750194,1,1,457008451
0.692297910671251,0.196005552613094,1,1,457008451
0.997523268944968,0.158297185603521,1,1,457008451
0.182413975061818,0.706422488713022,1,1,457008451
0.658960565322889,0.2940070660151,1,1,457008451
0.728575675742924,0.277219079482516,1,1,457008451
0.384427583639817,0.89734081827531,1,1,457008451
0.050358206791672,0.979590878421242,1,1,457008451
0.596117870524238,0.235065458607139,1,1,457008451
0.63404321961313,0.327222763302508,1,1,457008451
0.7919291890629,0.714390317263019,1,1,457008451
0.055272163989494,0.085213410286936,1,1,457008451
0.766984066842908,0.172793853863951,1,1,457008451
0.804916536548234,0.151621346171502,1,1,457008451
0.371036275814932,0.303536374481444,1,1,457008451
0.717926744110521,0.377263230980533,1,1,457008451
0.708653749313448,0.08102482534342,1,1,457008451
0.0082420334474,0.538028603029668,1,1,457008451
0.795514694371048,0.726953982343403,1,1,457008451
0.472413826686221,0.928857837275996,1,1,457008451
0.946847720259915,0.841155773864614,1,1,457008451
0.640415785025873,0.209662463981026,1,1,457008451
0.5929933261469,0.810346284383998,1,1,457008451
0.524183260722779,0.20085071387014,1,1,457008451
0.792258676016659,0.503468292203883,1,1,457008451
0.142746183988343,0.29975315823616,1,1,457008451
0.44268297941374,0.564084342442072,1,1,457008451
0.187388933586028,0.069126339619032,1,1,457008451
0.082026366230463,0.318283670675708,1,1,457008451
0.031091263258928,0.33504562554278,1,1,457008451
0.209240400984757,0.43082386603177,1,1,457008451
0.783575185400906,0.82388022715389,1,1,457008451
0.260873267185991,0.962736112634515,1,1,457008451
0.246601941257322,0.966677429795521,1,1,457008451
0.732308685395829,0.410380340692575,1,1,457008451
0.433734806916427,0.004164934407281,1,1,457008451
0.446432291158943,0.638945024042655,1,1,457008451
0.784602593947543,0.936713308933538,1,1,457008451
0.641264949796666,0.362643548796675,1,1,457008451
0.325769877413639,0.180983631055653,1,1,457008451
0.373297521084809,0.969367283039082,1,1,457008451
0.808639943878476,0.018617782081776,1,1,457008451
0.714706995859754,0.039313120767706,1,1,457008451
0.289386628453529,0.052212046650295,1,1,457008451
0.36032942549238,0.865111114424264,1,1,457008451
0.706731811503687,0.919947044902023,1,1,457008451
0.554209879077127,0.645235864320556,1,1,457008451
0.760455671998711,0.46263049520146,1,1,457008451
0.695745684550958,0.792992467545263,1,1,457008451
0.796846651944488,0.385541238833523,1,1,457008451
0.591883771476264,0.980126636336164,1,1,457008451
0.466868935168054,0.2123468253395,1,1,457008451
0.084528910817064,0.117115455441316,1,1,457008451
0.638645415033136,0.989498556157227,1,1,457008451
0.70126440320358,0.461453646542015,1,1,457008451
0.417924126068028,0.766891938663672,1,1,457008451
0.05268252218944,0.440757954899504,1,1,457008451
0.158516867866988,0.354212288915215,1,1,457008451
0.931067118829535,0.579269592533814,1,1,457008451
0.029268646654631,0.232268717951878,1,1,457008451
0.45286596870179,0.124343500597758,1,1,457008451
0.044937493027399,0.784752112256012,1,1,457008451
0.13133615419877,0.583769731375901,1,1,457008451
0.465433531200514,0.208235910984482,1,1,457008451
0.465940682420732,0.40528108707486,1,1,457008451
0.121187571080766,0.556870866699522,1,1,457008451
0.4915200579206,0.456358518283856,1,1,457008451
0.53198916985897,0.383108206536197,1,1,457008451
0.742957870122036,0.795453616823899,1,1,457008451
0.652454255041697,0.34691810754056,1,1,457008451
0.260004602552958,0.465005478042621,1,1,457008451
0.699353716274379,0.983353489495664,1,1,457008451
0.582119406253916,0.682136779612202,1,1,457008451
0.794353133657006,0.541941574125999,1,1,457008451
0.16463459386285,0.85467215573043,1,1,457008451
0.090285737565091,0.441268891646331,1,1,457008451
0.285243281136555,0.308129227984076,1,1,457008451
0.639899694687529,0.418257958983223,1,1,457008451
0.303755602841445,0.473590939061719,1,1,457008451
0.51309205778241,0.894016617617651,1,1,457008451
0.088264467025896,0.556875364662792,1,1,457008451
0.571961477241309,0.426774151886637,1,1,457008451
0.527306946900487,0.386177174236242,1,1,457008451
0.872582211610619,0.377300812362944,1,1,457008451
0.310302858156512,0.218362299712145,1,1,457008451
0.878222585105486,0.073340167476584,1,1,457008451
0.577497310006587,0.773356045610378,1,1,457008451
0.540800794687849,0.826966963762985,1,1,457008451
0.615829318754975,0.661571644973522,1,1,457008451
0.835691715208856,0.132415192287723,1,1,457008451
0.508593992903967,0.671084933272711,1,1,457008451
0.519568806937756,0.25180483104019,1,1,457008451
0.534461010850784,0.089268053816077,1,1,457008451
0.72178469515962,0.182327699030918,1,1,457008451
0.155357294940925,0.347853158424121,1,1,457008451
0.476865446655168,0.690836161614461,1,1,457008451
0.632917564867489,0.800905196067711,1,1,457008451
0.459013108673387,0.700411175744385,1,1,457008451
0.669651070804634,0.37193973378691,1,1,457008451
0.989081354878118,0.818368656472136,1,1,457008451
0.983668929544964,0.13943084519644,1,1,457008451
0.850310189100448,0.206296559219182,1,1,457008451
0.394760896624355,0.669210842678699,1,1,457008451
0.57117476033884,0.310097185908795,1,1,457008451
0.824806590835312,0.047771998577854,1,1,457008451
0.612025001073856,0.191642614840995,1,1,457008451
0.596950940901709,0.122238103559873,1,1,457008451
0.326761695889507,0.333533693365614,1,1,457008451
0.555668973971628,0.410781462049092,1,1,457008451
0.661616440664606,0.824585672628248,1,1,457008451
0.823790862969391,0.511518799797918,1,1,457008451
0.300171580233081,0.776046960583378,1,1,457008451
0.462752606593391,0.608427199564641,1,1,457008451
0.367078200725334,0.66718962633239,1,1,457008451
0.908784005800339,0.849579496535886,1,1,457008451
0.862499283701005,0.07379342592468,1,1,457008451
0.820440147700361,0.956005469372463,1,1,457008451
0.715125911433849,0.894177985359981,1,1,457008451
0.891828168615808,0.408744172254261,1,1,457008451
0.713685158172615,0.754820400451781,1,1,457008451
0.261076644251893,0.957159263592574,1,1,457008451
0.605177684674306,0.751228580908625,1,1,457008451
0.375039905739423,0.993348160253596,1,1,457008451
0.332654097723935,0.059622940665878,1,1,457008451
0.558924978622539,0.545483005561376,1,1,457008451
0.72615942872954,0.241112798032764,1,1,457008451
0.083474225741515,0.257179109603583,1,1,457008451
0.957544774824608,0.252435476626083,1,1,457008451
0.2225321891058,0.740495163384885,1,1,457008451
0.723166199175252,0.275960091493576,1,1,457008451
0.650270153033077,0.116926268236495,1,1,457008451
0.428060811574628,0.486539715124207,1,1,457008451
0.540037500017032,0.39375959250313,1,1,457008451
0.61101057246997,0.783929396338667,1,1,457008451
0.89575416751468,0.56241942439054,1,1,457008451
0.471974382599107,0.336869700566791,1,1,457008451
0.971953691433308,0.950937094345504,1,1,457008451
0.641689583802962,0.508568332626821,1,1,457008451
0.120032155803031,0.414438324793341,1,1,457008451
0.267814210258414,0.363195650098035,1,1,457008451
0.035952652571812,0.405548488167089,1,1,457008451
0.082801446662001,0.489141882298741,1,1,457008451
0.178601509660918,0.830874643398534,1,1,457008451
0.365768709562255,0.317167661681908,1,1,457008451
0.078186651987033,0.870230228660325,1,1,457008451
0.613943021988477,0.460211385454976,1,1,457008451
0.360514489440935,0.612026745370999,1,1,457008451
0.298835788959605,0.856500382685861,1,1,457008451
0.575676697579534,0.441264052696539,1,1,457008451
0.298119664163676,0.65874531797512,1,1,457008451
0.338624003881029,0.605809342485487,1,1,457008451
0.466250503977311,0.879580162367524,1,1,457008451
0.864298662779826,0.282161784649272,1,1,457008451
0.335198508551272,0.777043047916769,1,1,457008451
0.711443363646491,0.763658783823018,1,1,457008451
0.121221719702003,0.843775798158548,1,1,457008451
0.436899185199453,0.102086448377786,1,1,457008451
0.054436432959082,0.049752965573114,1,1,457008451
0.906150779976826,0.647915504235119,1,1,457008451
0.545009120639152,0.680734168178978,1,1,457008451
0.206071932156425,0.454891314511589,1,1,457008451
0.853113929108475,0.713265819549179,1,1,457008451
0.462270396800139,0.441464665032945,1,1,457008451
0.73937189530727,0.171941852425732,1,1,457008451
0.376125918992164,0.534557576628944,1,1,457008451
0.038306228233212,0.325765063517537,1,1,457008451
0.965560679827512,0.760416427414932,1,1,457008451
0.21942015842961,0.897834340542384,1,1,457008451
0.818776929072493,0.392812396728903,1,1,457008451
0.778822939247826,0.686215068365245,1,1,457008451
0.15164160081274,0.820606989947587,1,1,457008451
0.7389004604331,0.123733593337691,1,1,457008451
0.097093281805588,0.754708319063647,1,1,457008451
0.62434728283702,0.340568549907408,1,1,457008451
0.948891894975312,0.758701644348552,1,1,457008451
0.02994667808487,0.23589566771878,1,1,457008451
0.532227303043232,0.857945323344092,1,1,457008451
0.298806395973019,0.913474566068041,1,1,457008451
0.480147569001676,0.158681301261507,1,1,457008451
0.889327405008106,0.590949418075586,1,1,457008451
0.957463736747697,0.991716941068634,1,1,457008451
0.725003693354798,0.753768202735597,1,1,457008451
0.292732855666298,0.084493226182,1,1,457008451
0.193221292369777,0.892007439890076,1,1,457008451
0.054116131915642,0.660861296206052,1,1,457008451
0.487544916738336,0.632023205336321,1,1,457008451
0.336355038356715,0.169648025819605,1,1,457008451
0.672551391426762,0.454730737993431,1,1,457008451
0.413802778917468,0.551098814357425,1,1,457008451
0.19108861278264,0.478448980806584,1,1,457008451
0.458394289390015,0.564543259977091,1,1,457008451
0.530909806661872,0.976628277794138,1,1,457008451
0.721633266496426,0.721137573386786,1,1,457008451
0.420952767238242,0.399412951335877,1,1,457008451
0.436119654832308,0.792295622374418,1,1,457008451
0.237104031571256,0.672872596426359,1,1,457008451
0.704836838705153,0.697427391444842,1,1,457008451
0.263108626675559,0.46086967711104,1,1,457008451
0.815362679885916,0.813862609390644,1,1,457008451
0.074355985262078,0.891912714097916,1,1,457008451
0.741364047707015,0.397344273576008,1,1,457008451
0.590592876786271,0.976978079610693,1,1,457008451
0.075179844808741,0.853234912346406,1,1,457008451
0.278185203878295,0.574165842962226,1,1,457008451
0.2729926656531,0.056586290481353,1,1,457008451
0.573369633138207,0.292187743096194,1,1,457008451
0.888034806241632,0.783480981291258,1,1,457008451
0.897051963841908,0.689034764678617,1,1,457008451
0.352924441346106,0.917495261619804,1,1,457008451
0.472109226457005,0.098401619287012,1,1,457008451
0.895934626513677,0.354219738576103,1,1,457008451
0.292790701722025,0.445300315731914,1,1,457008451
0.916705470023562,0.951805162228305,1,1,457008451
0.939457310672167,0.648251713933038,1,1,457008451
0.57832148887611,0.461381774163962,1,1,457008451
0.751741905083503,0.068095408383279,1,1,457008451
0.977691413552921,0.476648339825728,1,1,457008451
0.637552914700187,0.439822891417764,1,1,457008451
0.918466993716513,0.200107983947269,1,1,457008451
0.52881861504108,0.368945023861085,1,1,457008451
0.167570979190766,0.027820567015124,1,1,457008451
0.184320494673725,0.819548092094277,1,1,457008451
0.562186339478997,0.612736636139073,1,1,457008451
0.412033471091747,0.588575920748997,1,1,457008451
0.409253243684645,0.462185268866768,1,1,457008451
0.811711606722769,0.234508354415868,1,1,457008451
0.850966987145246,0.926846103275833,1,1,457008451
0.823028410063998,0.308488919947132,1,1,457008451
0.257463854978784,0.646543945874433,1,1,457008451
0.205400562875518,0.02208740800098,1,1,457008451
0.251828667525455,0.132461482654527,1,1,457008451
0.072694631884822,0.678266289602292,1,1,457008451
0.672751855510852,0.185874291465785,1,1,457008451
0.259336601860922,0.290751939775096,1,1,457008451
0.636609923413781,0.280269451369813,1,1,457008451
0.103914234028244,0.821895257945027,1,1,457008451
0.873438485191436,0.866717204299367,1,1,457008451
0.702182771545255,0.380238562989965,1,1,457008451
0.680211861109148,0.80162284116839,1,1,457008451
0.303454562606602,0.536388670795428,1,1,457008451
0.160039057662201,0.741493988712869,1,1,457008451
0.802673615907864,0.639428746163321,1,1,457008451
0.897330966719305,0.401115811115414,1,1,457008451
0.215046719221271,0.645984484777119,1,1,457008451
0.856689141264532,0.029535040412676,1,1,457008451
0.610922332675033,0.510192947806316,1,1,457008451
0.087211624496067,0.3225111852465,1,1,457008451
0.235679502502027,0.625205016143769,1,1,457008451
0.764106607701219,0.260601079801421,1,1,457008451
0.442709069834024,0.15548544494983,1,1,457008451
0.205950304378362,0.038801079069311,1,1,457008451
0.627139634855885,0.354057345684963,1,1,457008451
0.768620370041025,0.336678446100357,1,1,457008451
0.563781302817717,0.119970542543333,1,1,457008451
0.93588178031952,0.667182061713315,1,1,457008451
0.424830201555121,0.118656045484919,1,1,457008451
0.501797305993503,0.437829507212694,1,1,457008451
0.281197714712742,0.761462121124034,1,1,457008451
0.471579666950383,0.659726134053908,1,1,457008451
0.075897802508015,0.220549546044485,1,1,457008451
0.195198761798583,0.947879393010917,1,1,457008451
0.898746841656488,0.441457202379424,1,1,457008451
0.292001449890189,0.5705287174554,1,1,457008451
0.888700351292624,0.808031376595143,1,1,457008451
0.12479742485315,0.825720680688932,1,1,457008451
0.243471510895134,0.713045154724806,1,1,457008451
0.938310125893425,0.95011501541546,1,1,457008451
0.625646237863947,0.792717485356744,1,1,457008451
0.289586221189453,0.098016695969675,1,1,457008451
0.720330683845345,0.994473434585762,1,1,457008451
0.066903321048605,0.667885801194492,1,1,457008451
0.82143640953517,0.964670954524082,1,1,457008451
0.218910420808339,0.399085200370064,1,1,457008451
0.102029619873084,0.466651522760061,1,1,457008451
0.297180997388797,0.213384209779361,1,1,457008451
0.658740541128795,0.66935530928345,1,1,457008451
0.053054033287445,0.733743374183083,1,1,457008451
0.511049801768838,0.182874033505335,1,1,457008451
0.62358341334197,0.777164326494635,1,1,457008451
0.483338543424522,0.659697713292555,1,1,457008451
0.291611862931851,0.888895559905072,1,1,457008451
0.300909829205327,0.62904423104393,1,1,457008451
0.411430157808346,0.162043366677583,1,1,457008451
0.290758588250255,0.986543242474336,1,1,457008451
0.854178536855339,0.169644936538351,1,1,457008451
0.793688430584379,0.222679370715531,1,1,457008451
0.246091856237598,0.825518067366753,1,1,457008451
0.766443026003005,0.040781537008663,1,1,457008451
0.347885599588264,0.3857102542211,1,1,457008451
0.080841075230501,0.488979017512559,1,1,457008451
0.155025495152948,0.604127197179087,1,1,457008451
0.711473351594289,0.110427060625348,1,1,457008451
0.686317980149612,0.263929149791924,1,1,457008451
0.344341179875647,0.902237617667929,1,1,457008451
0.972204970945604,0.920540902182913,1,1,457008451
0.935885616958549,0.065934289434195,1,1,457008451
0.454341200850726,0.712629075883486,1,1,457008451
0.405177339238647,0.630882438777246,1,1,457008451
0.864477667825533,0.524158518270326,1,1,457008451
0.951607155546555,0.037028917834492,1,1,457008451
0.663370432602609,0.613647043777649,1,1,457008451
0.456237656600182,0.674418429796523,1,1,457008451
0.289378767609567,0.065995724298471,1,1,457008451
0.047046486328885,0.194336426091404,1,1,457008451
0.791612654235564,0.067779756508911,1,1,457008451
0.18661268613316,0.130560959935302,1,1,457008451
0.90393414838692,0.058642733558461,1,1,457008451
0.575367001961124,0.999089387694317,1,1,457008451
0.253813236669916,0.269444982271282,1,1,457008451
0.754347995834145,0.580837756818253,1,1,457008451
0.193983448083215,0.022074345687396,1,1,457008451
0.538476152173685,0.534194481104993,1,1,457008451
0.695038231798342,0.436335722263646,1,1,457008451
0.314677661650028,0.832941531926378,1,1,457008451
0.843554321326463,0.866093415021173,1,1,457008451
0.798761211325642,0.779940740472758,1,1,457008451
0.753023455950525,0.469848209293265,1,1,457008451
0.060769992218228,0.508113995292677,1,1,457008451
0.113819294272757,0.810188803372707,1,1,457008451
0.500602752589592,0.947630106782146,1,1,457008451
0.183621774460537,0.272065179513763,1,1,457008451
0.984016802265196,0.211843291355807,1,1,457008451
0.751166193641034,0.391589186968754,1,1,457008451
0.533697387093529,0.234411538338738,1,1,457008451
0.493879774065232,0.895075505771322,1,1,457008451
0.810897198805378,0.276155267373945,1,1,457008451
0.193913860088476,0.362293882387498,1,1,457008451
0.120220629716419,0.612600151840539,1,1,457008451
0.477275043389521,0.948411493374379,1,1,457008451
0.823447518560382,0.311780524345987,1,1,457008451
0.097203921010247,0.525861904767883,1,1,457008451
0.857861516918687,0.516762332565688,1,1,457008451
0.295645449412483,0.940385142827398,1,1,457008451
0.520368388191089,0.058478071624245,1,1,457008451
0.445600250938728,0.814740803112498,1,1,457008451
0.80076000966766,0.541848188066271,1,1,457008451
0.002341429004525,0.479104613288796,1,1,457008451
0.325800180683987,0.271796916767563,1,1,457008451
0.772926976582345,0.158915971864899,1,1,457008451
0.41037839705724,0.515652768186793,1,1,457008451
0.6511327355836,0.508952079534863,1,1,457008451
0.802798353574544,0.634557119624195,1,1,457008451
0.258876781339015,0.946662333760485,1,1,457008451
0.458338143463783,0.558887030916292,1,1,457008451
0.385400876047526,0.008304119332227,1,1,457008451
0.078539487863486,0.931331023795158,1,1,457008451
0.721920254565607,0.128179040977742,1,1,457008451
0.213253283078757,0.996139894936277,1,1,457008451
0.152148342754303,0.824276397695408,1,1,457008451
0.438289818782582,0.974206514842374,1,1,457008451
0.778047883976241,0.262888962929099,1,1,457008451
0.49359152898867,0.231012768155392,1,1,457008451
0.935356076873135,0.570273092027997,1,1,457008451
0.29516696550711,0.018113010941741,1,1,457008451
0.68487569722114,0.06118383868622,1,1,457008451
0.418594729634052,0.948707602520356,1,1,457008451
0.653220275328642,0.76212305559203,1,1,457008451
0.992726598817538,0.65399195338904,1,1,457008451
0.640646143568293,0.221396482399344,1,1,457008451
0.939289370431422,0.25934987184466,1,1,457008451
0.11379989570458,0.618583528382522,1,1,457008451
0.147404880467457,0.418092584615233,1,1,457008451
0.557654946068147,0.61278135928978,1,1,457008451
0.481618850247563,0.645327575098621,1,1,457008451
0.673605934076643,0.201992744651238,1,1,457008451
0.487848212094631,0.605674475645233,1,1,457008451
0.579635716289266,0.105284674705982,1,1,457008451
0.283728476379187,0.825927669352884,1,1,457008451
0.493664046207524,0.824852879455988,1,1,457008451
0.3981613584002,0.027398268659542,1,1,457008451
0.862633292973172,0.596885211865941,1,1,457008451
0.259434617154695,0.902551161478816,1,1,457008451
0.537581341204623,0.898124169389488,1,1,457008451
0.62210540047651,0.696685239776071,1,1,457008451
0.388896978298132,0.039287351348965,1,1,457008451
0.469909186779083,0.397787942422916,1,1,457008451
0.706149029832304,0.647011940436715,1,1,457008451
0.835276561656863,0.686327870417847,1,1,457008451
0.833325132288976,0.512747262090408,1,1,457008451
0.53561059606491,0.051632779423224,1,1,457008451
0.75301176402967,0.370027430268841,1,1,457008451
0.04229725000896,0.642631652404334,1,1,457008451
0.751992321414479,0.650813674590694,1,1,457008451
0.570492708748832,0.488123840557483,1,1,457008451
0.875935312572843,0.167103847350057,1,1,457008451
0.006050501406356,0.695370248076818,1,1,457008451
0.61229019133674,0.965764531565987,1,1,457008451
0.470522750772094,0.115684459185862,1,1,457008451
0.128203491389119,0.312548785133353,1,1,457008451
0.165989323761893,0.751834685081013,1,1,457008451
0.434213326909307,0.875520546772258,1,1,457008451
0.638539600465776,0.874450145977382,1,1,457008451
0.044675777395139,0.698614411369831,1,1,457008451
0.75255170167433,0.413258178126123,1,1,457008451
0.062321470554171,0.482817287605052,1,1,457008451
0.477483697591835,0.693861503928758,1,1,457008451
0.127036874543734,0.025466528455868,1,1,457008451
0.0547131271506,0.001897533014986,1,1,457008451
0.337909146047533,0.40741649183175,1,1,457008451
0.234029619201119,0.773804584678233,1,1,457008451
0.082769355477787,0.663333738578205,1,1,457008451
0.047707333698515,0.437052717813968,1,1,457008451
0.690914125899696,0.222138479927778,1,1,457008451
0.024653014744823,0.05257973640389,1,1,457008451
0.962380684728664,0.362618219363201,1,1,457008451
0.837946853583191,0.948305459599661,1,1,457008451
0.921096005425818,0.293496529835763,1,1,457008451
0.126162613124425,0.47498051886192,1,1,457008451
0.589416007627886,0.23774897871187,1,1,457008451
0.632174589632072,0.864258578310954,1,1,457008451
0.188015792701662,0.077714397616247,1,1,457008451
0.86272895686367,0.923763594293299,1,1,457008451
0.927787645791139,0.700559146681028,1,1,457008451
0.187877373181325,0.965056849088293,1,1,457008451
0.479348276689972,0.172908603317599,1,1,457008451
0.671440941166108,0.927790938786344,1,1,457008451
0.280952899410135,0.268968463664795,1,1,457008451
0.951993258342022,0.136970948166487,1,1,457008451
0.077058015676396,0.678216419664579,1,1,457008451
0.178421343655144,0.510125796913695,1,1,457008451
0.467471194068968,0.426752038449038,1,1,457008451
0.344943337914357,0.317325594077878,1,1,457008451
0.790970402826772,0.660650937024026,1,1,457008451
0.367532877045547,0.789363463460827,1,1,457008451
0.367471792340864,0.960177004779587,1,1,457008451
0.897019540555688,0.968053327473496,1,1,457008451
0.979269001181983,0.780464343412814,1,1,457008451
0.173705645069566,0.197478084096668,1,1,457008451
0.484563577268555,0.44728793394997,1,1,457008451
0.194159723521868,0.566154735845216,1,1,457008451
0.625450373934208,0.375800889864092,1,1,457008451
0.082917481752536,0.427466938783048,1,1,457008451
0.417717792708034,0.825622490488466,1,1,457008451
0.840141140608033,0.849346976238486,1,1,457008451
0.99126768425716,0.55742058305939,1,1,457008451
0.570858479044203,0.474073273113646,1,1,457008451
0.387655240188362,0.214138464121701,1,1,457008451
0.892223577256585,0.805181260677596,1,1,457008451
0.615194327787036,0.114274904179267,1,1,457008451
0.462310624107131,0.380868984917003,1,1,457008451
0.212269212148035,0.415133598039366,1,1,457008451
0.47727361243815,0.64191113504132,1,1,457008451
0.675938849675026,0.280715946057376,1,1,457008451
0.543274231248011,0.556978521886901,1,1,457008451
0.375615206715176,0.771939219977412,1,1,457008451
0.545400874590133,0.229392208660317,1,1,457008451
0.990542372055213,0.666119872709833,1,1,457008451
0.00787212704614,0.776724977199704,1,1,457008451
0.084998800749613,0.308169058891393,1,1,457008451
0.968137952384345,0.748294994010783,1,1,457008451
0.166589746595803,0.89770642860091,1,1,457008451
0.572062893685288,0.225479925146478,1,1,457008451
0.460693001985571,0.324304544309958,1,1,457008451
0.438194835058913,0.535912042766945,1,1,457008451
0.678065784637383,0.777335424068664,1,1,457008451
0.336194449418184,0.204998140201684,1,1,457008451
0.252816151519255,0.877397784875654,1,1,457008451
0.877819446228367,0.366840493694516,1,1,457008451
0.884387742333248,0.003061425082631,1,1,457008451
0.728429278620412,0.361518272169679,1,1,457008451
0.729901734732944,0.819673396503158,1,1,457008451
0.312795317270503,0.656821285702922,1,1,457008451
0.26214531643795,0.756227998440296,1,1,457008451
0.11107238919728,0.549911045513918,1,1,457008451
0.633691387966716,0.321810562926623,1,1,457008451
0.419107718334738,0.328016620925001,1,1,457008451
0.36907938031316,0.704883001344782,1,1,457008451
0.881833436460324,0.697156048059502,1,1,457008451
0.344682302567227,0.056686566121487,1,1,457008451
0.199309553840883,0.324006327644958,1,1,457008451
0.309830827555725,0.22429555866531,1,1,457008451
0.152054128489901,0.278428252490872,1,1,457008451
0.652960127360144,0.469362863898609,1,1,457008451
0.495618094643887,0.012784938911266,1,1,457008451
0.72299058145365,0.885356671308286,1,1,457008451
0.333932225440683,0.269075820123056,1,1,457008451
0.778849010759925,0.809095198025261,1,1,457008451
0.296774114503799,0.96604050173376,1,1,457008451
0.55898218982893,0.511644076648852,1,1,457008451
0.218773463873325,0.685770159004876,1,1,457008451
0.537909592990897,0.849148862324888,1,1,457008451
0.045694227365024,0.852996224896441,1,1,457008451
0.16830816033055,0.355933162889686,1,1,457008451
0.378302308787189,0.08010965917268,1,1,457008451
0.794816433171116,0.470200368241007,1,1,457008451
0.404948149546307,0.437096524177641,1,1,457008451
0.469691343977838,0.196934863770721,1,1,457008451
0.971063393428632,0.597958278278678,1,1,457008451
0.600646106416079,0.533106778878204,1,1,457008451
0.18709183980772,0.913818491052656,1,1,457008451
0.217642559270396,0.407041627691403,1,1,457008451
0.285944214273601,0.467800094938637,1,1,457008451
0.65810728435041,0.716824090566611,1,1,457008451
0.406887786910651,0.077890053097868,1,1,457008451
0.638985727411904,0.291863438201015,1,1,457008451
0.604850874203818,0.031391532014236,1,1,457008451
0.009243758513097,0.247255523180898,1,1,457008451
0.662443896826004,0.058196202348756,1,1,457008451
0.957871852525047,0.252333988991487,1,1,457008451
0.216567791452599,0.679991942491745,1,1,457008451
0.09014199571589,0.692811537844422,1,1,457008451
