0.302301899029286,0.608654492775582,1,1,457008451
0.578812871535693,0.570169549141732,1,1,457008451
0.663832817162276,0.309454073907816,1,1,457008451
0.54717431150032,0.252462376194336,1,1,457008451
0.085506925203487,0.193340818050705,1,1,457008451
0.947266968373897,0.8674605695939,1,1,457008451
0.555658850492647,0.15745578198688,1,1,457008451
0.459308989982613,0.212064485352882,1,1,457008451
0.291689068029715,0.354147184861367,1,1,457008451
0.357306250510003,0.541178335642568,1,1,457008451
0.526933401572998,0.136154025153201,1,1,457008451
0.861018413880215,0.494742211376549,1,1,457008451
0.488188580837068,0.099252381183207,1,1,457008451
0.2258982260112,0.723377006989906,1,1,457008451
0.177327079478394,0.023542413724532,1,1,457008451
0.710316719273736,0.481105909261467,1,1,457008451
0.411255726957388,0.30068672577711,1,1,457008451
0.603332418721082,0.56787298506939,1,1,457008451
0.071542552380346,0.126793770133525,1,1,457008451
0.696458016546261,0.525087710715697,1,1,457008451
0.668356499972118,0.339272625339104,1,1,457008451
0.939323045657498,0.914182388775355,1,1,457008451
0.132935098613595,0.280868638707697,1,1,457008451
0.531826580295151,0.841176120128536,1,1,457008451
0.218615707984656,0.48522153697004,1,1,457008451
0.374319399705038,0.629498287728322,1,1,457008451
0.012535781719027,0.295671328013993,1,1,457008451
0.622550057108852,0.68883098542128,1,1,457008451
0.838428382335086,0.752669189054636,1,1,457008451
0.075554928752689,0.179488556169772,1,1,457008451
0.265509031306158,0.215034357243517,1,1,457008451
0.26236726536718,0.029859738538106,1,1,457008451
0.029270936835476,0.216429799777655,1,1,457008451
0.387366274373372,0.22869585505527,1,1,457008451
0.417075178507461,0.000813016302326,1,1,457008451
0.744281404989624,0.084536385206274,1,1,457008451
0.074743328515259,0.02925100480577,1,1,457008451
0.815313730582484,0.321320896012254,1,1,457008451
0.249930003539445,0.505370784424014,1,1,457008451
0.034530348147659,0.462244339889992,1,1,457008451
0.203873355382234,0.627850404726236,1,1,457008451
0.11363405049603,0.943170278664562,1,1,457008451
0.895191657878251,0.845737369124026,1,1,457008451
0.903405000228975,0.792424563215406,1,1,457008451
0.067714439046267,0.866015108494782,1,1,457008451
0.995557173184177,0.515550062440589,1,1,457008451
0.55890710052106,0.542720087959694,1,1,457008451
0.657447036991178,0.03161003073583,1,1,457008451
0.986268154371086,0.063045518759999,1,1,457008451
0.236017820892547,0.121886595335141,1,1,457008451
0.966148537500957,0.0382503325642,1,1,457008451
0.867557327567803,0.872327863654802,1,1,457008451
0.672762652835582,0.205824623557904,1,1,457008451
0.186293516575356,0.017855246651821,1,1,457008451
0.854731564542271,0.454246053485273,1,1,457008451
0.737546252406678,0.929650426047571,1,1,457008451
0.392318279022908,0.792794032793381,1,1,457008451
0.970100053869092,0.225799154791879,1,1,457008451
0.10058623963153,0.706271610416084,1,1,457008451
0.007657099143599,0.63117672664919,1,1,457008451
0.762031787689112,0.05811792714464,1,1,457008451
0.880675649075868,0.76421840614837,1,1,457008451
0.306812092487053,0.335276246724086,1,1,457008451
0.537593946657013,0.986224900758566,1,1,457008451
0.649510065948826,0.564316433478861,1,1,457008451
0.748385306474061,0.313111555005864,1,1,457008451
0.938448454164506,0.670692421106569,1,1,457008451
0.963585138350315,0.660017743626031,1,1,457008451
0.876884969195413,0.401649184633252,1,1,457008451
0.298376261446907,0.365950116571396,1,1,457008451
0.334991553365703,0.188175247828094,1,1,457008451
0.074013672951049,0.028641914411569,1,1,457008451
0.687340272150653,0.482530957629277,1,1,457008451
0.767816040197247,0.169067920685159,1,1,457008451
0.182689248597915,0.175264330522626,1,1,457008451
0.798145666027678,0.140562506409784,1,1,457008451
0.181182127594532,0.669260036415586,1,1,457008451
0.302244335815232,0.999246189304626,1,1,457008451
0.278644894905036,0.06824917396033,1,1,457008451
0.952488322271939,0.760473848497914,1,1,457008451
0.178484220434727,0.72334093243709,1,1,457008451
0.900569755179428,0.580275457900799,1,1,457008451
0.668761683704443,0.073519481113571,1,1,457008451
0.139308549395698,0.921268121744252,1,1,457008451
0.215338883006471,0.314682608314588,1,1,457008451
0.928242971734259,0.6892760755782,1,1,457008451
0.491558291349225,0.936681512471511,1,1,457008451
0.441843288611866,0.659902857298969,1,1,457008451
0.630745351811829,0.578953368545833,1,1,457008451
0.468137346074825,0.25355809858351,1,1,457008451
0.109887614533881,0.972721941597708,1,1,457008451
0.810733206638365,0.862948638734367,1,1,457008451
0.951166632754739,0.96137374877696,1,1,457008451
0.028668288611689,0.488802036342974,1,1,457008451
0.362589450514893,0.72050013801096,1,1,457008451
0.286210652831338,0.397598112209471,1,1,457008451
0.02978587940935,0.33522876872082,1,1,457008451
0.37868271681933,0.87934164467309,1,1,457008451
0.0181086245928,0.83485046784598,1,1,457008451
0.450573340122088,0.953917903297464,1,1,457008451
0.647493878037909,0.633380470489226,1,1,457008451
0.528649680175174,0.05132991983091,1,1,457008451
0.762109460080079,0.079575625330541,1,1,457008451
0.755474839628448,0.274124208574745,1,1,457008451
0.532638715259065,0.48106230858133,1,1,457008451
0.127683646853929,0.839569897830383,1,1,457008451
0.30111839867526,0.53461232476535,1,1,457008451
0.61856326565868,0.694663712964187,1,1,457008451
0.00656882720207,0.568236663472417,1,1,457008451
0.795931398624269,0.098790973106832,1,1,457008451
0.41422545040075,0.380650716220577,1,1,457008451
0.433999397440809,0.176880921306329,1,1,457008451
0.712000796620396,0.749796188228574,1,1,457008451
0.161853990759697,0.060152348406559,1,1,457008451
0.034876154364924,0.874488489556865,1,1,457008451
0.891385279019341,0.252053041061025,1,1,457008451
0.131243178756633,0.11189116161177,1,1,457008451
0.623935162994866,0.283754948381872,1,1,457008451
0.694784960473948,0.378401260952715,1,1,457008451
0.247634998137714,0.556574063406833,1,1,457008451
0.851307431859539,0.492663132417709,1,1,457008451
0.106346920731735,0.507942700963372,1,1,457008451
0.91200152708938,0.556810124589713,1,1,457008451
0.446318305568799,0.883068680451757,1,1,457008451
0.782937315101493,0.195666886949963,1,1,457008451
0.32810427602385,0.946174630748481,1,1,457008451
0.355161165131983,0.103528075436194,1,1,457008451
0.229008827865873,0.923217827383658,1,1,457008451
0.790588075666396,0.884261374550032,1,1,457008451
0.355239651476293,0.83224909316118,1,1,457008451
0.865950484043544,0.612866088923251,1,1,457008451
0.633167885173676,0.128076956660533,1,1,457008451
0.440386512084767,0.895251362316522,1,1,457008451
0.455528824830886,0.264661288148097,1,1,457008451
0.671819671272798,0.457880406991512,1,1,457008451
0.521095108278408,0.361668065659173,1,1,457008451
0.823103287740156,0.460060669999923,1,1,457008451
0.525299207946827,0.650875240604909,1,1,457008451
0.370972661862938,0.789042062171731,1,1,457008451
0.034477335922885,0.273626979763157,1,1,457008451
0.659168633777691,0.571718435831209,1,1,457008451
0.607852092077198,0.30229169177199,1,1,457008451
0.521666294530673,0.01661030093634,1,1,457008451
0.119066859905812,0.566687098573234,1,1,457008451
0.142762927097573,0.485939674052679,1,1,457008451
0.273029660602088,0.980692977034554,1,1,457008451
0.917849882177677,0.38999051330191,1,1,457008451
0.514020208418765,0.5847807719449,1,1,457008451
0.232012932487063,0.094581239633136,1,1,457008451
0.877458468174002,0.446946192805217,1,1,457008451
0.883176285773815,0.537358560887664,1,1,457008451
0.850429034328742,0.89753961039378,1,1,457008451
0.342325619256864,0.659754602496843,1,1,457008451
0.975000388601982,0.312746003595684,1,1,457008451
0.165415941904709,0.078832266872188,1,1,457008451
0.753573918880248,0.806974963628848,1,1,457008451
0.649890110467433,0.646876479693147,1,1,457008451
0.396942290845855,0.746178131185173,1,1,457008451
0.263304731757379,0.676471669480825,1,1,457008451
0.093432769283497,0.952119879204669,1,1,457008451
0.462379503747794,0.644938973705352,1,1,457008451
0.771455780723138,0.831884944047517,1,1,457008451
0.267857566519602,0.134389063216246,1,1,457008451
0.777974732421409,0.437413618590515,1,1,457008451
0.363883680585921,0.612279840642641,1,1,457008451
0.501858185743666,0.63661440501138,1,1,457008451
0.550178152283635,0.412250153793174,1,1,457008451
0.73377099766816,0.160610214010882,1,1,457008451
0.091104150189247,0.936134812185124,1,1,457008451
0.473206068520377,0.280933504742884,1,1,457008451
0.877796831781684,0.665447567056603,1,1,457008451
0.968453895339726,0.265992210410482,1,1,457008451
0.34784257378563,0.044252736586823,1,1,457008451
0.006752483424241,0.56788746137684,1,1,457008451
0.79156743543034,0.675228045295074,1,1,457008451
0.859555164580261,0.898670651215162,1,1,457008451
0.014813769594143,0.556854948516624,1,1,457008451
0.831799388591631,0.969386104458515,1,1,457008451
0.325154510020151,0.282054429667312,1,1,457008451
0.064255102678562,0.685753025936515,1,1,457008451
0.461814926292404,0.217220296143677,1,1,457008451
0.094476047972507,0.021098388245984,1,1,457008451
0.399142013989738,0.685483769604362,1,1,457008451
0.694573357859758,0.620159873213183,1,1,457008451
0.919281743253455,0.089176646651405,1,1,457008451
0.672975290013147,0.426636564293742,1,1,457008451
0.471794989181652,0.723842814367736,1,1,457008451
0.652533159502841,0.272871734984882,1,1,457008451
0.116263232829452,0.759780633862731,1,1,457008451
0.318778226693768,0.42181121913792,1,1,457008451
0.278505201161832,0.496982100965824,1,1,457008451
0.26982962116934,0.509387460865958,1,1,457008451
0.64184622333016,0.535466461710098,1,1,457008451
0.393399217558409,0.199738118407916,1,1,457008451
0.741952205845812,0.945389945763147,1,1,457008451
0.646533962547783,0.136175178434887,1,1,457008451
0.737060634871846,0.86994526646258,1,1,457008451
0.220182032634698,0.447578696484153,1,1,457008451
0.385010901568737,0.248947501830656,1,1,457008451
0.333364427260307,0.152897278683809,1,1,457008451
0.474297200043895,0.512136276126753,1,1,457008451
0.320678469889655,0.295694708343651,1,1,457008451
0.828436972188298,0.158606167019886,1,1,457008451
0.252055571272701,0.536190426870725,1,1,457008451
0.531268500403083,0.112410830349353,1,1,457008451
0.055140805802237,0.229999068977673,1,1,457008451
0.205361466622139,0.62426866127139,1,1,457008451
0.998356616897838,0.730782223689904,1,1,457008451
0.01654470017019,0.275430760008726,1,1,457008451
0.436659252742406,0.76828343427601,1,1,457008451
0.574625510626921,0.332154946381536,1,1,457008451
0.922190778101805,0.273725206628184,1,1,457008451
0.053695332426606,0.297862152570197,1,1,457008451
0.138475749583355,0.951304273090695,1,1,457008451
0.664986880508353,0.014934269485187,1,1,457008451
0.629506319157898,0.22753013679767,1,1,457008451
0.081068198810673,0.079245920435956,1,1,457008451
0.964005117675632,0.949408409056806,1,1,457008451
0.532229158897856,0.647904466225463,1,1,457008451
0.800350693564249,0.347979298365421,1,1,457008451
0.074236760363137,0.944306354826808,1,1,457008451
0.299095109775493,0.335479312496556,1,1,457008451
0.961205150131135,0.89450005073724,1,1,457008451
0.467699307581211,0.162401092768941,1,1,457008451
0.148147326390622,0.364978911063005,1,1,457008451
0.316056495814915,0.824985635074408,1,1,457008451
0.694845476529995,0.41441008685457,1,1,457008451
0.151569681609571,0.38418754145718,1,1,457008451
0.245996979412256,0.820438445034427,1,1,457008451
0.948994303323677,0.533912813043997,1,1,457008451
0.822163921363963,0.897587106898355,1,1,457008451
0.492952635722097,0.339335644069723,1,1,457008451
0.871873923037937,0.28340924358488,1,1,457008451
0.909971676765902,0.055359388216772,1,1,457008451
0.907290447243624,0.937428482236382,1,1,457008451
0.282091607845615,0.330793796011924,1,1,457008451
0.074191213195153,0.071037986644367,1,1,457008451
0.265537451249728,0.905579043856505,1,1,457008451
0.691563433370517,0.106411370411032,1,1,457008451
0.025641336025351,0.116394756231078,1,1,457008451
0.136945164672044,0.048611021087037,1,1,457008451
0.343148808014952,0.140249699155787,1,1,457008451
0.450712112549539,0.847462605773858,1,1,457008451
0.447237199533254,0.926156257392654,1,1,457008451
0.685829713768592,0.424397076698066,1,1,457008451
0.987020099706731,0.191750950071274,1,1,457008451
0.339160654531156,0.044344501960165,1,1,457008451
0.566006502406101,0.694730562997176,1,1,457008451
0.16623805137538,0.623896647764978,1,1,457008451
0.432929339500066,0.228231028810474,1,1,457008451
0.3034851820632,0.384338253517732,1,1,457008451
0.247552778108242,0.434784100889682,1,1,457008451
0.90018266571075,0.981779580458613,1,1,457008451
0.321513270719784,0.585244577197409,1,1,457008451
0.397054637228292,0.876505808165282,1,1,457008451
0.371944629872813,0.927088693769174,1,1,457008451
0.17916513138758,0.2397916052315,1,1,457008451
0.619582652581786,0.070742398759356,1,1,457008451
0.577887209129788,0.138811666026834,1,1,457008451
0.013240148163355,0.153105285182002,1,1,457008451
0.100026716985245,0.088911630070315,1,1,457008451
0.46898865634853,0.194194685927691,1,1,457008451
0.321753247952864,0.317385678483211,1,1,457008451
0.275078173940507,0.145841674156009,1,1,457008451
0.100811438370642,0.244040585984262,1,1,457008451
0.232571865963483,0.620628551918905,1,1,457008451
0.632555847472413,0.751208429646722,1,1,457008451
0.67686779935301,0.184765522037829,1,1,457008451
0.403672384074709,0.789503335092248,1,1,457008451
0.256725082931324,0.400361669162617,1,1,457008451
0.282020952356938,0.745499982527636,1,1,457008451
0.235107262778973,0.510553585896624,1,1,457008451
0.821852768604913,0.783644842472612,1,1,457008451
0.120101019726695,0.775212568171175,1,1,457008451
0.360727255918715,0.067093684657189,1,1,457008451
0.634363369066309,0.98545877733277,1,1,457008451
0.637773024287915,0.360801757059851,1,1,457008451
0.387996372070917,0.611969644586837,1,1,457008451
0.472508124639011,0.025075956796758,1,1,457008451
0.13244292717444,0.375076097912339,1,1,457008451
0.509255037345598,0.818930818818918,1,1,457008451
0.141943391612381,0.763899465554015,1,1,457008451
0.154256016284299,0.249973513628794,1,1,457008451
0.09428726901094,0.177288699888588,1,1,457008451
0.610914846249215,0.431175170426316,1,1,457008451
0.804040188579717,0.911075894161351,1,1,457008451
0.353161292666154,0.534769200829464,1,1,457008451
0.299121215005339,0.174175548114398,1,1,457008451
0.467755064517075,0.969649953435683,1,1,457008451
0.025551131812584,0.68031137560976,1,1,457008451
0.043416080125261,0.351027621747113,1,1,457008451
0.415387632170156,0.132661492222625,1,1,457008451
0.187988293846433,0.179728453421565,1,1,457008451
0.65930840437586,0.09547143446462,1,1,457008451
0.314414892527707,0.90341199885682,1,1,457008451
0.28799891293848,0.329691530452105,1,1,457008451
0.052122588579333,0.693109823901813,1,1,457008451
0.08544619392077,0.658953734098831,1,1,457008451
0.512483049833621,0.835873242049481,1,1,457008451
0.932436527978738,0.827710007141048,1,1,457008451
0.665340587570367,0.11794994410495,1,1,457008451
0.40999853874582,0.615112948850598,1,1,457008451
0.268164137639733,0.952792810486718,1,1,457008451
0.380230197342812,0.676226458210339,1,1,457008451
0.130203292499698,0.29433647763582,1,1,457008451
0.305892360875165,0.196412732947424,1,1,457008451
0.491097771723914,0.56836030282715,1,1,457008451
0.770347378662735,0.465248988219523,1,1,457008451
0.946709639312742,0.95338932202743,1,1,457008451
0.515866491040408,0.903085895159161,1,1,457008451
0.664519099257805,0.347467161389659,1,1,457008451
0.331024877522435,0.906366617646492,1,1,457008451
0.596743519832689,0.268268030322373,1,1,457008451
0.286848626665418,0.117084204792615,1,1,457008451
0.021410965439451,0.751397849742255,1,1,457008451
0.146573584193564,0.3672617745463,1,1,457008451
0.019939050049967,0.035366895482814,1,1,457008451
0.255320558353575,0.601098915638812,1,1,457008451
0.434340244267272,0.451599539104911,1,1,457008451
0.853687508562548,0.535434302184913,1,1,457008451
0.437995749585417,0.473979569345088,1,1,457008451
0.553203881648511,0.683433500540661,1,1,457008451
0.101009448471813,0.324811715209024,1,1,457008451
0.661788527219804,0.636918000341107,1,1,457008451
0.23447448098534,0.882713988874282,1,1,457008451
0.153796686029954,0.179509452224109,1,1,457008451
0.357554975765579,0.892836852760577,1,1,457008451
0.341938066692333,0.885771258136845,1,1,457008451
0.847105731388794,0.640939190862194,1,1,457008451
0.727292774814062,0.350786874028526,1,1,457008451
0.201623218186078,0.320233442489808,1,1,457008451
0.078846771712193,0.090122714132967,1,1,457008451
0.879641301292155,0.293544825076951,1,1,457008451
0.525414898847081,0.451880634223038,1,1,457008451
0.357255601119761,0.333212763803589,1,1,457008451
0.330513747580505,0.59055341959412,1,1,457008451
0.890280647675181,0.707295356789612,1,1,457008451
0.064692715746104,0.66665387459975,1,1,457008451
0.96361412895927,0.673020367648387,1,1,457008451
0.090026388266586,0.956596716331258,1,1,457008451
0.563703311292036,0.53705932910178,1,1,457008451
0.627917173642605,0.484069445864923,1,1,457008451
0.219578407124114,0.94708371475406,1,1,457008451
0.194051984421098,0.117136865441383,1,1,457008451
0.223738474225856,0.490195594043168,1,1,457008451
0.853302381359803,0.81458120208007,1,1,457008451
0.566245546033849,0.991207209537834,1,1,457008451
0.572552711538683,0.850488107739427,1,1,457008451
0.893702935949265,0.127377486360163,1,1,457008451
0.93088628399993,0.397846002345509,1,1,457008451
0.239364117929553,0.106095799167246,1,1,457008451
0.584254782667014,0.809934916530466,1,1,457008451
0.3614388743644,0.188136230566149,1,1,457008451
0.175701302730006,0.302537673975515,1,1,457008451
0.273733475275122,0.781488549424748,1,1,457008451
0.832403313743698,0.510515130967753,1,1,457008451
0.956082493800333,0.679404786142634,1,1,457008451
0.997246205588127,0.569044373953475,1,1,457008451
0.291599579282441,0.771183106102438,1,1,457008451
0.105334229850318,0.952826752996502,1,1,457008451
0.993595008397832,0.215343548121805,1,1,457008451
0.534790658671505,0.29583046135515,1,1,457008451
0.657078759050659,0.632232848450374,1,1,457008451
0.33639406756108,0.809640222788767,1,1,457008451
0.098086861693686,0.346728891872721,1,1,457008451
0.478043404153315,0.720244250473225,1,1,457008451
0.828640527511881,0.091597278328502,1,1,457008451
0.727739366753782,0.351096903515298,1,1,457008451
0.855966861802516,0.868186120882803,1,1,457008451
0.842715462335517,0.094552660473711,1,1,457008451
0.991680643705514,0.853527608047836,1,1,457008451
0.432546663522761,0.53427534449056,1,1,457008451
0.509947170261212,0.341547724400446,1,1,457008451
0.72050975867012,0.407984272878397,1,1,457008451
0.303215897750862,0.710968276815448,1,1,457008451
0.440164248570338,0.932906403714065,1,1,457008451
0.649935578064768,0.323618496279819,1,1,457008451
0.273067969459035,0.255561969166124,1,1,457008451
0.330731562171049,0.074255799975346,1,1,457008451
0.558737291312257,0.433018567876233,1,1,457008451
0.107846074013849,0.036628593257046,1,1,457008451
0.489406516156205,0.404506294708618,1,1,457008451
0.517213097696575,0.280396418567282,1,1,457008451
0.639837158797525,0.870294796721068,1,1,457008451
0.513359310266246,0.469655897734312,1,1,457008451
0.476372211409506,0.858990818191202,1,1,457008451
0.754393109355641,0.296203424404364,1,1,457008451
0.439626522227558,0.034921879656587,1,1,457008451
0.217663947860807,0.149298740949347,1,1,457008451
0.301649464414381,0.474031027614912,1,1,457008451
0.396244775901111,0.678575710147866,1,1,457008451
0.761091251538416,0.719713787967484,1,1,457008451
0.542210107126363,0.067880478266698,1,1,457008451
0.658849854190497,0.419287473236768,1,1,457008451
0.294753351878274,0.905198590943491,1,1,457008451
0.771870534368809,0.737290241488954,1,1,457008451
0.559506524142469,0.507467009721154,1,1,457008451
0.874215508966804,0.043565004018546,1,1,457008451
0.689996570502481,0.438948350239926,1,1,457008451
0.642216346537548,0.082091712325855,1,1,457008451
0.862992124074378,0.747978581087534,1,1,457008451
0.024467450463589,0.940788725984412,1,1,457008451
0.036565405089819,0.139281548903361,1,1,457008451
0.897613553890931,0.663011957816241,1,1,457008451
0.033013783912446,0.897676906453136,1,1,457008451
0.185330333806307,0.268238625915307,1,1,457008451
0.098356426991819,0.883890512995908,1,1,457008451
0.130591944007073,0.282429685303073,1,1,457008451
0.755941122098256,0.334309357349006,1,1,457008451
0.080264630101082,0.617823466428712,1,1,457008451
0.893767076216307,0.5139061510903,1,1,457008451
0.966261445265951,0.78742020994514,1,1,457008451
0.803449901303118,0.495190760227405,1,1,457008451
0.648937511043308,0.991175590397862,1,1,457008451
0.323324866618597,0.465929404730108,1,1,457008451
0.426101585903,0.568928670878083,1,1,457008451
0.329005112809272,0.004504703803829,1,1,457008451
0.30496390727233,0.67934781445376,1,1,457008451
0.561782028109617,0.704172564864223,1,1,457008451
0.084536785831162,0.834685853221076,1,1,457008451
0.188574784867037,0.376105218425948,1,1,457008451
0.902448649666356,0.097893535433993,1,1,457008451
0.546706719523892,0.815991616303822,1,1,457008451
0.662828362485864,0.331647980074384,1,1,457008451
0.24260641049268,0.780100214897726,1,1,457008451
0.680861366456246,0.878111385983889,1,1,457008451
0.145601964416684,0.384091103800895,1,1,457008451
0.954814910533064,0.443741603959734,1,1,457008451
0.846296463385564,0.61149793980188,1,1,457008451
0.70777488889014,0.765235853746665,1,1,457008451
0.833583942622106,0.998682510433176,1,1,457008451
0.22903178023264,0.840694984200466,1,1,457008451
0.985184815472948,0.84919766338558,1,1,457008451
0.588998905382802,0.124354716060364,1,1,457008451
0.963650216146826,0.522877455630052,1,1,457008451
0.501741440957133,0.103737191452096,1,1,457008451
0.763105053752207,0.443605715491516,1,1,457008451
0.465639698838026,0.104834950467393,1,1,457008451
0.96156990221075,0.474597172910881,1,1,457008451
0.325405715428438,0.003946035307631,1,1,457008451
0.199522025651135,0.221158540084655,1,1,457008451
0.567617565516942,0.76403809961433,1,1,457008451
0.027426439064565,0.638279105283691,1,1,457008451
0.987130948466142,0.359026108342325,1,1,457008451
0.543287811741761,0.044033488976035,1,1,457008451
0.843172861899286,0.701106504978649,1,1,457008451
0.175844622119384,0.269662354047197,1,1,457008451
0.261617848318738,0.644298586414592,1,1,457008451
0.55984740287426,0.213328958238705,1,1,457008451
0.433892151250599,0.001601559363392,1,1,457008451
0.696932727381722,0.506932900900476,1,1,457008451
0.113146803601093,0.783683281375662,1,1,457008451
0.498925422127456,0.353994997699072,1,1,457008451
0.014785672013898,0.543775191430747,1,1,457008451
0.369971526388942,0.851509825013194,1,1,457008451
0.991130138237919,0.796454861676153,1,1,457008451
0.699724922773309,0.269795676623815,1,1,457008451
0.268947100549892,0.967256097294025,1,1,457008451
0.011880838275005,0.831754112963542,1,1,457008451
0.613762472515077,0.225554221309894,1,1,457008451
0.040669699509446,0.506584432843179,1,1,457008451
0.016327448742469,0.854931507755895,1,1,457008451
0.192495341205318,0.212880873414845,1,1,457008451
0.384300615385554,0.523236264382678,1,1,457008451
0.69072139002628,0.612173546869755,1,1,457008451
0.766153599606945,0.928806266982691,1,1,457008451
0.198680713493588,0.366356502283958,1,1,457008451
0.834503895361623,0.819835346516566,1,1,457008451
0.869302334776208,0.331079392936671,1,1,457008451
0.712523343769554,0.310619959048584,1,1,457008451
0.57932119334011,0.662062049856635,1,1,457008451
0.739766526503386,0.751429588223383,1,1,457008451
0.571855881793353,0.222424034819591,1,1,457008451
0.442707948946888,0.148003835787694,1,1,457008451
0.853210260803788,0.996503776809464,1,1,457008451
0.80047313290204,0.272185547327183,1,1,457008451
0.468074962870321,0.439275198346055,1,1,457008451
0.877693253575833,0.156958364344319,1,1,457008451
0.211875076461868,0.820352381561549,1,1,457008451
0.034108558781493,0.627164040886218,1,1,457008451
0.429830501280568,0.657705151203654,1,1,457008451
0.21449118844064,0.881432901990202,1,1,457008451
0.299366432523744,0.278592206290483,1,1,457008451
0.272653393090469,0.911368953871489,1,1,457008451
0.395830618913861,0.393850320784898,1,1,457008451
0.889752099049489,0.72078862207281,1,1,457008451
0.401045394745227,0.326561449550398,1,1,457008451
0.409796402763966,0.890819743096023,1,1,457008451
0.530042299870998,0.197252471252916,1,1,457008451
0.834209988674032,0.025926057102514,1,1,457008451
0.623397429784726,0.935164655573719,1,1,457008451
0.292495102360513,0.011429138375824,1,1,457008451
0.880906202713785,0.458763054499001,1,1,457008451
0.53749127087109,0.814858434996727,1,1,457008451
0.896906008460996,0.748539052086794,1,1,457008451
0.401415631902361,0.771467442320638,1,1,457008451
0.998376479582098,0.821291563626732,1,1,457008451
0.692818711815749,0.908511973323177,1,1,457008451
0.884016233684782,0.807455582037937,1,1,457008451
0.714783431395378,0.883394282534978,1,1,457008451
0.2158163465281,0.431679600491225,1,1,457008451
0.441141486541156,0.537534583231892,1,1,457008451
0.124220267457147,0.201736014803536,1,1,457008451
0.400175682690086,0.900839433694372,1,1,457008451
0.553780942904482,0.521981523181146,1,1,457008451
0.484222872952065,0.720894110665149,1,1,457008451
0.998295440982949,0.764967600668953,1,1,457008451
0.228786925204247,0.23651383894877,1,1,457008451
0.45271857433408,0.058433228509854,1,1,457008451
0.586216664169623,0.967047231258836,1,1,457008451
0.343726472114969,0.174796125158652,1,1,457008451
0.856699151444555,0.746831829719884,1,1,457008451
0.791621869647148,0.446389957755047,1,1,457008451
0.233263651711099,0.098460730021526,1,1,457008451
0.803343188267213,0.072079057980276,1,1,457008451
0.367687408868221,0.309026351347225,1,1,457008451
0.899659566334042,0.529514777570812,1,1,457008451
0.470639252611462,0.250265589300692,1,1,457008451
0.239204501010056,0.062179556299552,1,1,457008451
0.722092430088859,0.066537858373492,1,1,457008451
0.51782083487921,0.371498840378314,1,1,457008451
0.186983834156191,0.343826189817089,1,1,457008451
0.793760544575816,0.711683024561348,1,1,457008451
0.006291265813392,0.268458515560723,1,1,457008451
0.917602774567826,0.558594383255013,1,1,457008451
0.365146637968856,0.586004802407559,1,1,457008451
0.430323702135679,0.903817266245224,1,1,457008451
0.627297464866117,0.8788127335063,1,1,457008451
0.633772864471126,0.011242188026835,1,1,457008451
0.069174909276932,0.794903444289288,1,1,457008451
0.034879977591146,0.165857385878416,1,1,457008451
0.847021768236082,0.381455488685722,1,1,457008451
0.518237203367456,0.543074439231448,1,1,457008451
0.186979021340681,0.602864015093261,1,1,457008451
0.411272055139125,0.83179691627887,1,1,457008451
0.300724794448687,0.4563694642418,1,1,457008451
0.072046031732422,0.655574367380939,1,1,457008451
0.198205431836536,0.837507795552713,1,1,457008451
0.751785094571882,0.153566292098344,1,1,457008451
0.39419280985752,0.453142468797781,1,1,457008451
0.262567630325495,0.306673845160049,1,1,457008451
0.48684822392694,0.631595916998318,1,1,457008451
0.415166597120422,0.724079839164391,1,1,457008451
0.724167904695156,0.837406132361153,1,1,457008451
0.282862095957043,0.641570167526059,1,1,457008451
0.96813067392731,0.062491862194176,1,1,457008451
0.094111725078618,0.825392825374349,1,1,457008451
0.916563824941133,0.036017507958979,1,1,457008451
0.960285813291642,0.924043473919126,1,1,457008451
0.049188142194435,0.372007180983251,1,1,457008451
0.704245044938221,0.565249347759366,1,1,457008451
0.526998728691745,0.356764317301205,1,1,457008451
0.771358473448951,0.156555752976541,1,1,457008451
0.193083453475515,0.067411891058243,1,1,457008451
0.576630203931939,0.915302892044234,1,1,457008451
0.898175990430008,0.90837562557497,1,1,457008451
0.66992313788301,0.127412925212582,1,1,457008451
0.605686070792737,0.45439051635855,1,1,457008451
0.785838666176903,0.014290272265831,1,1,457008451
0.118644508144969,0.696618780523928,1,1,457008451
0.185631444170433,0.873271100519634,1,1,457008451
0.814946266355475,0.402725300464534,1,1,457008451
0.695608802248882,0.349440466400989,1,1,457008451
0.477469629248105,0.322264095441787,1,1,457008451
0.499784429836593,0.79526845379821,1,1,457008451
0.162095556322123,0.395487689050779,1,1,457008451
0.05412651053362,0.679399748470574,1,1,457008451
0.059345844762199,0.956698446510207,1,1,457008451
0.455560690870666,0.917063599504673,1,1,457008451
0.474304655057718,0.162519328196901,1,1,457008451
0.220958656735076,0.811953895463116,1,1,457008451
0.374682881820489,0.520969003339955,1,1,457008451
0.70966307376496,0.023062243700433,1,1,457008451
0.43833029766573,0.448983948289088,1,1,457008451
0.357670711052625,0.599829294227876,1,1,457008451
0.16919593416955,0.244038509014598,1,1,457008451
0.482414909924214,0.665112852830394,1,1,457008451
0.444681866065218,0.719771149342942,1,1,457008451
0.664159623537837,0.767853644724292,1,1,457008451
0.807531683065449,0.026033097527646,1,1,457008451
0.613337326556457,0.275952886846427,1,1,457008451
0.921839502667872,0.850533673547609,1,1,457008451
0.99273325008766,0.434758047524803,1,1,457008451
0.875461198433915,0.282264042560686,1,1,457008451
0.879238784452104,0.877686805290209,1,1,457008451
0.430054624574368,0.106139069103088,1,1,457008451
0.421967689959596,0.442901164507396,1,1,457008451
0.895170918198652,0.1938048501765,1,1,457008451
0.781847937178645,0.123577043773921,1,1,457008451
0.034264276475422,0.957317249194314,1,1,457008451
0.622373720605831,0.859197322591266,1,1,457008451
0.298183086221173,0.540404545482335,1,1,457008451
0.2620213122749,0.661429176923737,1,1,457008451
0.725650376737989,0.536285081141883,1,1,457008451
0.095903429941574,0.260529137693236,1,1,457008451
0.050436839305716,0.541518811706483,1,1,457008451
0.047556916422752,0.05685257698329,1,1,457008451
0.911375421521866,0.782129219000405,1,1,457008451
0.621328611824188,0.666926461703085,1,1,457008451
0.574061122546933,0.381239973304355,1,1,457008451
0.591645093817002,0.764677910801924,1,1,457008451
0.24202554494495,0.576728590315804,1,1,457008451
0.487521823692688,0.235792743745507,1,1,457008451
0.860370794837265,0.342907116458768,1,1,457008451
0.808987717359493,0.886812538535763,1,1,457008451
0.296292433087191,0.42199759385037,1,1,457008451
0.346671634891275,0.080459781512394,1,1,457008451
0.918617155965768,0.729177852680686,1,1,457008451
0.066617198360361,0.704815149335819,1,1,457008451
0.89242523572065,0.459231411536317,1,1,457008451
0.769463195594511,0.826352512726707,1,1,457008451
0.955024085761943,0.993342370674626,1,1,457008451
0.136446461427777,0.225470913418001,1,1,457008451
0.045983742587684,0.881334573423008,1,1,457008451
0.834255364285121,0.768044904478029,1,1,457008451
0.926641019265759,0.757661855869675,1,1,457008451
0.066581049854062,0.227648314425917,1,1,457008451
0.84342406497225,0.038714096922241,1,1,457008451
0.332285605658434,0.740488106203316,1,1,457008451
0.364544224048888,0.644511691812328,1,1,457008451
0.178424694444072,0.548719127745816,1,1,457008451
0.751048141540393,0.789618421073126,1,1,457008451
0.420934157674784,0.067692318933704,1,1,457008451
0.610917283293403,0.09611138126106,1,1,457008451
0.646609637753588,0.598822403210775,1,1,457008451
0.128848242139675,0.895703390075735,1,1,457008451
0.807078314555397,0.202143494426839,1,1,457008451
0.864542332709324,0.608621996059619,1,1,457008451
0.368782994529561,0.341254178623806,1,1,457008451
0.968777646972601,0.513606529166789,1,1,457008451
0.792568376597183,0.918236160343389,1,1,457008451
0.679233230568741,0.056392564637731,1,1,457008451
0.082280030538005,0.227263685679412,1,1,457008451
0.126979025011084,0.083310949042946,1,1,457008451
0.763856538285042,0.173003492537785,1,1,457008451
0.809741784254832,0.032136660701613,1,1,457008451
0.934716258969565,0.823537782163881,1,1,457008451
0.569501428296668,0.164079890936974,1,1,457008451
0.957809662080057,0.997426206293325,1,1,457008451
0.549668369065669,0.3788204455008,1,1,457008451
0.965529020541742,0.120654453970209,1,1,457008451
0.401037314234847,0.018743479520348,1,1,457008451
0.585737514836024,0.031601216208351,1,1,457008451
0.955908248935655,0.339043270771487,1,1,457008451
0.205499977101211,0.760786904741118,1,1,457008451
0.696210996815953,0.997118673385826,1,1,457008451
0.647667645190658,0.567051271485172,1,1,457008451
0.604164778352296,0.997692415117852,1,1,457008451
0.351290116167776,0.672939233138245,1,1,457008451
0.402949424780881,0.019343853623677,1,1,457008451
0.018897800881099,0.209457209232434,1,1,457008451
0.770060713174766,0.943652740556605,1,1,457008451
0.222017794703174,0.853995386914317,1,1,457008451
0.837466829225141,0.709909137102656,1,1,457008451
0.640857831739871,0.525093622750696,1,1,457008451
0.180379010797638,0.326352968646098,1,1,457008451
0.454911799525854,0.283862013806802,1,1,457008451
0.540394354726361,0.983163758111848,1,1,457008451
0.898311671847103,0.284249490554338,1,1,457008451
0.728964086595913,0.732929578992069,1,1,457008451
0.147070332634571,0.212987069793171,1,1,457008451
0.513585985520732,0.131081746535515,1,1,457008451
0.514930832505098,0.164914883474559,1,1,457008451
0.801815152963902,0.561789560164784,1,1,457008451
0.400356952638188,0.310534990990796,1,1,457008451
0.107132037275701,0.714067283469978,1,1,457008451
0.549271050042939,0.030015019925074,1,1,457008451
0.105902704741619,0.818353500107392,1,1,457008451
0.976465341679402,0.411499954465494,1,1,457008451
0.07611123541176,0.805580597376193,1,1,457008451
0.323182648399274,0.141472987840968,1,1,457008451
0.146239173844216,0.508759895892962,1,1,457008451
0.519183504366711,0.851038309903214,1,1,457008451
0.576613030500257,0.391366131854368,1,1,457008451
0.364686476557814,0.924382276712448,1,1,457008451
0.745735450187478,0.057312266767567,1,1,457008451
0.050889022233183,0.624301610551332,1,1,457008451
0.120561134437176,0.974063959892978,1,1,457008451
0.697346360763297,0.144570505279144,1,1,457008451
0.252374299175482,0.423450270711854,1,1,457008451
0.700306514128705,0.860051213625345,1,1,457008451
0.758869369126244,0.683985706291942,1,1,457008451
0.058169342996574,0.612835331844555,1,1,457008451
0.328231754445251,0.844025730455628,1,1,457008451
0.86855856098584,0.346336020148466,1,1,457008451
0.012461638385789,0.446836288388459,1,1,457008451
0.876065085220846,0.779134208447735,1,1,457008451
0.464878060026882,0.376665372674912,1,1,457008451
0.290541297520043,0.096514376573958,1,1,457008451
0.320686630524948,0.009162729334672,1,1,457008451
0.09289546500852,0.830008839191958,1,1,457008451
0.61968917355877,0.670001134151948,1,1,457008451
0.698656026161883,0.193901506992043,1,1,457008451
0.026658890940296,0.872311257198119,1,1,457008451
0.159146017732227,0.152525817702956,1,1,457008451
0.617600188649561,0.636549205328272,1,1,457008451
0.045927944023339,0.40332356532646,1,1,457008451
0.169057401169735,0.435673951584723,1,1,457008451
0.786249856048671,0.27801459458908,1,1,457008451
0.212831963697932,0.954019685760829,1,1,457008451
0.495543449954518,0.287859937092812,1,1,457008451
0.59991304298437,0.900006188308168,1,1,457008451
0.287595952826864,0.668884078512653,1,1,457008451
0.955121979985712,0.57083722469917,1,1,457008451
0.633836995832989,0.819054410737203,1,1,457008451
0.197915823184906,0.73159616615717,1,1,457008451
0.59025267901974,0.961799103701248,1,1,457008451
0.254991066532731,0.641654513843111,1,1,457008451
0.613759105604275,0.718877243008076,1,1,457008451
0.196773662366373,0.738067669426938,1,1,457008451
0.249437849331336,0.53049803025524,1,1,457008451
0.292576828264388,0.568639802711004,1,1,457008451
0.18585639955583,0.021718581917573,1,1,457008451
0.898153481756704,0.0565974769262,1,1,457008451
0.047766666367456,0.481532598321667,1,1,457008451
0.664565303221631,0.074319506465895,1,1,457008451
0.823795195188982,0.594695145085442,1,1,457008451
0.288736145523791,0.605328474268547,1,1,457008451
0.011308763967923,0.446211548359917,1,1,457008451
0.913752035541606,0.481757054277966,1,1,457008451
0.401459768040312,0.604551056606065,1,1,457008451
0.330916491845452,0.798759857807724,1,1,457008451
0.924485509440342,0.782029046612876,1,1,457008451
0.335763769563723,0.627849815480341,1,1,457008451
0.128656568145489,0.169434092031147,1,1,457008451
0.946679481145714,0.577895628586651,1,1,457008451
0.675838981460322,0.046859152337576,1,1,457008451
0.707471944338806,0.085524573593818,1,1,457008451
0.702455766069664,0.683828823204468,1,1,457008451
0.96418398536449,0.055932772110389,1,1,457008451
0.016703701401684,0.859197745888588,1,1,457008451
0.831629529172198,0.620613378027027,1,1,457008451
0.881200969712025,0.554927547462818,1,1,457008451
0.546585254114627,0.330269897629744,1,1,457008451
0.564812452905223,0.507733027548335,1,1,457008451
0.042262088905857,0.059190772518802,1,1,457008451
0.938218955195194,0.338720679204028,1,1,457008451
0.872627544340506,0.261618351143892,1,1,457008451
0.134867528219875,0.923525879537693,1,1,457008451
0.065344552515073,0.991153701138035,1,1,457008451
0.702260185991851,0.514087421280977,1,1,457008451
0.088537867375787,0.270996300137263,1,1,457008451
0.728108415749883,0.878081327760924,1,1,457008451
0.879294879198665,0.985825321875803,1,1,457008451
0.141701583619644,0.383168327167277,1,1,457008451
0.800752272959244,0.455387528587568,1,1,457008451
0.762907394001678,0.520592447872382,1,1,457008451
0.469815894372595,0.245363991392147,1,1,457008451
0.699542778542194,0.836300802321508,1,1,457008451
0.629006048789397,0.572846058658402,1,1,457008451
0.378424277332092,0.617637721251023,1,1,457008451
0.623616392888312,0.871758762710971,1,1,457008451
0.836226969331127,0.969798760814937,1,1,457008451
0.589318755987957,0.697827644709312,1,1,457008451
0.893351309305018,0.108613446240502,1,1,457008451
0.155543117161904,0.173192428457475,1,1,457008451
0.487317864596092,0.794857955036165,1,1,457008451
0.326405635515011,0.597529755225658,1,1,457008451
0.751779814136585,0.84018212828448,1,1,457008451
0.213654357358075,0.685553592992608,1,1,457008451
0.393063798484808,0.525867844360353,1,1,457008451
0.465046507071626,0.130021080850584,1,1,457008451
0.53821963928888,0.593018312753902,1,1,457008451
0.55676699738185,0.834878798588361,1,1,457008451
0.506880218588612,0.186411572750539,1,1,457008451
0.59994344966364,0.214941714734841,1,1,457008451
0.893802560108025,0.764132895854582,1,1,457008451
0.949007582458689,0.416506285855957,1,1,457008451
0.939781987232832,0.521235152146683,1,1,457008451
0.693598526923348,0.177555468069878,1,1,457008451
0.415701193656685,0.318057533874042,1,1,457008451
0.065899418320425,0.316722212405068,1,1,457008451
0.147796583228755,0.452467160839637,1,1,457008451
0.90174270480183,0.516935534075166,1,1,457008451
0.87179439147116,0.870169925385624,1,1,457008451
0.556516344832917,0.152680902495538,1,1,457008451
0.319389548208969,0.568370135642074,1,1,457008451
0.095847306685003,0.399064687633688,1,1,457008451
0.312610472128628,0.015441609020559,1,1,457008451
0.156234620388155,0.75638028693587,1,1,457008451
0.169933316776902,0.38290492980065,1,1,457008451
0.602249339810668,0.425631107186701,1,1,457008451
0.91257952412497,0.265889297295177,1,1,457008451
0.994614357108801,0.678473681306861,1,1,457008451
0.600250841647573,0.354389401725971,1,1,457008451
0.92742176236815,0.479301609578711,1,1,457008451
0.62262616230054,0.210011158135941,1,1,457008451
0.492941518504825,0.13769939704077,1,1,457008451
0.926265160460962,0.901532564923586,1,1,457008451
0.488919913399081,0.696252706460946,1,1,457008451
0.966133633038158,0.75748907204007,1,1,457008451
0.495961748266876,0.091709072664085,1,1,457008451
0.63678605467467,0.905125377938068,1,1,457008451
0.621535718773337,0.866741742330847,1,1,457008451
0.560310971845641,0.582438432976629,1,1,457008451
0.532337496321441,0.355076331492976,1,1,457008451
0.88646535699924,0.433669639969555,1,1,457008451
0.378190470675548,0.814498321650182,1,1,457008451
0.194994175602402,0.12848633470133,1,1,457008451
0.348359390457482,0.940266839354019,1,1,457008451
0.180951826814789,0.681226089018386,1,1,457008451
0.895097577809381,0.555718247866398,1,1,457008451
0.550912608794683,0.788959867052115,1,1,457008451
0.109443297297854,0.047350973738514,1,1,457008451
0.961277023372456,0.35576296705156,1,1,457008451
0.34072683626365,0.28844035314317,1,1,457008451
0.889452149911328,0.12546538625052,1,1,457008451
0.913944400904815,0.378240543041417,1,1,457008451
0.044503371890815,0.006286365113474,1,1,457008451
0.718100999849256,0.513088240459092,1,1,457008451
0.295946051455511,0.238140118697425,1,1,457008451
0.513819183999371,0.701230536325218,1,1,457008451
0.127665680987374,0.027033426610164,1,1,457008451
0.777595580202053,0.534224741526398,2,1,581000256
0.108621925915876,0.457122953357531,2,1,581000256
0.419065733354489,0.642565168022789,2,1,581000256
0.877316049229299,0.04876474079828,2,1,581000256
0.875276740463998,0.775392277292498,2,1,581000256
0.297157346946374,0.514345606492947,2,1,581000256
0.74133329902709,0.398913153025887,2,1,581000256
0.679228153574324,0.985437728983756,2,1,581000256
0.44705484219421,0.27326886071011,2,1,581000256
0.494653701202613,0.855913293723005,2,1,581000256
0.996713795167393,0.29280357283369,2,1,581000256
0.629620693288702,0.844071270791113,2,1,581000256
0.474419102906746,0.770331281528038,2,1,581000256
0.893421998826667,0.369077168553507,2,1,581000256
0.193470992120695,0.905298376216658,2,1,581000256
0.609513772104387,0.155930756283504,2,1,581000256
0.872896510904963,0.688436456922118,2,1,581000256
0.452579693888024,0.44899721437903,2,1,581000256
0.63550777443271,0.164444446716625,2,1,581000256
0.433854322010601,0.3362074357017,2,1,581000256
0.939207733515633,0.799434698876675,2,1,581000256
0.08246553602506,0.464353563790696,2,1,581000256
0.776901242519328,0.681322920203027,2,1,581000256
0.422314121061378,0.860475866216115,2,1,581000256
0.6102517422876,0.419037469281323,2,1,581000256
0.30201587054056,0.665157851526559,2,1,581000256
0.53865705039208,0.900368119244319,2,1,581000256
0.999689730765208,0.330616566590428,2,1,581000256
0.147200194268652,0.518470619481592,2,1,581000256
0.794883553656122,0.239795151699572,2,1,581000256
0.325964243933036,0.083487937360703,2,1,581000256
0.376685804746309,0.762235445533369,2,1,581000256
0.107983014530866,0.398444710793559,2,1,581000256
0.540080966279951,0.478328424570201,2,1,581000256
0.23423185303696,0.397516824496201,2,1,581000256
0.611862791958702,0.675610843083606,2,1,581000256
0.721446271212158,0.819973271159958,2,1,581000256
0.442927957716757,0.249096269367797,2,1,581000256
0.182188345652238,0.624532349959429,2,1,581000256
0.605530732011789,0.822199847661866,2,1,581000256
0.026463721189088,0.736570636611996,2,1,581000256
0.642086388938785,0.245635394337755,2,1,581000256
0.960325517413388,0.264566918854189,2,1,581000256
0.826369800810139,0.6287348100916,2,1,581000256
0.389283140000371,0.022360344473057,2,1,581000256
0.918462308012362,0.710959099707453,2,1,581000256
0.432967813137954,0.050245715106792,2,1,581000256
0.821559311516779,0.690941516056648,2,1,581000256
0.262388925894866,0.840625421494734,2,1,581000256
0.88175703241822,0.596222909076516,2,1,581000256
0.382248214296329,0.14288214163742,2,1,581000256
0.811196313330435,0.898910184166389,2,1,581000256
0.298161801050859,0.547331839335151,2,1,581000256
0.860448372025648,0.360808741781963,2,1,581000256
0.732272351828992,0.529562136256248,2,1,581000256
0.917784829984327,0.026150460524171,2,1,581000256
0.180617435116517,0.274156309206686,2,1,581000256
0.670983438822103,0.870858605281576,2,1,581000256
0.141751702748213,0.390748298555511,2,1,581000256
0.831577245535435,0.864361852640993,2,1,581000256
0.788504672557306,0.585549829664063,2,1,581000256
0.691963912079864,0.10328952048101,2,1,581000256
0.203387343634209,0.457935556555507,2,1,581000256
0.962549020912864,0.235950766139665,2,1,581000256
0.553045047399243,0.854368032700076,2,1,581000256
0.919105391325882,0.612320442981162,2,1,581000256
0.738285439837761,0.630889077407739,2,1,581000256
0.379787928419249,0.46632516240831,2,1,581000256
0.123594572327534,0.250599734669323,2,1,581000256
0.926751832456289,0.965542662203315,2,1,581000256
0.923685712531272,0.373996217968422,2,1,581000256
0.089079024906745,0.147998619046622,2,1,581000256
0.704509180255702,0.487724789361277,2,1,581000256
0.911726483294871,0.606565015063259,2,1,581000256
0.242284040068548,0.661263241897267,2,1,581000256
0.449466796690699,0.278534431284153,2,1,581000256
0.676494931984615,0.721232731699456,2,1,581000256
0.245300425695677,0.85126501617233,2,1,581000256
0.491430800873721,0.489488457533762,2,1,581000256
0.779575495756866,0.104361454257631,2,1,581000256
0.365724524528692,0.243833182728149,2,1,581000256
0.209060118137325,0.974677054972032,2,1,581000256
0.340485704537667,0.229142912987797,2,1,581000256
0.454469077973527,0.252492749009697,2,1,581000256
0.074001057266544,0.871889452209416,2,1,581000256
0.840455023557456,0.595549231166757,2,1,581000256
0.174610695990596,0.332489639595161,2,1,581000256
0.043831964030063,0.982178262709475,2,1,581000256
0.733250255217162,0.167606570262101,2,1,581000256
0.063806738726607,0.815599926707224,2,1,581000256
0.213282223321545,0.168473258177607,2,1,581000256
0.292251787944157,0.638522941233482,2,1,581000256
0.797622933613375,0.891504878891804,2,1,581000256
0.532560747162879,0.820505082192101,2,1,581000256
0.14180368670366,0.00391045497027,2,1,581000256
0.99238551032138,0.640101318342804,2,1,581000256
0.236488135663893,0.329710630910384,2,1,581000256
0.858562159732604,0.89964789433864,2,1,581000256
0.744100022097667,0.400513342821809,2,1,581000256
0.051790038857608,0.582599957243272,2,1,581000256
0.741599077852924,0.390594570631723,2,1,581000256
0.154136602191282,0.091661969444998,2,1,581000256
0.275074931718603,0.547276341189931,2,1,581000256
0.304198636410459,0.290519064436065,2,1,581000256
0.511712237811158,0.615290115205708,2,1,581000256
0.062757442446643,0.912799075800378,2,1,581000256
0.560812543574871,0.297758225459218,2,1,581000256
0.866024475197032,0.898964286567021,2,1,581000256
0.227941741458834,0.496622029020757,2,1,581000256
0.704080837173071,0.875152909945276,2,1,581000256
0.064904481451257,0.931790329281196,2,1,581000256
0.088872386476156,0.297560241150076,2,1,581000256
0.083129570719198,0.75097702377233,2,1,581000256
0.209129648998219,0.751770056990858,2,1,581000256
0.409183762566523,0.911142349297902,2,1,581000256
0.408840141920681,0.518516769521378,2,1,581000256
0.978513308918822,0.437647467200405,2,1,581000256
0.77140748292304,0.795679477943378,2,1,581000256
0.087146511727799,0.148676937114561,2,1,581000256
0.643390725819938,0.900879321338463,2,1,581000256
0.250972295350364,0.070179729950895,2,1,581000256
0.389724183768715,0.369871547780464,2,1,581000256
0.358343140180384,0.560524177705334,2,1,581000256
0.536576375524379,0.112994630344386,2,1,581000256
0.544133928466001,0.114257690462321,2,1,581000256
0.728514125268094,0.695258252896674,2,1,581000256
0.562019821512993,0.920807474393882,2,1,581000256
0.603396214350964,0.365223098161783,2,1,581000256
0.686620802912587,0.516653694742522,2,1,581000256
0.771428178109707,0.673645355598286,2,1,581000256
0.338291726552528,0.288451976845612,2,1,581000256
0.574068157503744,0.394928785066437,2,1,581000256
0.69072045712967,0.159777245067545,2,1,581000256
0.19398109733389,0.992748305628109,2,1,581000256
0.495129453105455,0.525606543222124,2,1,581000256
0.988996877975326,0.055778685275635,2,1,581000256
0.234758483776648,0.386353245080927,2,1,581000256
0.631035179136195,0.970282594641559,2,1,581000256
0.509439434477037,0.677211065838713,2,1,581000256
0.74521856513772,0.593382297459611,2,1,581000256
0.242456712654985,0.988760932142284,2,1,581000256
0.264901711410778,0.844160162251416,2,1,581000256
0.900519874384182,0.23123972679237,2,1,581000256
0.645104285339999,0.939302594316644,2,1,581000256
0.422557359952775,0.307564556993606,2,1,581000256
0.409841179847648,0.465823123257241,2,1,581000256
0.964173655294857,0.529152094857508,2,1,581000256
0.248102565462567,0.605470169329918,2,1,581000256
0.881994682114234,0.33376742587992,2,1,581000256
0.018743835872857,0.603745746674012,2,1,581000256
0.605758955696548,0.846082652468597,2,1,581000256
0.576303031097197,0.01103113555548,2,1,581000256
0.175895139920128,0.959320044817757,2,1,581000256
0.287771640399582,0.314136336155579,2,1,581000256
0.26045923939352,0.910300686438688,2,1,581000256
0.474601995974131,0.323660457701861,2,1,581000256
0.407687424817176,0.770414227017236,2,1,581000256
0.784742750094916,0.085869875372273,2,1,581000256
0.139053657809193,0.881471153584742,2,1,581000256
0.676251320215329,0.147372059760507,2,1,581000256
0.242603628753943,0.028093821194817,2,1,581000256
0.777040148726187,0.716683050685357,2,1,581000256
0.287469416634669,0.057248283545394,2,1,581000256
0.874571858718256,0.638856413421506,2,1,581000256
0.947852782901376,0.730713824924997,2,1,581000256
0.684825225213191,0.127662671139851,2,1,581000256
0.198396678413141,0.827732835435868,2,1,581000256
0.35161277999641,0.884377553030801,2,1,581000256
0.822748068867244,0.9027786525267,2,1,581000256
0.83533796800535,0.573058733039977,2,1,581000256
0.963248260206393,0.647324360843749,2,1,581000256
0.964537786208301,0.619260110564662,2,1,581000256
0.632068726616965,0.50469119497276,2,1,581000256
0.944064778575886,0.95245354400952,2,1,581000256
0.202744377558132,0.043499814493416,2,1,581000256
0.540519760570271,0.621998249322381,2,1,581000256
0.905938178776912,0.60794383619904,2,1,581000256
0.998555074463112,0.182317997339154,2,1,581000256
0.264404313920777,0.932049649016001,2,1,581000256
0.980924880335448,0.365017156868199,2,1,581000256
0.219499626500676,0.730282385298735,2,1,581000256
0.470668317950279,0.833986255060844,2,1,581000256
0.425226108676033,0.758302668097462,2,1,581000256
0.625567594874326,0.754118744955407,2,1,581000256
0.815669973472715,0.475374662673105,2,1,581000256
0.033032260834469,0.495080280728667,2,1,581000256
0.087835360604917,0.233870886200339,2,1,581000256
