0.677817618798001,0.038642745954871,2,1,581000256
0.184253981430375,0.871514528260849,2,1,581000256
0.205493929617271,0.561415174872344,2,1,581000256
0.208384634818354,0.688445706384678,2,1,581000256
0.741340227900837,0.22437417551809,2,1,581000256
0.460699163601414,0.053892903652838,2,1,581000256
0.60734465565779,0.416416821158055,2,1,581000256
0.444484547652234,0.306176582467322,2,1,581000256
0.769251164325779,0.571228939592892,2,1,581000256
0.757773356690934,0.184966941292868,2,1,581000256
0.741099996617878,0.20508293778387,2,1,581000256
0.761447875977045,0.766163439792132,2,1,581000256
0.976467177958773,0.007748175542274,2,1,581000256
0.793445678980521,0.757458587097352,2,1,581000256
0.483616397632545,0.659518840978685,2,1,581000256
0.48512780267887,0.056594222016019,2,1,581000256
0.516033890435117,0.544433217243199,2,1,581000256
0.42825250969969,0.674513682244029,2,1,581000256
0.710325401282514,0.683079261001154,2,1,581000256
0.039631845927525,0.482058428401435,2,1,581000256
0.970211643685753,0.017951945279209,2,1,581000256
0.975429472903921,0.751553111232931,2,1,581000256
0.728366636403694,0.650147122626732,2,1,581000256
0.85819235302065,0.133568567813719,2,1,581000256
0.9571011460662,0.74824813643219,2,1,581000256
0.397090830051381,0.534347060013292,2,1,581000256
0.444401251627318,0.62858107010359,2,1,581000256
0.205474979759635,0.340820088440157,2,1,581000256
0.403589823865288,0.940584744950487,2,1,581000256
0.749737510381788,0.577843556003523,2,1,581000256
0.442886599002405,0.981862536806793,2,1,581000256
0.899606624742084,0.876221344350711,2,1,581000256
0.285400206948665,0.914552543534209,2,1,581000256
0.492374967222664,0.580282748678709,2,1,581000256
0.400593602626307,0.057973759591889,2,1,581000256
0.17220351682037,0.930225074338676,2,1,581000256
0.885021651215004,0.492075496099165,2,1,581000256
0.520522126579331,0.017128139805642,2,1,581000256
0.513148146626217,0.922038156475509,2,1,581000256
0.154681364695228,0.127492067542126,2,1,581000256
0.868306599960001,0.126443686763247,2,1,581000256
0.039392787497272,0.16934582711909,2,1,581000256
0.859377552338956,0.339753879048238,2,1,581000256
0.729128244542219,0.103418826560553,2,1,581000256
0.730512619770886,0.604405661404437,2,1,581000256
0.639530554288676,0.690563201487303,2,1,581000256
0.879243471581333,0.468652397831626,2,1,581000256
0.732021933474325,0.410560133535545,2,1,581000256
0.412571569508724,0.403350790167421,2,1,581000256
0.188178578155405,0.107638288020337,2,1,581000256
0.391142571332185,0.964212850028205,2,1,581000256
0.749072551003021,0.774478084040742,2,1,581000256
0.13836693683553,0.035613455113918,2,1,581000256
0.399665627884473,0.899171059410475,2,1,581000256
0.824356001442293,0.457863568292126,2,1,581000256
0.989472000234245,0.968548278183096,2,1,581000256
0.773800857305707,0.961929887460545,2,1,581000256
0.198089327564003,0.046487695891494,2,1,581000256
0.592429087748482,0.613902168169803,2,1,581000256
0.97783151054588,0.827255158443758,2,1,581000256
0.258431872830539,0.906079212730178,2,1,581000256
0.235577999039362,0.201629470283361,2,1,581000256
0.783262562583074,0.222365381870162,2,1,581000256
0.052088259393092,0.167507086803064,2,1,581000256
0.910464728468422,0.652739759228604,2,1,581000256
0.179412520752169,0.866877105849204,2,1,581000256
0.591696275866112,0.034879695638938,2,1,581000256
0.905662546351504,0.637502934611114,2,1,581000256
0.655873480416417,0.660592001907931,2,1,581000256
0.631289215998764,0.230342114067817,2,1,581000256
0.170366944640661,0.300524209364598,2,1,581000256
0.662146683309054,0.762680949111781,2,1,581000256
0.482439176902873,0.07269926408377,2,1,581000256
0.792005025788636,0.552156265522336,2,1,581000256
0.82462114500895,0.208737200373436,2,1,581000256
0.220806977058982,0.708281573224066,2,1,581000256
0.669483377406158,0.956197601221722,2,1,581000256
0.234846448725991,0.245790425336859,2,1,581000256
0.727264515733783,0.696297027730456,2,1,581000256
0.861179781940267,0.528055153852012,2,1,581000256
0.594078511128901,0.853325862600296,2,1,581000256
0.40096322742347,0.049034047922696,2,1,581000256
0.578928876651874,0.325409283686679,2,1,581000256
0.345043140338994,0.918646058864909,2,1,581000256
0.164516913847493,0.975827571132659,2,1,581000256
0.680008181914807,0.929166629521229,2,1,581000256
0.889838134306001,0.189931029755167,2,1,581000256
0.004045219664982,0.749184219975358,2,1,581000256
0.181819029976208,0.624755371285169,2,1,581000256
0.189324445246921,0.616852122732426,2,1,581000256
0.808754372468823,0.056763450361695,2,1,581000256
0.551270549527068,0.885615390688955,2,1,581000256
0.180062656218564,0.667709752430298,2,1,581000256
0.614961240947918,0.91328805110026,2,1,581000256
0.674885439549509,0.199444305444751,2,1,581000256
0.605025722206817,0.079301576137409,2,1,581000256
0.546314108526078,0.155542983836452,2,1,581000256
0.727799628914837,0.165139888359807,2,1,581000256
0.718535110181057,0.630971328686273,2,1,581000256
0.163125358988366,0.939422633396209,2,1,581000256
0.97094285346091,0.410559767466586,2,1,581000256
0.438069188054276,0.551792701187598,2,1,581000256
0.586277244738173,0.692887781384453,2,1,581000256
0.515960072499399,0.258710372438789,2,1,581000256
0.529100403726142,0.168245567139873,2,1,581000256
0.501537293187729,0.079450657312907,2,1,581000256
0.616435135842272,0.207661450211049,2,1,581000256
0.336627130763416,0.212046551209076,2,1,581000256
0.944145413840984,0.604554097876587,2,1,581000256
0.240651753389078,0.426616062555415,2,1,581000256
0.040647234635498,0.651388455326727,2,1,581000256
0.93640559037119,0.197455685182433,2,1,581000256
0.833795425547349,0.33078517984961,2,1,581000256
0.893918566123638,0.035479057638163,2,1,581000256
0.537300512935538,0.053852941030035,2,1,581000256
0.923856805637256,0.339024325667206,2,1,581000256
0.989787102067547,0.688084105486612,2,1,581000256
0.45679563631258,0.093749124251165,2,1,581000256
0.812612929724602,0.582973888753668,2,1,581000256
0.755831671367391,0.921277749568633,2,1,581000256
0.99182616820934,0.923593850806166,2,1,581000256
0.127383804910194,0.301459791984923,2,1,581000256
0.135145788697793,0.020670638673671,2,1,581000256
0.918665900983708,0.274545483899321,2,1,581000256
0.7066077853016,0.080291465796364,2,1,581000256
0.72019663961484,0.567277747763272,2,1,581000256
0.999527865106137,0.587177830754033,2,1,581000256
0.727844585874598,0.880846734417917,2,1,581000256
0.472689300663127,0.682539609840764,2,1,581000256
0.661290041728415,0.028847508426798,2,1,581000256
0.345171842750361,0.82084150795451,2,1,581000256
0.984417076945837,0.719827208735408,2,1,581000256
0.021996137840778,0.549384857572866,2,1,581000256
0.428032861014876,0.041703133767752,2,1,581000256
0.005765051119393,0.470427278688633,2,1,581000256
0.976443724812732,0.124278470325901,2,1,581000256
0.438742268130559,0.317633703911029,2,1,581000256
0.546800071761507,0.031277954403168,2,1,581000256
0.315315021177925,0.606972109896394,2,1,581000256
0.563755720775291,0.664770829493579,2,1,581000256
0.706546558609051,0.506737811698667,2,1,581000256
0.511869307012732,0.352543739633061,2,1,581000256
0.046531693334828,0.412210625466829,2,1,581000256
0.334308822507663,0.832931660241325,2,1,581000256
0.644525937999931,0.207519259338274,2,1,581000256
0.238802535148164,0.551810480836079,2,1,581000256
0.107327325087973,0.350607533529041,2,1,581000256
0.070413048519429,0.542899530694517,2,1,581000256
0.283147249297659,0.72676786083532,2,1,581000256
0.915593608719439,0.67521822300007,2,1,581000256
0.67121507506049,0.682027154204444,2,1,581000256
0.013118611229941,0.720486237191161,2,1,581000256
0.98061823128419,0.769740890957504,2,1,581000256
0.364863328156507,0.518451710158005,2,1,581000256
0.66738812303729,0.522071440370763,2,1,581000256
0.663040284471984,0.499577345758717,2,1,581000256
0.830599624520653,0.99259704205622,2,1,581000256
0.280383085534072,0.962209821219099,2,1,581000256
0.806259818429158,0.907117738702057,2,1,581000256
0.105900676431643,0.795302951109156,2,1,581000256
0.162019179225991,0.006795816973669,2,1,581000256
0.951208321226892,0.787960405503383,2,1,581000256
0.566246888136587,0.571087407863823,2,1,581000256
0.101074164256406,0.273509472939445,2,1,581000256
0.181768957127466,0.167493357568021,2,1,581000256
0.336703134316131,0.618511950577177,2,1,581000256
0.817576293098207,0.390976801897751,2,1,581000256
0.421412549934225,0.986064251823069,2,1,581000256
0.061067263488573,0.72796615914921,2,1,581000256
0.605737227421415,0.877933697526112,2,1,581000256
0.008897354714054,0.708181534509537,2,1,581000256
0.182633634882042,0.191523667622235,2,1,581000256
0.016266251221969,0.192093856622305,2,1,581000256
0.50333659387598,0.915354868853333,2,1,581000256
0.092480343925555,0.982645569547208,2,1,581000256
0.150554093221465,0.1306964160465,2,1,581000256
0.18488677916214,0.946932405971144,2,1,581000256
0.158068807544634,0.687174586886637,2,1,581000256
0.613782699657056,0.486866239647886,2,1,581000256
0.264447833729511,0.776633046267066,2,1,581000256
0.347661320536234,0.507408720219318,2,1,581000256
0.193444703181514,0.642213840786175,2,1,581000256
0.641164196060652,0.996786447767809,2,1,581000256
0.864811044177602,0.828572940727087,2,1,581000256
0.79736670487347,0.955168239963383,2,1,581000256
0.256617240572129,0.704340446737118,2,1,581000256
0.461532247620869,0.686605399442678,2,1,581000256
0.363815309212386,0.469380100827536,2,1,581000256
0.905227318028191,0.403606594472928,2,1,581000256
0.327659049784042,0.497098441375303,2,1,581000256
0.217698679011551,0.684538859722854,2,1,581000256
0.346729928436367,0.655999076091177,2,1,581000256
0.185670700019164,0.571116513077427,2,1,581000256
0.42269983075028,0.204873128701736,2,1,581000256
0.913229215816726,0.996560647708896,2,1,581000256
0.342594594873895,0.96246188639413,2,1,581000256
0.910216202613105,0.794581373802481,2,1,581000256
0.554204858640668,0.715123049170628,2,1,581000256
0.460566732435153,0.755156057158173,2,1,581000256
0.7524241043729,0.244977759155303,2,1,581000256
0.571278311078897,0.06514655642597,2,1,581000256
0.061675880003893,0.936210053953924,2,1,581000256
0.69820986345762,0.000118983143275,2,1,581000256
0.673225771840179,0.648636508721453,2,1,581000256
0.74666573162474,0.918299949663824,2,1,581000256
0.676055584080259,0.435358760517588,2,1,581000256
0.552727962682628,0.44842348048583,2,1,581000256
0.606111187607706,0.725256806143432,2,1,581000256
0.165557543470887,0.260292697699527,2,1,581000256
0.93111692681736,0.791276684271312,2,1,581000256
0.771393710585728,0.960201586100553,2,1,581000256
0.2867835635225,0.681910978694661,2,1,581000256
0.026737584125446,0.462931528316508,2,1,581000256
0.785118663351986,0.305966314976332,2,1,581000256
0.901214689684268,0.657858108621368,2,1,581000256
0.126681624054665,0.029657117940829,2,1,581000256
0.869868553080404,0.308774023518995,2,1,581000256
0.56600809081902,0.970260186803859,2,1,581000256
0.44014519135992,0.905353956674108,2,1,581000256
0.003061582588793,0.152010053755458,2,1,581000256
0.550586697021549,0.618757869426682,2,1,581000256
0.60345255841629,0.827610501301449,2,1,581000256
0.33625919360113,0.604689238158869,2,1,581000256
0.38629846366715,0.562682382872265,2,1,581000256
0.120198718231649,0.644295438878221,2,1,581000256
0.160980739135576,0.130664314906922,2,1,581000256
0.260666421428375,0.516617187816458,2,1,581000256
0.042687707852801,0.87212661018007,2,1,581000256
0.660761925742749,0.555865034101517,2,1,581000256
0.531515048725381,0.935155649101471,2,1,581000256
0.329951989880112,0.562620431113484,2,1,581000256
0.801028610553737,0.732410001133103,2,1,581000256
0.376328890937328,0.610129882115524,2,1,581000256
0.409576467065969,0.025645706204933,2,1,581000256
0.203921355057793,0.315180589566478,2,1,581000256
0.121270866752297,0.27995306192144,2,1,581000256
0.491137992232639,0.827616277276736,2,1,581000256
0.903442842048497,0.317642511651952,2,1,581000256
0.734431706407173,0.133372698286682,2,1,581000256
0.453505109879258,0.845663104213377,2,1,581000256
0.755530879579974,0.26298194128335,2,1,581000256
0.800542206810207,0.130631232807238,2,1,581000256
0.591090996743074,0.650815507921124,2,1,581000256
0.625579081855352,0.951994101687127,2,1,581000256
0.610378459480003,0.199906166413622,2,1,581000256
0.949362197868106,0.976546264190646,2,1,581000256
0.539605929459337,0.573009015111746,2,1,581000256
0.74762064291454,0.866463974788676,2,1,581000256
0.310796215179101,0.852632551541089,2,1,581000256
0.87115668031998,0.758216664446414,2,1,581000256
0.298560062178232,0.991090465011546,2,1,581000256
0.371748565327806,0.231160756802338,2,1,581000256
0.559930336087942,0.406196008461892,2,1,581000256
0.964731166844093,0.522315789058126,2,1,581000256
0.150403413336267,0.669040013517336,2,1,581000256
0.89525261021445,0.537768665912154,2,1,581000256
0.453596134188944,0.477365019440206,2,1,581000256
0.917588010006544,0.161346681791977,2,1,581000256
0.732434723510104,0.011367434319068,2,1,581000256
0.445524271143887,0.467645573593562,2,1,581000256
0.786549498767527,0.32833047332974,2,1,581000256
0.186712738540772,0.709194299837931,2,1,581000256
0.683557571715006,0.668310901963178,2,1,581000256
0.735019020613276,0.366482871661737,2,1,581000256
0.021172964091313,0.415172366651115,2,1,581000256
0.662282703372727,0.124775964267984,2,1,581000256
0.072591774150976,0.98557940739323,2,1,581000256
0.624531659170807,0.373079176161986,2,1,581000256
0.469357700165784,0.103135540520895,2,1,581000256
0.877579426407932,0.708321103330535,2,1,581000256
0.783921109166868,0.755669725406593,2,1,581000256
0.383065968348419,0.971759026890771,2,1,581000256
0.488362442396974,0.630745791966119,2,1,581000256
0.37838576569987,0.544811702551833,2,1,581000256
0.286258848071663,0.97778934892944,2,1,581000256
0.882579618973282,0.987967894072873,2,1,581000256
0.741430692641447,0.654797567773048,2,1,581000256
0.11514911865259,0.619114655823358,2,1,581000256
0.460312038705633,0.583416808737659,2,1,581000256
0.21588615441999,0.29657467333503,2,1,581000256
0.823947632157246,0.958244452744081,2,1,581000256
0.971192141955406,0.497337245181605,2,1,581000256
0.411126118258169,0.334530175127794,2,1,581000256
0.475994665096672,0.76241291344632,2,1,581000256
0.805917579747162,0.153023772270265,2,1,581000256
0.790251993835746,0.718936936008539,2,1,581000256
0.440890824596714,0.351535525244063,2,1,581000256
0.685168861968269,0.182592129328979,2,1,581000256
0.491543830488763,0.459846528543943,2,1,581000256
0.516629405964673,0.294117005931827,2,1,581000256
0.607988945340672,0.977926135312654,2,1,581000256
0.111986530488623,0.250110362853541,2,1,581000256
0.446691462473395,0.896983878560244,2,1,581000256
0.311228940778417,0.951038873778167,2,1,581000256
0.548068821790678,0.938704144236453,2,1,581000256
0.464680886480114,0.80829927686677,2,1,581000256
0.095014939497999,0.460081499891846,2,1,581000256
0.756771599989422,0.027382699012872,2,1,581000256
0.482922139496524,0.999595380746171,2,1,581000256
0.699044778079594,0.915632952416842,2,1,581000256
0.433531343001121,0.125032970429307,2,1,581000256
0.515461013390359,0.150787274481216,2,1,581000256
0.592948079036311,0.584089152715091,2,1,581000256
0.429179098827151,0.490431771481795,2,1,581000256
0.168420815317804,0.755943575126641,2,1,581000256
0.052384485483336,0.102700700928333,2,1,581000256
0.178985157624435,0.055333832394444,2,1,581000256
0.179366840304202,0.554992592418614,2,1,581000256
0.32183521890808,0.25021561379036,2,1,581000256
0.287930255697612,0.510172813959091,2,1,581000256
0.289292095891326,0.61991968599933,2,1,581000256
0.96535381412131,0.348676339668649,2,1,581000256
0.610496213654152,0.502786585698751,2,1,581000256
0.292501914451923,0.260120829563003,2,1,581000256
0.737458690275238,0.060580235887618,2,1,581000256
0.943317255595393,0.829484490608209,2,1,581000256
0.146864494488461,0.021551407046011,2,1,581000256
0.386811725705507,0.780599380031269,2,1,581000256
0.687028226534686,0.754843179078648,2,1,581000256
0.114803838105625,0.333655424617836,2,1,581000256
0.263660653840248,0.275999984843932,2,1,581000256
0.261033492780123,0.583606175423012,2,1,581000256
0.228612541481711,0.686662500531459,2,1,581000256
0.325918094400844,0.412812288622468,2,1,581000256
0.512519657031961,0.111101429935629,2,1,581000256
0.976096814954694,0.713954589067678,2,1,581000256
0.625280977871915,0.408062454752064,2,1,581000256
0.049042513077469,0.118193068504501,2,1,581000256
0.137559715488084,0.808466046489492,2,1,581000256
0.960403528077073,0.998744350106583,2,1,581000256
0.15200463012409,0.157825344722158,2,1,581000256
0.685370746084969,0.251494692005312,2,1,581000256
0.574647061600014,0.626816313572642,2,1,581000256
0.365247781813789,0.241961634110016,2,1,581000256
0.704936805430424,0.594253794070515,2,1,581000256
0.376534994312231,0.351862008979458,2,1,581000256
0.777137626176379,0.90379845065746,2,1,581000256
0.392221135378129,0.758739876333904,2,1,581000256
0.60631138850275,0.849039061499837,2,1,581000256
0.563608865550836,0.438553094637489,2,1,581000256
0.418877174476492,0.051165283471593,2,1,581000256
0.455883505959233,0.893812337882122,2,1,581000256
0.280739967460588,0.859266518073429,2,1,581000256
0.781766973054253,0.778812042016564,2,1,581000256
0.275240909206932,0.025362128704868,2,1,581000256
0.294981731672168,0.418687920701814,2,1,581000256
0.728689252644262,0.184589635208765,2,1,581000256
0.428882576439555,0.200480622259578,2,1,581000256
0.332993865510927,0.10554664495151,2,1,581000256
0.39549657580107,0.952081373436516,2,1,581000256
0.972919802321034,0.766603626334071,2,1,581000256
0.49634442139195,0.718879703270512,2,1,581000256
0.429753441606665,0.061074137433114,2,1,581000256
0.338799643582681,0.79812915309645,2,1,581000256
0.903667534913464,0.337450082604413,2,1,581000256
0.500374042665834,0.49749234921909,2,1,581000256
0.473835099531567,0.040479330935975,2,1,581000256
0.938201537491281,0.846921987713224,2,1,581000256
0.198349123674332,0.434683782886306,2,1,581000256
0.102124813502521,0.411979036977044,2,1,581000256
0.545262751011998,0.763986016551846,2,1,581000256
0.277172074071807,0.431885978633025,2,1,581000256
0.241572507568182,0.229433025857925,2,1,581000256
0.154844073013591,0.737056889607336,2,1,581000256
0.428724810761397,0.851575862327208,2,1,581000256
0.012514491779205,0.288542654316179,2,1,581000256
0.22123393465876,0.624884552675224,2,1,581000256
0.16637935387968,0.725773817474031,2,1,581000256
0.379257454578017,0.368647353825875,2,1,581000256
0.555774182298164,0.009179985660529,2,1,581000256
0.826482674904885,0.332124549612066,2,1,581000256
0.41531019837586,0.100708997707622,2,1,581000256
0.171436012391222,0.921296549590778,2,1,581000256
0.996163822647195,0.637965184498428,2,1,581000256
0.223334438684408,0.880366821476419,2,1,581000256
0.20898666702981,0.726630828462644,2,1,581000256
0.732856085781585,0.883250475948728,2,1,581000256
0.878285611904589,0.301030587479638,2,1,581000256
0.233715375556272,0.768599319736919,2,1,581000256
0.021755856560561,0.984143647141341,2,1,581000256
0.912685238167335,0.586484779088773,2,1,581000256
0.197932288694511,0.016064050486985,2,1,581000256
0.893717086083299,0.215680540844938,2,1,581000256
0.501657613360433,0.613854550185919,2,1,581000256
0.186067033446932,0.557556540814333,2,1,581000256
0.229248043052709,0.075934954631349,2,1,581000256
0.816844618083273,0.215916822224282,2,1,581000256
0.583870856025466,0.050591283238162,2,1,581000256
0.345158114828108,0.131683779042191,2,1,581000256
0.046530305906107,0.650886958400226,2,1,581000256
0.038038185604743,0.857151716137514,2,1,581000256
0.199191432426654,0.517202963952054,2,1,581000256
0.477579898467499,0.026602770416507,2,1,581000256
0.853954207788579,0.503829200503456,2,1,581000256
0.264250157312023,0.108399027694582,2,1,581000256
0.315823155795285,0.397474270982051,2,1,581000256
0.78306623675285,0.708234395735976,2,1,581000256
0.486500414355712,0.963256573900286,2,1,581000256
0.707358477258906,0.534050466244743,2,1,581000256
0.302763027271074,0.657684779476255,2,1,581000256
0.029087873343297,0.630190965937274,2,1,581000256
0.695367988759796,0.54833087240893,2,1,581000256
0.92519772945944,0.641689235647144,2,1,581000256
0.853061805098665,0.336344650291847,2,1,581000256
0.696235409878164,0.679154379155597,2,1,581000256
0.081153204514709,0.890653661350772,2,1,581000256
0.346489135895164,0.820540758530216,2,1,581000256
0.955241605924008,0.371637675259194,2,1,581000256
0.114141628821494,0.408157342276938,2,1,581000256
0.788075891856712,0.847262502267037,2,1,581000256
0.405450751521195,0.077592120805551,2,1,581000256
0.651151169384978,0.286103176284632,2,1,581000256
0.138724899803358,0.889798634162786,2,1,581000256
0.322534233780215,0.94938136080832,2,1,581000256
0.461869019250724,0.028410872752882,2,1,581000256
0.568540598107614,0.498087976685173,2,1,581000256
0.171534282957153,0.271423540464843,2,1,581000256
0.109269632007454,0.581456716076098,2,1,581000256
0.932413075140152,0.849695093316806,2,1,581000256
0.46663643527032,0.279499502960885,2,1,581000256
0.571978183273796,0.364301055608636,2,1,581000256
0.648422402608951,0.535010714606685,2,1,581000256
0.308972974205017,0.150585465690567,2,1,581000256
0.282998645978275,0.629391555773159,2,1,581000256
0.763217564352814,0.848828825401442,2,1,581000256
0.386760137600516,0.831842239076215,2,1,581000256
0.989803055725598,0.969770890847925,2,1,581000256
0.419940327357482,0.582913741279393,2,1,581000256
0.582504733655618,0.927797239578881,2,1,581000256
0.66635942517845,0.961107525489784,2,1,581000256
0.099251715329888,0.355418796880393,2,1,581000256
0.258792004183334,0.72515591532778,2,1,581000256
0.67674947505075,0.509743714800803,2,1,581000256
0.364022653159997,0.92481141500016,2,1,581000256
0.721858899570355,0.234961395129346,2,1,581000256
0.14029105928166,0.929419071246986,2,1,581000256
0.994093220381453,0.254428748774212,2,1,581000256
0.084710700049408,0.73624040473262,2,1,581000256
0.226602567930468,0.531769152729009,2,1,581000256
0.299378177868858,0.58944352454552,2,1,581000256
0.672272953888957,0.062464674255114,2,1,581000256
0.022273186142614,0.265868933938608,2,1,581000256
0.60707519210823,0.73574274000042,2,1,581000256
0.492681600938259,0.865125966816602,2,1,581000256
0.874555861596777,0.841128507342526,2,1,581000256
0.850757260454207,0.579270047503025,2,1,581000256
0.013371828085337,0.384854610553648,2,1,581000256
0.306970731583177,0.711256532735969,2,1,581000256
0.374025965004022,0.628390198796158,2,1,581000256
0.259576186097804,0.161561642159864,2,1,581000256
0.901470793576317,0.164671658802886,2,1,581000256
0.386860150134115,0.708807161875793,2,1,581000256
0.937004116271457,0.407187392218333,2,1,581000256
0.99581915438891,0.672919787618267,2,1,581000256
0.475888195793606,0.582889941388348,2,1,581000256
0.070045425538414,0.968302496079691,2,1,581000256
0.806382601698889,0.191978064886912,2,1,581000256
0.526983404036833,0.129689843665997,2,1,581000256
0.351387841311832,0.425913018968288,2,1,581000256
0.168351845915007,0.624804407857498,2,1,581000256
0.835655440104982,0.219602192332675,2,1,581000256
0.687409919232585,0.655627439147101,2,1,581000256
0.60952736318531,0.454504837819853,2,1,581000256
0.882877522767805,0.694041691117405,2,1,581000256
0.07442577937026,0.326483834799665,2,1,581000256
0.921704088473116,0.197799638999978,2,1,581000256
0.675822119453794,0.045548730063836,2,1,581000256
0.091511760822386,0.309216017144732,2,1,581000256
0.856171604414285,0.84420473452789,2,1,581000256
0.988422396763137,0.851678357802056,2,1,581000256
0.693308048367741,0.736943429600279,2,1,581000256
0.497110438542148,0.608015292264168,2,1,581000256
0.68905089909743,0.595480695337025,2,1,581000256
0.237306465979676,0.689956681283424,2,1,581000256
0.318284594883894,0.882667794328722,2,1,581000256
0.37460910502408,0.789365959678979,2,1,581000256
0.500527885100173,0.822572243232425,2,1,581000256
0.823345791712076,0.239619714671354,2,1,581000256
0.114019184335093,0.875044930574362,2,1,581000256
0.905355575583219,0.109455121153723,2,1,581000256
0.036600876773324,0.130160385026682,2,1,581000256
0.470950290196916,0.001801029109993,2,1,581000256
0.968194275868716,0.641237626360752,2,1,581000256
0.336942754077696,0.836554088089188,2,1,581000256
0.466413874200978,0.774719090357918,2,1,581000256
0.651513921704186,0.658956049345701,2,1,581000256
0.209878359798957,0.371005647889284,2,1,581000256
0.456823427030516,0.434174409019442,2,1,581000256
0.493032381315559,0.882415589769513,2,1,581000256
0.28765082436914,0.86388343157054,2,1,581000256
0.351802222039989,0.682756694107365,2,1,581000256
0.117987914062192,0.492087618001262,2,1,581000256
0.521165250931788,0.427569629944725,2,1,581000256
0.347384815044255,0.755126080088212,2,1,581000256
0.633721489587928,0.68492212251908,2,1,581000256
0.804985954611916,0.174740056399642,2,1,581000256
0.682613363913894,0.053703352455622,2,1,581000256
0.941574026441825,0.593282635628121,2,1,581000256
0.792646966483162,0.639688339600004,2,1,581000256
0.478574155045631,0.20659391568209,2,1,581000256
0.770226907090004,0.069212318721569,2,1,581000256
0.787851440284066,0.162760838102678,2,1,581000256
0.735723811473867,0.186115706577425,2,1,581000256
0.187270115358391,0.663925846274848,2,1,581000256
0.381151841061188,0.199689906330252,2,1,581000256
0.154362944170249,0.833504155427084,2,1,581000256
0.041540999757036,0.329675771981261,2,1,581000256
0.184094581921101,0.09261437695128,2,1,581000256
0.820147464080139,0.92893520453571,2,1,581000256
0.646583798537604,0.427222805525223,2,1,581000256
0.465652052962636,0.655238167636874,2,1,581000256
0.536782827435404,0.721447184331748,2,1,581000256
0.563755849411463,0.510676730943889,2,1,581000256
0.450495297887688,0.282660242765933,2,1,581000256
0.87608862131824,0.47053856810092,2,1,581000256
0.469746418282303,0.790479836944866,2,1,581000256
0.336104727072443,0.983042477179821,2,1,581000256
0.895402162477685,0.164426705339865,2,1,581000256
0.294647864906842,0.837158744737649,2,1,581000256
0.926066965309063,0.263976896967226,2,1,581000256
0.0971247587296,0.767807778532485,2,1,581000256
0.449672556407038,0.909930902271779,2,1,581000256
0.969735031690695,0.696050166590843,2,1,581000256
0.087802608458021,0.44746693703627,2,1,581000256
0.493962724495855,0.68645243179286,2,1,581000256
0.512681648278492,0.958941056598879,2,1,581000256
0.656542544292335,0.544632261205199,2,1,581000256
0.842888838732459,0.278442392506313,2,1,581000256
0.576371756668135,0.475057967685369,2,1,581000256
0.616240006866918,0.160306510069904,2,1,581000256
0.530346628127156,0.37249669069481,2,1,581000256
0.436914847487411,0.310235903399934,2,1,581000256
0.826859759170592,0.130076643669262,2,1,581000256
0.898788068349962,0.500371426270541,2,1,581000256
0.408702979143245,0.8127486891573,2,1,581000256
0.798056626560942,0.658603984468348,2,1,581000256
0.35157346253658,0.340817262882452,2,1,581000256
0.164005322193609,0.42722655330523,2,1,581000256
0.70563786888781,0.544219678183088,2,1,581000256
0.871806971998697,0.922899863401577,2,1,581000256
0.625765014202406,0.96356771413649,2,1,581000256
0.563499480888695,0.256734078258533,2,1,581000256
0.739083453330028,0.889965790575159,2,1,581000256
0.953287040709463,0.814584502287425,2,1,581000256
0.769905507227792,0.545007231239381,2,1,581000256
0.740585907717425,0.97674987388061,2,1,581000256
0.085373518573447,0.665134002449394,2,1,581000256
0.86637767867356,0.736987215282499,2,1,581000256
0.30763890504843,0.396677832582142,2,1,581000256
0.735341917715745,0.12337318478607,2,1,581000256
0.84697519996145,0.479274348628332,2,1,581000256
0.952016300130101,0.50270766878353,2,1,581000256
0.651891845396362,0.556410054679286,2,1,581000256
0.411601350653641,0.584406707600148,2,1,581000256
0.530971118182662,0.55812802255738,2,1,581000256
0.378335971946983,0.422102293468551,2,1,581000256
0.289866867480114,0.501563678505404,2,1,581000256
0.1114040102342,0.079638958056502,2,1,581000256
0.540043951321344,0.287638135852675,2,1,581000256
0.605653858974323,0.369509548405535,2,1,581000256
0.520260914410062,0.303018479439372,2,1,581000256
0.913690101371803,0.241091828113546,2,1,581000256
0.031154004783797,0.524114539470151,2,1,581000256
0.235119096208294,0.05795704140858,2,1,581000256
0.400191101546674,0.55648259544088,2,1,581000256
0.86461001612243,0.617668373664366,2,1,581000256
0.181981745256542,0.398850651125688,2,1,581000256
0.256980023023118,0.041663118351456,2,1,581000256
0.631938031997788,0.186801027962196,2,1,581000256
0.87864615537668,0.3317581410384,2,1,581000256
0.730538379605721,0.293215707928145,2,1,581000256
0.832168377246521,0.215012834951882,2,1,581000256
0.680954230796654,0.940910755668381,2,1,581000256
0.464241720168184,0.880130035894924,2,1,581000256
0.354557475710302,0.917455819416676,2,1,581000256
0.297377734794282,0.346269507212104,2,1,581000256
0.116834262227298,0.072995669458573,2,1,581000256
0.661648854521728,0.499095192636622,2,1,581000256
0.83048867796601,0.028960522807564,2,1,581000256
0.34525153774491,0.279071668082177,2,1,581000256
0.603027443682324,0.928872490370916,2,1,581000256
0.431277195718544,0.113471051560596,2,1,581000256
0.022874775434462,0.122025839983038,2,1,581000256
0.242962558356103,0.446247116263156,2,1,581000256
0.211074430791394,0.386638790975486,2,1,581000256
0.980824219407058,0.138877988799956,2,1,581000256
0.004893250226759,0.671145212008799,2,1,581000256
0.202464443255855,0.590475031536896,2,1,581000256
0.985149131097884,0.360614587311602,2,1,581000256
0.769468547195248,0.656899803130872,2,1,581000256
0.860843601348916,0.759859377767939,2,1,581000256
0.265696984144174,0.836327447658871,2,1,581000256
0.932686885745821,0.825608510215164,2,1,581000256
0.177407447690711,0.73263900981745,2,1,581000256
0.971361862171045,0.17719683326831,2,1,581000256
0.318026288229504,0.508221422279188,2,1,581000256
0.866880354102862,0.068540090147621,2,1,581000256
0.079019899790281,0.894198685153603,2,1,581000256
0.832143286372689,0.313735617836058,2,1,581000256
0.093201025349248,0.338813127872971,2,1,581000256
0.776824420761046,0.124449082415843,2,1,581000256
0.807936382130048,0.043621551103916,2,1,581000256
0.706954553471005,0.439318056301793,2,1,581000256
0.283106006954854,0.962364987078454,2,1,581000256
0.651091209663766,0.603923389246231,2,1,581000256
0.252296571233127,0.31881808095561,2,1,581000256
0.66571693817077,0.194449657877533,2,1,581000256
0.115594430373066,0.837617307391948,2,1,581000256
0.930516472646639,0.368976617361038,2,1,581000256
0.068476432640984,0.676014412241139,2,1,581000256
0.808441444465615,0.377413167531543,2,1,581000256
0.01367993176509,0.994695456661644,2,1,581000256
0.01597880221918,0.764406566749941,2,1,581000256
0.251565596993022,0.212251706282486,2,1,581000256
0.725797147563796,0.359129276032998,2,1,581000256
0.199369848250496,0.250584071582327,2,1,581000256
0.506952600598818,0.361666054363261,2,1,581000256
0.550876691604758,0.497467792770784,2,1,581000256
0.497094243756798,0.707795289947422,2,1,581000256
0.355420750661232,0.787699288478884,2,1,581000256
0.096616321879387,0.42227703314375,2,1,581000256
0.468767437552886,0.43569293989797,2,1,581000256
0.776462790533756,0.855332649356614,2,1,581000256
0.708297535633846,0.240090391723131,2,1,581000256
0.299297135412472,0.537819432475097,2,1,581000256
0.831057249872815,0.424890297881475,2,1,581000256
0.76800857000478,0.887675004365959,2,1,581000256
0.145617578089564,0.681802174545668,2,1,581000256
0.436033236711102,0.153526224356442,2,1,581000256
0.167318994414764,0.834972759541106,2,1,581000256
0.140727184596022,0.79092770091994,2,1,581000256
0.231360867731863,0.161929087212303,2,1,581000256
0.554035140218675,0.932515254761956,2,1,581000256
0.389327825228508,0.073527404167312,2,1,581000256
0.183957780826677,0.735430126218412,2,1,581000256
0.232127489050146,0.680892668492426,2,1,581000256
0.205827023790417,0.167689888387176,2,1,581000256
0.505947778374623,0.758778560534838,2,1,581000256
0.754157502680174,0.229752323048002,2,1,581000256
0.517723733537625,0.752473178926708,2,1,581000256
0.263849660395954,0.698339222307979,2,1,581000256
0.362737636250386,0.769321050181715,2,1,581000256
0.813778018225683,0.226656630417218,2,1,581000256
0.949358106754466,0.946127132987152,2,1,581000256
0.196305865329236,0.03846923875104,2,1,581000256
0.64455741633099,0.19015450524658,2,1,581000256
0.613025377464389,0.513056154690378,2,1,581000256
0.118728496592544,0.054121447471205,2,1,581000256
0.480030061489644,0.673896226196396,2,1,581000256
0.629456424719546,0.424550463545293,2,1,581000256
0.815284388594466,0.966000985071148,2,1,581000256
0.551281534404886,0.778015940475876,2,1,581000256
0.076162809064119,0.735133652746404,2,1,581000256
0.432124414671054,0.991282978717652,2,1,581000256
0.116988793020938,0.50672341373842,2,1,581000256
0.236925765533434,0.079025159063868,2,1,581000256
0.144411864921248,0.503103619816077,2,1,581000256
0.725186902242496,0.776754366168786,2,1,581000256
0.162718538063087,0.834773677982334,2,1,581000256
0.101479519337157,0.586790845284584,2,1,581000256
0.421681027829073,0.45470447495983,2,1,581000256
0.176626082376701,0.761547336726099,2,1,581000256
0.806305256322213,0.274277089762412,2,1,581000256
0.282135058001258,0.71109626453118,2,1,581000256
0.940847597200077,0.805265510723954,2,1,581000256
0.091608315615756,0.490934311721892,2,1,581000256
0.018727377322299,0.314344047683871,2,1,581000256
0.320219916581248,0.35105375805058,2,1,581000256
0.015470409280289,0.75492011227303,2,1,581000256
0.996999770312637,0.808875909029997,2,1,581000256
0.993576077243931,0.675664266200651,2,1,581000256
0.634536946507392,0.346296587125444,2,1,581000256
0.666208958110962,0.895928675560336,2,1,581000256
0.156851242690886,0.625039207502075,2,1,581000256
0.250873112384399,0.985316173148841,2,1,581000256
0.888564250674798,0.06470657230602,2,1,581000256
0.914735408717609,0.487982368217841,2,1,581000256
0.257133404344901,0.734367280142975,2,1,581000256
0.790022137045125,0.39182292217776,2,1,581000256
0.114796201969681,0.771208423847526,2,1,581000256
0.620920419636759,0.558519345508488,2,1,581000256
0.748003834806785,0.958731326177138,2,1,581000256
0.592674469522936,0.702486291557328,2,1,581000256
0.709506755708807,0.672162423193203,2,1,581000256
0.789074127749811,0.035084024129759,2,1,581000256
0.581887126025217,0.130196646476292,2,1,581000256
0.026290690839506,0.875029640257512,2,1,581000256
0.66121649371183,0.779886344208066,2,1,581000256
0.519023726624413,0.366761525400141,2,1,581000256
0.33564905130385,0.685433382718471,2,1,581000256
0.949179270853469,0.945581215130214,2,1,581000256
0.626144439120148,0.991838102640169,2,1,581000256
0.027808536847323,0.341717689451807,2,1,581000256
0.955146346315014,0.890803763937519,2,1,581000256
0.567793524433159,0.725028942836494,2,1,581000256
0.713926072231426,0.028990283284729,2,1,581000256
0.417774021900912,0.057876481388481,2,1,581000256
0.61043325119843,0.967656818086008,2,1,581000256
0.347068114686204,0.845778186613999,2,1,581000256
0.096878579012836,0.127927742755273,2,1,581000256
0.116846162157346,0.25376585413349,2,1,581000256
0.399905936677612,0.637361763279511,2,1,581000256
0.524576323967546,0.990943519571117,2,1,581000256
0.806094859419683,0.631199757712126,2,1,581000256
0.166766947638602,0.456563300331079,2,1,581000256
0.891666209072818,0.855611535534054,2,1,581000256
0.029289436322002,0.388005823239361,2,1,581000256
0.327647319731924,0.870457685484393,2,1,581000256
0.785072871502922,0.654372314488208,2,1,581000256
0.740385714000787,0.755527496301346,2,1,581000256
0.85571935522536,0.898966023840825,2,1,581000256
0.862182745067226,0.986909524979384,2,1,581000256
0.876597088048332,0.449761049873969,2,1,581000256
0.867951981486057,0.069096709558367,2,1,581000256
0.194225763027245,0.289026499330749,2,1,581000256
0.361189626460351,0.583622754597565,2,1,581000256
0.420276901126982,0.901594637232981,2,1,581000256
0.946177182096797,0.546472973316968,2,1,581000256
0.868269236532392,0.505831879453943,2,1,581000256
0.70321906730419,0.354206380561546,2,1,581000256
0.907047671444027,0.512191861234057,2,1,581000256
0.169851450920028,0.142672898452495,2,1,581000256
0.879391215341611,0.051299772686232,2,1,581000256
0.623340472178859,0.082403684135926,2,1,581000256
0.254604264742417,0.066838101294753,2,1,581000256
0.558421462724645,0.991198167563029,2,1,581000256
0.110702289543159,0.778073477575781,2,1,581000256
0.259113463239136,0.657127055631909,2,1,581000256
0.874811598733916,0.282685374264104,2,1,581000256
0.274575854356795,0.43411545302279,2,1,581000256
0.48966024726819,0.692627204904891,2,1,581000256
0.426357160131454,0.997465695868352,2,1,581000256
0.81954522451318,0.474070752304833,2,1,581000256
0.698018602399105,0.628124955577912,2,1,581000256
0.160918655796991,0.597055562713319,2,1,581000256
0.987997918433424,0.032197789050002,2,1,581000256
0.18074352266695,0.691284596954352,2,1,581000256
0.24271164666453,0.496149094802226,2,1,581000256
0.470027692401164,0.651578359594925,2,1,581000256
0.929277117072516,0.12833850142929,2,1,581000256
0.170452248649547,0.039819711342484,2,1,581000256
0.155867964413852,0.04397237981647,2,1,581000256
0.808768125268332,0.189791889712854,2,1,581000256
0.002599977958167,0.613254657203792,2,1,581000256
0.55664337271515,0.137132709984212,2,1,581000256
0.786976572132114,0.311463805324054,2,1,581000256
0.622900019133498,0.36869816472697,2,1,581000256
0.055306732612475,0.284877572675596,2,1,581000256
0.380588881922806,0.913948804982903,2,1,581000256
0.065140071157158,0.477913136642922,2,1,581000256
0.133106984007244,0.485543099616556,2,1,581000256
0.403647379804049,0.054545488720562,2,1,581000256
0.131571020118115,0.217141360216405,2,1,581000256
0.173007085713474,0.891011974301228,2,1,581000256
0.569917787494066,0.043495259153043,2,1,581000256
0.866241505432373,0.117006404590871,2,1,581000256
0.804710296509178,0.92121737508855,2,1,581000256
0.655579457135895,0.039011356757133,2,1,581000256
0.973386052233477,0.898195896334298,2,1,581000256
0.32030383497256,0.292112909561043,2,1,581000256
0.517692239551858,0.505440122758581,2,1,581000256
0.452176878112473,0.735586680051734,2,1,581000256
0.858309508779889,0.067212016195084,2,1,581000256
0.893917548521374,0.432740255025072,2,1,581000256
0.612174666346214,0.303620365201383,2,1,581000256
0.589838957390932,0.036941536493246,2,1,581000256
0.295770203456743,0.034423457075566,2,1,581000256
0.157635976600366,0.043458615354358,2,1,581000256
0.415655930169076,0.883607168845326,2,1,581000256
0.526446825083336,0.660681422544786,2,1,581000256
0.211776557806189,0.631375327881698,2,1,581000256
0.928694192666902,0.504491160103686,2,1,581000256
0.089586177114948,0.263509690986571,2,1,581000256
0.381845185434778,0.925988836057509,2,1,581000256
0.95378889523662,0.827627024387353,2,1,581000256
0.551111768689472,0.545488982732474,2,1,581000256
0.239502454449826,0.921681281101583,2,1,581000256
0.545245995868153,0.484630869483633,2,1,581000256
0.425909473050398,0.01212903645218,2,1,581000256
0.764967844659599,0.863654039041976,2,1,581000256
0.212968904437989,0.807496812771304,2,1,581000256
0.397195282667852,0.362330528638453,2,1,581000256
0.343518151166339,0.597658880963736,2,1,581000256
0.528129934858913,0.030741803597329,2,1,581000256
0.261103489743368,0.809955029922978,2,1,581000256
0.134384056047592,0.080033114613884,2,1,581000256
0.4081354584256,0.030347379828479,2,1,581000256
0.40371731627994,0.083474119332286,2,1,581000256
0.989472297901057,0.391136532530437,2,1,581000256
0.935584842415825,0.874598816456257,2,1,581000256
0.453293569397363,0.536326461357964,2,1,581000256
0.37658086160339,0.441894417992122,2,1,581000256
0.774132863509969,0.341549237632915,2,1,581000256
0.956994833836812,0.288452949068437,2,1,581000256
0.862197168639786,0.187529831034703,2,1,581000256
0.212080050371805,0.050195659952665,2,1,581000256
0.068607637598597,0.864392141978848,2,1,581000256
0.895267179951406,0.647724752980994,2,1,581000256
0.807954841992489,0.118677742158093,2,1,581000256
0.720438581178092,0.884552984806436,2,1,581000256
0.7775688118469,0.445768767669349,2,1,581000256
0.106511265893433,0.198406466123993,2,1,581000256
0.117162696184556,0.977477055892687,2,1,581000256
0.539959951808152,0.222491816134621,2,1,581000256
0.123015932590044,0.217881735505975,2,1,581000256
0.519543806939518,0.920063472485408,2,1,581000256
0.807621256116265,0.940067903175588,2,1,581000256
0.302384035275361,0.318323002073913,2,1,581000256
0.678727370726014,0.772239348228587,2,1,581000256
0.831671372460252,0.28662703662205,2,1,581000256
0.600966841909626,0.873748234862791,2,1,581000256
0.293666175148295,0.379175936262646,2,1,581000256
0.498766970694112,0.62990578481011,2,1,581000256
0.725286147558789,0.493800779086314,2,1,581000256
0.960998750757409,0.479007281998629,2,1,581000256
0.973459686548442,0.986161203522338,2,1,581000256
0.515827145812028,0.825825899752703,2,1,581000256
0.093555716328144,0.922612304877083,2,1,581000256
0.458483602127946,0.492899592567721,2,1,581000256
0.966583412879151,0.35519388112358,2,1,581000256
0.635189616478635,0.314255997584157,2,1,581000256
0.513488503749918,0.85864083450428,2,1,581000256
0.513217850980416,0.285790405843292,2,1,581000256
0.389755247014305,0.082008525902342,2,1,581000256
0.200085155387737,0.152331941577462,2,1,581000256
0.454655906034873,0.736452629755025,2,1,581000256
0.814129924405459,0.433504112647638,2,1,581000256
0.626873155249259,0.265897715683096,2,1,581000256
0.75423339469889,0.668805422999985,2,1,581000256
0.961852351547323,0.428775086102634,2,1,581000256
0.968203172610326,0.096906510484529,2,1,581000256
0.916124724501235,0.156704482370838,2,1,581000256
0.277344156168077,0.074980323609923,2,1,581000256
0.799974597785241,0.349940710151698,2,1,581000256
0.179000784189604,0.290952624211082,2,1,581000256
0.362206554994894,0.719600765938735,2,1,581000256
0.319361381536104,0.224879707133799,2,1,581000256
0.299401707723728,0.393132651272621,2,1,581000256
0.005574087568748,0.375231076880375,2,1,581000256
0.23693479459174,0.762182636455399,2,1,581000256
0.709231012418775,0.481675201079333,2,1,581000256
0.390156437299029,0.970962432124126,2,1,581000256
0.502535381110848,0.348036103419492,2,1,581000256
0.681528129548498,0.518413616166397,2,1,581000256
0.763974142865874,0.897409774004031,2,1,581000256
0.563129946727325,0.678911688778156,2,1,581000256
0.292076512608206,0.775998899579438,2,1,581000256
0.173844222389332,0.833947482073364,2,1,581000256
0.173846384051093,0.16304523000956,2,1,581000256
0.746650530182592,0.351168930224129,2,1,581000256
0.368714626320628,0.441309108248961,2,1,581000256
0.3738511128427,0.347361679859623,2,1,581000256
0.989365159140702,0.035865641649099,2,1,581000256
0.336677807141163,0.528392256249036,2,1,581000256
0.687546082215156,0.03855800890885,2,1,581000256
0.210614728989922,0.311832543341181,2,1,581000256
0.38598569643973,0.201268020665982,2,1,581000256
0.868903926734056,0.606930079101046,2,1,581000256
0.83679000282208,0.503234577397209,2,1,581000256
0.324083734003605,0.951783830271625,2,1,581000256
0.132207356907084,0.77597145520142,2,1,581000256
0.071042475906076,0.189030184436076,2,1,581000256
0.345402579021783,0.803905318660588,2,1,581000256
0.224953012085198,0.499039522810607,2,1,581000256
0.93689133980985,0.909675871328565,2,1,581000256
0.283586665074486,0.403569035393974,2,1,581000256
0.426543463517427,0.280109926280559,2,1,581000256
0.785886981726913,0.303012321528061,2,1,581000256
0.101570992826274,0.192201893419878,2,1,581000256
0.487318174990238,0.216832363108904,2,1,581000256
0.207675465264396,0.858003053052451,2,1,581000256
0.927384062259026,0.659459012221852,2,1,581000256
0.153536150347274,0.823142730237067,2,1,581000256
0.425847634997564,0.002878105585,2,1,581000256
0.748078776753961,0.725774268757549,2,1,581000256
0.611563459456073,0.252334007761118,2,1,581000256
0.385472599626106,0.751059717712735,2,1,581000256
0.561467959932692,0.893013297035405,2,1,581000256
0.394560910169193,0.300876809780448,2,1,581000256
0.50715563341582,0.353272221881261,2,1,581000256
0.477438016569663,0.239252378257792,2,1,581000256
0.852602149156854,0.673915872758214,2,1,581000256
0.27614393938901,0.571096921041387,2,1,581000256
0.938977562330494,0.173232703802731,2,1,581000256
0.626955448469272,0.565134635014348,2,1,581000256
0.591126499292871,0.253932775580616,2,1,581000256
0.988509784274167,0.141494596060926,2,1,581000256
0.985174143012389,0.010834049038514,2,1,581000256
0.86300591643248,0.810247958931754,2,1,581000256
0.787850424378534,0.967085604616223,2,1,581000256
0.768985096958138,0.569247225054144,2,1,581000256
0.83550692374973,0.09191296310841,2,1,581000256
0.469701013648007,0.947943347855826,2,1,581000256
0.844434468305445,0.234314931596554,2,1,581000256
0.712847119876062,0.818427321950181,2,1,581000256
0.773971577410143,0.244837373504629,2,1,581000256
0.695417049893621,0.685762624936272,2,1,581000256
0.500027427585016,0.351494801193161,2,1,581000256
0.831731367449558,0.916745549661653,2,1,581000256
0.399025049597265,0.806104952536713,2,1,581000256
0.173171849387112,0.769550948091802,2,1,581000256
0.290903968144647,0.423748369228006,2,1,581000256
0.004922761930883,0.146290400764264,2,1,581000256
0.944703931338906,0.400758707170646,2,1,581000256
0.728025387311665,0.70633147232332,2,1,581000256
0.011384063977704,0.715596113232172,2,1,581000256
0.124311216885272,0.350295581547826,2,1,581000256
0.815915222080276,0.492150625150034,2,1,581000256
0.497285692490789,0.112973423315346,2,1,581000256
0.914315276271858,0.936467800218546,2,1,581000256
0.983793157253917,0.187966657764648,2,1,581000256
0.70118059287644,0.845584817447363,2,1,581000256
0.539301179192338,0.147684889194531,2,1,581000256
0.63939944670858,0.231109489666341,2,1,581000256
0.713899932223506,0.419397808870845,2,1,581000256
0.87611569553712,0.300371168684974,2,1,581000256
0.35662064927228,0.731361611237122,2,1,581000256
0.107644756503117,0.894416734231358,2,1,581000256
0.81243463219653,0.55261045025222,2,1,581000256
0.560925322144215,0.494820972826659,2,1,581000256
0.009302135088338,0.51582290903091,2,1,581000256
0.870224553514406,0.080225442444377,2,1,581000256
0.071898407649298,0.434744354163405,2,1,581000256
0.44519617676197,0.438715692439387,2,1,581000256
0.744151965955176,0.805966147543388,2,1,581000256
0.650024219369192,0.023591409449378,2,1,581000256
0.954487644709695,0.619433140630632,2,1,581000256
0.743268101013099,0.077780117660393,2,1,581000256
0.315675399934605,0.892870889052215,2,1,581000256
0.064157084049052,0.546089808680632,2,1,581000256
0.21544313249451,0.592394940410191,2,1,581000256
0.393465284372779,0.244691174927841,2,1,581000256
0.424519674741278,0.504883936224056,2,1,581000256
0.765731218678146,0.863666105015782,2,1,581000256
0.825532509983145,0.187269676569829,2,1,581000256
0.26446851692064,0.641153534950429,2,1,581000256
0.949191199536946,0.333716640265886,2,1,581000256
0.493147495562178,0.966569451335939,2,1,581000256
0.493447403139025,0.773734236171734,2,1,581000256
0.48210973973123,0.745573575447951,2,1,581000256
0.89682779354781,0.842585643181916,2,1,581000256
0.765210977184408,0.090899663951486,2,1,581000256
0.338896189878217,0.049926553941268,2,1,581000256
0.239870330622647,0.790862527763212,2,1,581000256
0.248807402705398,0.81342842060966,2,1,581000256
0.21033640318881,0.051299546629762,2,1,581000256
0.517173960058788,0.521210318984335,2,1,581000256
0.706364268685125,0.206900370327901,2,1,581000256
0.126974535521627,0.340224593102624,2,1,581000256
0.768129218658012,0.454323159494408,2,1,581000256
0.845990570837485,0.997310916655638,2,1,581000256
0.893087220428505,0.172191603556622,2,1,581000256
0.956265499221204,0.22545458839997,2,1,581000256
0.251623247992251,0.062011839785475,2,1,581000256
0.735338610436449,0.68985447310288,2,1,581000256
0.595713205060422,0.169244133875548,2,1,581000256
0.54951395301349,0.986726779012824,2,1,581000256
0.008456480048722,0.825208906026178,2,1,581000256
0.971181731082277,0.742340920062976,2,1,581000256
0.772219814678917,0.68820267713139,2,1,581000256
0.290217822274077,0.93060419337985,2,1,581000256
0.669266001792324,0.356144323594189,2,1,581000256
0.15374535042466,0.274582239630182,2,1,581000256
0.971123117900098,0.473267558909871,2,1,581000256
0.839048799945588,0.000662334703686,2,1,581000256
0.221583508864275,0.859820747531083,2,1,581000256
0.841190532374208,0.273637514377354,2,1,581000256
0.67310401991666,0.956430701988979,2,1,581000256
0.039885978116815,0.356809034357524,2,1,581000256
0.897512393066705,0.79373203432332,2,1,581000256
0.699452502774294,0.913275637076442,2,1,581000256
0.659306648714356,0.773059536895172,2,1,581000256
0.951154471011269,0.892897985732115,2,1,581000256
0.613468066137694,0.775445526729673,2,1,581000256
0.209024722605244,0.133997223443051,2,1,581000256
0.769590577695134,0.503860439523312,2,1,581000256
0.178250564893688,0.149666758752626,2,1,581000256
0.950262244143383,0.507579300246019,2,1,581000256
0.729470369016478,0.565646723712193,2,1,581000256
0.664017759907831,0.037752707459943,2,1,581000256
0.932834457291231,0.330030948386221,2,1,581000256
0.911812918916845,0.739705816843444,2,1,581000256
0.972441811608805,0.124646343525301,2,1,581000256
0.450855753167144,0.200184537409693,2,1,581000256
0.494772068883861,0.373765413831955,2,1,581000256
0.950761016541828,0.5367129734049,2,1,581000256
0.183989882108392,0.867882419758337,2,1,581000256
0.294378103811179,0.54142203771615,2,1,581000256
0.0025068488996,0.298604045647046,2,1,581000256
0.999274970122168,0.373153923441149,2,1,581000256
0.586943651514508,0.935276331157628,2,1,581000256
0.36574350563122,0.429342775629879,2,1,581000256
0.747643124424386,0.264789159062131,2,1,581000256
0.493324691122708,0.823117084194307,2,1,581000256
0.884142624621262,0.663070388247608,2,1,581000256
0.750234713482704,0.841264811358557,2,1,581000256
0.399522130529058,0.070101973091313,2,1,581000256
0.628705816345233,0.865147134015026,2,1,581000256
0.873301924434394,0.199860491804454,2,1,581000256
0.174138686550039,0.499342711101316,2,1,581000256
