0.83557190654475,0.0324051619309,2,1,581000256
0.337095930892112,0.071748821903579,2,1,581000256
0.474292175217672,0.207406488647506,2,1,581000256
0.664548948224807,0.244061781674906,2,1,581000256
0.503212366752561,0.466728945703217,2,1,581000256
0.720423487718946,0.203004237638656,2,1,581000256
0.719615155878858,0.478251797975657,2,1,581000256
0.505371659921742,0.790361475041377,2,1,581000256
0.489096887280992,0.213931863501595,2,1,581000256
0.931831310393432,0.97383546124171,2,1,581000256
0.508856507746688,0.55218314014304,2,1,581000256
0.102816537353066,0.260919659830331,2,1,581000256
0.721471426904364,0.927967509528396,2,1,581000256
0.741515332606523,0.014443188046599,2,1,581000256
0.177896754713358,0.663562112464537,2,1,581000256
0.623653950123355,0.141128700714846,2,1,581000256
0.981432709800219,0.078788472139724,2,1,581000256
0.275720081073479,0.293452927747379,2,1,581000256
0.183661837837574,0.601559257680955,2,1,581000256
0.519519191604518,0.550294677655669,2,1,581000256
0.648866540112996,0.877918659731137,2,1,581000256
0.667172352583015,0.523300156004966,2,1,581000256
0.455194459635535,0.315322585741199,2,1,581000256
0.300545520723353,0.973591006247764,2,1,581000256
0.358847470908164,0.583725543850654,2,1,581000256
0.605233869125815,0.317385264476892,2,1,581000256
0.211827566814823,0.346111112574921,2,1,581000256
0.171607074379992,0.849297664523928,2,1,581000256
0.994281217739084,0.8934231085926,2,1,581000256
0.024054622630952,0.118529844313047,2,1,581000256
0.299240946303563,0.418425234951936,2,1,581000256
0.394452797644276,0.655857443911754,2,1,581000256
0.690571061762508,0.378837133516127,2,1,581000256
0.41700784970367,0.168265603467057,2,1,581000256
0.344182568803647,0.772164736069884,2,1,581000256
0.489012825724488,0.393280139126017,2,1,581000256
0.77808925264539,0.172963949319244,2,1,581000256
0.515688057320417,0.036486834468006,2,1,581000256
0.278635662170972,0.0678459801961,2,1,581000256
0.637158412701448,0.603426340561922,2,1,581000256
0.838234976573885,0.364353853927944,2,1,581000256
0.321753151633304,0.480998187487564,2,1,581000256
0.034212724168379,0.946909411380155,2,1,581000256
0.902196744164821,0.323701751421857,2,1,581000256
0.298860041168217,0.80635046979228,2,1,581000256
0.729892321807876,0.656488404576897,2,1,581000256
0.457558075292446,0.579148609089214,2,1,581000256
0.127381900108009,0.618693372766145,2,1,581000256
0.244843209314976,0.298217401412349,2,1,581000256
0.230200351066757,0.942461836963666,2,1,581000256
0.747539676932064,0.779292336157628,2,1,581000256
0.626723118953967,0.584278963008165,2,1,581000256
0.369595160734949,0.34518322801686,2,1,581000256
0.428240148424087,0.909658542844512,2,1,581000256
0.965011972022163,0.524770377417517,2,1,581000256
0.031371740827018,0.9687407797682,2,1,581000256
0.243274409801022,0.954436287274801,2,1,581000256
0.371074404251306,0.19449452679301,2,1,581000256
0.415930734220826,0.95669489497438,2,1,581000256
0.904867958591258,0.805415018056985,2,1,581000256
0.323496240380647,0.17410038182043,2,1,581000256
0.917547738476122,0.301053164087654,2,1,581000256
0.958601123979617,0.19608844867179,2,1,581000256
0.990528702616576,0.701408064462008,2,1,581000256
0.384315395999336,0.332222722911067,2,1,581000256
0.641100699040629,0.600159229518824,2,1,581000256
0.535840347317288,0.557389655200564,2,1,581000256
0.204257884650424,0.676911063263922,2,1,581000256
0.28926398260266,0.182805310053145,2,1,581000256
0.003396554737304,0.045066596331044,2,1,581000256
0.482836138018437,0.991268014376081,2,1,581000256
0.736060304404606,0.69964368318812,2,1,581000256
0.284225836303266,0.41591094915728,2,1,581000256
0.78704248591803,0.373291077013523,2,1,581000256
0.411482362209744,0.838779092105972,2,1,581000256
0.873540302674207,0.308958647774081,2,1,581000256
0.235928493015433,0.238875413531634,2,1,581000256
0.025686228953574,0.814119389638941,2,1,581000256
0.721972660561531,0.228891283098046,2,1,581000256
0.410666680664769,0.974138149035504,2,1,581000256
0.491834168825859,0.985656600097027,2,1,581000256
0.919769397959054,0.571325728914017,2,1,581000256
0.042433985860835,0.70141529067663,2,1,581000256
0.755084827783787,0.081413357216563,2,1,581000256
0.28721086565147,0.961352252188313,2,1,581000256
0.476218874938948,0.600627171510991,2,1,581000256
0.147380690433414,0.887367926736771,2,1,581000256
0.09725759992438,0.694238347482989,2,1,581000256
0.875164839669596,0.978917421700434,2,1,581000256
0.860357350306159,0.451408925456994,2,1,581000256
0.155770715687069,0.328800959422559,2,1,581000256
0.254715957552455,0.481349723408522,2,1,581000256
0.805415956853208,0.29511283216173,2,1,581000256
0.698314486885071,0.192251048031189,2,1,581000256
0.059445231157704,0.77012676802123,2,1,581000256
0.054700749162996,0.457143071830927,2,1,581000256
0.02759670371002,0.902715352745834,2,1,581000256
0.818219603088584,0.689787485484479,2,1,581000256
0.882732582426494,0.50297171892378,2,1,581000256
0.368476925088296,0.428897521487532,2,1,581000256
0.744856563822646,0.386022184388971,2,1,581000256
0.168457698556374,0.760429021778754,2,1,581000256
0.023998245466897,0.596588627263012,2,1,581000256
0.160601246848802,0.295379845478306,2,1,581000256
0.193552759256602,0.796679543340911,2,1,581000256
0.901269218755435,0.964481235529632,2,1,581000256
0.579921669141603,0.09585964276284,2,1,581000256
0.166424948392726,0.591359044690286,2,1,581000256
0.774808642750283,0.256867316656512,2,1,581000256
0.859975806513277,0.062188687271226,2,1,581000256
0.70328165125409,0.51892051462781,2,1,581000256
0.061112466569174,0.922562949088926,2,1,581000256
0.213721075029804,0.24687100394733,2,1,581000256
0.958112489138876,0.401236622491399,2,1,581000256
0.295030913808062,0.236437998689792,2,1,581000256
0.233457600323395,0.185607885768889,2,1,581000256
0.67199793160181,0.784072129327593,2,1,581000256
0.188747915802404,0.755241375303136,2,1,581000256
0.581441843254387,0.56457099656233,2,1,581000256
0.527778104200184,0.717432779306505,2,1,581000256
0.98980702121308,0.950388206906009,2,1,581000256
0.252273950645624,0.382761063674303,2,1,581000256
0.37710405392823,0.653647346481807,2,1,581000256
0.567170485425983,0.768768859966272,2,1,581000256
0.482617746594556,0.475193868440808,2,1,581000256
0.040945528488782,0.326357202287875,2,1,581000256
0.08455527106943,0.504586877937649,2,1,581000256
0.521405421559839,0.946176337853049,2,1,581000256
0.968816648117578,0.330754050244968,2,1,581000256
0.468452428783206,0.221239069824062,2,1,581000256
0.731326929236299,0.695102701924793,2,1,581000256
0.432746126777322,0.517179136605953,2,1,581000256
0.953878079023565,0.54720070639799,2,1,581000256
0.382804090742272,0.133021747309067,2,1,581000256
0.595185319404193,0.647711088150317,2,1,581000256
0.462969793204904,0.72302911178079,2,1,581000256
0.146871443427584,0.704084161418018,2,1,581000256
0.550808387692449,0.19412919493531,2,1,581000256
0.218350000934035,0.521582146896622,2,1,581000256
0.67487421930206,0.493630765560682,2,1,581000256
0.735085910480908,0.805530562000085,2,1,581000256
0.952426206283419,0.058373634175151,2,1,581000256
0.861470408559662,0.060261793532934,2,1,581000256
0.2115504893161,0.209158054305065,2,1,581000256
0.092554281762164,0.496036280203959,2,1,581000256
0.873282517630988,0.443242431229601,2,1,581000256
0.698142065105372,0.977296609880482,2,1,581000256
0.986702944089034,0.402894218620325,2,1,581000256
0.848256783721145,0.823931122578135,2,1,581000256
0.533615659371906,0.27942369647997,2,1,581000256
0.300743471643595,0.71179287763525,2,1,581000256
0.249297806430383,0.549825986593094,2,1,581000256
0.489786574003597,0.009540936833139,2,1,581000256
0.241945612561852,0.237101922643829,2,1,581000256
0.218375272068559,0.635940824358943,2,1,581000256
0.635821678983513,0.335523474750243,2,1,581000256
0.928257621722342,0.92508132898966,2,1,581000256
0.311743014747461,0.648555032765411,2,1,581000256
0.697682503025556,0.046535528605444,2,1,581000256
0.573431195843004,0.049837025627886,2,1,581000256
0.700236743052466,0.243313552001229,2,1,581000256
0.2293796707919,0.096583706256428,2,1,581000256
0.847341488918786,0.522525651353237,2,1,581000256
0.147274934091925,0.999942090446596,2,1,581000256
0.732480757689749,0.461993839192733,2,1,581000256
0.811642295334283,0.188304674492385,2,1,581000256
0.796992498411184,0.48062116463961,2,1,581000256
0.795268993176396,0.087263537336174,2,1,581000256
0.845259958954183,0.261147504284802,2,1,581000256
0.341090270814182,0.283838921235593,2,1,581000256
0.651399610380492,0.010991579843253,2,1,581000256
0.443607460045025,0.942810664970524,2,1,581000256
0.420049377167822,0.900198895080816,2,1,581000256
0.917539013380488,0.199426218619649,2,1,581000256
0.290618555567707,0.32508557083955,2,1,581000256
0.946289011508396,0.26545405618683,2,1,581000256
0.907368976934757,0.611988679048792,2,1,581000256
0.513950095694336,0.154497120231087,2,1,581000256
0.316954495972209,0.397603561530434,2,1,581000256
0.941940730185172,0.257675543998991,2,1,581000256
0.100553962478637,0.200709451017338,2,1,581000256
0.475009309163402,0.482233849473561,2,1,581000256
0.699490292162886,0.634654329435282,2,1,581000256
0.491220765469604,0.303322700250994,2,1,581000256
0.351236488127734,0.300791163569677,2,1,581000256
0.446673911474845,0.873150988683425,2,1,581000256
0.916966944888059,0.650126963876728,2,1,581000256
0.108080595512035,0.281898754241739,2,1,581000256
0.152320179070967,0.003767452311308,2,1,581000256
0.974970502734519,0.171227623248897,2,1,581000256
0.64979740935404,0.482309416712382,2,1,581000256
0.048168618504737,0.163919671941965,2,1,581000256
0.7642284092976,0.810154170330803,2,1,581000256
0.262324530210565,0.992122017565036,2,1,581000256
0.321994835255789,0.832784872387616,2,1,581000256
0.967656104936162,0.781869101969098,2,1,581000256
0.810207928108535,0.113371464799628,2,1,581000256
0.819702797933792,0.682999903382018,2,1,581000256
0.043796661897473,0.159637167809844,2,1,581000256
0.315766456794983,0.921283030699394,2,1,581000256
0.016468715056692,0.672740359853181,2,1,581000256
0.002850271725589,0.39350788206202,2,1,581000256
0.75576579284978,0.706996615479312,2,1,581000256
0.074289811215362,0.126494726023321,2,1,581000256
0.522941706858472,0.78258552887625,2,1,581000256
0.670902280234298,0.277423118159752,2,1,581000256
0.62514997400797,0.802957363519284,2,1,581000256
0.707363331047831,0.865571879178783,2,1,581000256
0.440435268683205,0.094475123477513,2,1,581000256
0.45565352921067,0.094510565071629,2,1,581000256
0.454859685280086,0.81705156038013,3,1,775001231
0.283667653757575,0.10479312034136,3,1,775001231
0.607682343887542,0.687070454261317,3,1,775001231
0.186502644965337,0.950588650527002,3,1,775001231
0.076197646664239,0.315548891042324,3,1,775001231
0.519764627210089,0.632151768224188,3,1,775001231
0.876521073017062,0.055456617189242,3,1,775001231
0.838877724209364,0.009060051151761,3,1,775001231
0.321402311400576,0.522392850223659,3,1,775001231
0.511137385010572,0.529004180082257,3,1,775001231
0.918099825467091,0.367640368888318,3,1,775001231
0.342209602832973,0.785989188145825,3,1,775001231
0.412141684125165,0.838531954889943,3,1,775001231
0.390463142391907,0.653033869169273,3,1,775001231
0.868727129037481,0.65094029110921,3,1,775001231
0.589892592392555,0.309589255263486,3,1,775001231
0.18059307968522,0.391084771280745,3,1,775001231
0.002585600685499,0.0044050835946,3,1,775001231
0.544490494115217,0.26248141042946,3,1,775001231
0.878133205748189,0.321330605042082,3,1,775001231
0.257985573740409,0.498745551233774,3,1,775001231
0.210076959933484,0.048544314167111,3,1,775001231
0.654121325769467,0.17408908889587,3,1,775001231
0.148432380151681,0.490964695570171,3,1,775001231
0.113545127631723,0.460736959626942,3,1,775001231
0.452523163570149,0.211102003894518,3,1,775001231
0.872028255283903,0.606121059454889,3,1,775001231
0.149806342763047,0.735368931693984,3,1,775001231
0.775873886239263,0.032591464768279,3,1,775001231
0.704063353284578,0.720875756228147,3,1,775001231
0.228530138390563,0.998518688125488,3,1,775001231
0.290277679715407,0.441993505899714,3,1,775001231
0.318794868153483,0.202042788475202,3,1,775001231
0.223715111948262,0.226476223659193,3,1,775001231
0.524320105305212,0.557358593297792,3,1,775001231
0.197167488120102,0.647691601154221,3,1,775001231
0.44369301789002,0.128308235164663,3,1,775001231
0.743016629181899,0.862516757689576,3,1,775001231
0.726191768267422,0.865186143696184,3,1,775001231
0.255720224286052,0.47371391938065,3,1,775001231
0.740384338661569,0.358043408454396,3,1,775001231
0.985516808651592,0.691108411565366,3,1,775001231
0.55105880032199,0.293411853631456,3,1,775001231
0.645592164798078,0.367649367238152,3,1,775001231
0.458543963678202,0.681250752994966,3,1,775001231
0.66264501046218,0.694441324641848,3,1,775001231
0.695299415728013,0.205052100223174,3,1,775001231
0.644734996870647,0.953092527606057,3,1,775001231
0.871724608818118,0.240422737128854,3,1,775001231
0.340491306176909,0.744233744492044,3,1,775001231
0.416456600653777,0.186095203568564,3,1,775001231
0.220205655787454,0.537819442967882,3,1,775001231
0.565996599916348,0.756201136448014,3,1,775001231
0.82202864925852,0.223830021101584,3,1,775001231
0.424325721401321,0.793774436100126,3,1,775001231
0.175433650171812,0.581253166109994,3,1,775001231
0.235240686545405,0.982833971453623,3,1,775001231
0.939308158835929,0.228728672799548,3,1,775001231
0.288460440775248,0.560028771140283,3,1,775001231
0.373477119558129,0.67199983692048,3,1,775001231
0.81512502179992,0.756710657869212,3,1,775001231
0.900158897239843,0.521322044532689,3,1,775001231
0.819128458080905,0.238433123159785,3,1,775001231
0.805799095977448,0.816236986572217,3,1,775001231
0.037797423101691,0.251257302790486,3,1,775001231
0.583923242353922,0.665628561275092,3,1,775001231
0.128748189631031,0.532878897198753,3,1,775001231
0.526094714838423,0.087735029041376,3,1,775001231
0.739324211580826,0.301473040499173,3,1,775001231
0.430758989355685,0.017798776805745,3,1,775001231
0.330837525266393,0.796286354087934,3,1,775001231
0.718701346005616,0.940293529486637,3,1,775001231
0.501906886610415,0.911388722726021,3,1,775001231
0.819039975797767,0.498176868846564,3,1,775001231
0.083506291859553,0.437629929304005,3,1,775001231
0.42112212958616,0.733372874164218,3,1,775001231
0.462907895797517,0.307729132861734,3,1,775001231
0.07538570150204,0.320698341209094,3,1,775001231
0.434523149525365,0.025557840733148,3,1,775001231
0.670194715963319,0.271703430592904,3,1,775001231
0.372716794260808,0.153060254967843,3,1,775001231
0.511851804272433,0.105405472183743,3,1,775001231
0.674988618562568,0.326887115726157,3,1,775001231
0.091436327887342,0.409652651280817,3,1,775001231
0.233487792727341,0.781702491414799,3,1,775001231
0.134812451494848,0.049861724305155,3,1,775001231
0.15864531302736,0.768255439774524,3,1,775001231
0.201096132048863,0.02113203836477,3,1,775001231
0.100780368258382,0.571691352548696,3,1,775001231
0.920065771022508,0.085246215143342,3,1,775001231
0.293856505268615,0.059210890135527,3,1,775001231
0.940446581837618,0.885824578936127,3,1,775001231
0.880133870081546,0.816066623972647,3,1,775001231
0.798693686888939,0.192909799530313,3,1,775001231
0.165284536909882,0.965021023791012,3,1,775001231
0.211844711261152,0.292514531151114,3,1,775001231
0.200607354754952,0.706771586998263,3,1,775001231
0.748207529116096,0.307173676607286,3,1,775001231
0.49230010375028,0.467482345814978,3,1,775001231
0.436094646845528,0.410300312460538,3,1,775001231
0.697316141934142,0.294443171193386,3,1,775001231
0.633510358476738,0.480151930541205,3,1,775001231
0.8811537885084,0.802011605182913,3,1,775001231
0.400642742175782,0.728472049681884,3,1,775001231
0.284996213208796,0.537374547526322,3,1,775001231
0.692207531940734,0.234379342978742,3,1,775001231
0.577940995541197,0.109299966449739,3,1,775001231
0.91813634112784,0.11583489242605,3,1,775001231
0.254627505695733,0.802931421012317,3,1,775001231
0.808796725335915,0.27902556571153,3,1,775001231
0.179391698714873,0.689811601186854,3,1,775001231
0.064877701109494,0.300259359029024,3,1,775001231
0.275147736945263,0.434702987470138,3,1,775001231
0.972268409961921,0.015476894763268,3,1,775001231
0.008516014998729,0.099407546439461,3,1,775001231
0.018704149417379,0.81923997296298,3,1,775001231
0.632287805396837,0.248669193274127,3,1,775001231
0.561648454173059,0.508067188857853,3,1,775001231
0.112137067113032,0.5743765156557,3,1,775001231
0.765825683652594,0.742243496129988,3,1,775001231
0.286559829246338,0.071665270160155,3,1,775001231
0.354013675305297,0.845738704092617,3,1,775001231
0.087342334066386,0.52415350189819,3,1,775001231
0.196151394775706,0.715627979759905,3,1,775001231
0.582429426754486,0.685424833793571,3,1,775001231
0.399511901204674,0.070414559139156,3,1,775001231
0.193884543131738,0.080007791734267,3,1,775001231
0.356635975897845,0.130913767952308,3,1,775001231
0.690703412617444,0.78948298754413,3,1,775001231
0.15791765730491,0.097863789060362,3,1,775001231
0.459563786384237,0.937981326473094,3,1,775001231
0.882177360112492,0.467187965156656,3,1,775001231
0.116163775821599,0.846220459405696,3,1,775001231
0.541254673433042,0.306840202877243,3,1,775001231
0.735621565172782,0.984358887584874,3,1,775001231
0.873596996333853,0.108423167354433,3,1,775001231
0.852479836309912,0.921329997438855,3,1,775001231
0.757016691369319,0.722276755482763,3,1,775001231
0.909178482901393,0.441951273938343,3,1,775001231
0.742233813896974,0.186492392920548,3,1,775001231
0.016429244716166,0.882986595566615,3,1,775001231
0.096517446965217,0.968315971033485,3,1,775001231
0.729746609867201,0.525472612415667,3,1,775001231
0.790683317830282,0.25066067765161,3,1,775001231
0.043459372317188,0.573002424924055,3,1,775001231
0.062901553714961,0.416958240174932,3,1,775001231
0.95684766683648,0.844293349520506,3,1,775001231
0.549212783599316,0.814335262487785,3,1,775001231
0.776620358956421,0.813247901031045,3,1,775001231
0.483347005122238,0.208109072123837,3,1,775001231
0.785768639701398,0.040849789866908,3,1,775001231
0.137384119892198,0.079855158790814,3,1,775001231
0.030900926504658,0.360620171770854,3,1,775001231
0.49999110471386,0.066806371454569,3,1,775001231
0.758485696227407,0.402991647208389,3,1,775001231
0.170415480004325,0.392101550318308,3,1,775001231
0.46499821816073,0.173840195673437,3,1,775001231
0.584110548492638,0.093409289999475,3,1,775001231
0.616787845870617,0.43854901778726,3,1,775001231
0.979812780610895,0.221710330846986,3,1,775001231
0.842553121335272,0.605359628430991,3,1,775001231
0.968087282416731,0.952529671556354,3,1,775001231
0.80463154895119,0.650399638166532,3,1,775001231
0.167802618266678,0.728667782099542,3,1,775001231
0.014882028946508,0.381658828705606,3,1,775001231
0.139691254578488,0.136487438647137,3,1,775001231
0.576757574601061,0.000317904379661,3,1,775001231
0.765097690267589,0.207071026203924,3,1,775001231
0.207236549025299,0.485217432124601,3,1,775001231
0.293211215283464,0.229071125285509,3,1,775001231
0.920601261617973,0.799887058452881,3,1,775001231
0.51152586003618,0.961833996569404,3,1,775001231
0.440622154711257,0.301438141421694,3,1,775001231
0.881965079583417,0.345384912448111,3,1,775001231
0.748527518897032,0.016755326231369,3,1,775001231
0.029054457953341,0.418120702969255,3,1,775001231
0.17120733669124,0.643805814918946,3,1,775001231
0.666720729792474,0.173563377657644,3,1,775001231
0.067421816429301,0.234517822345923,3,1,775001231
0.906740607621055,0.514286735880082,3,1,775001231
0.479354168205672,0.520562285240796,3,1,775001231
0.904558839595495,0.294134890689435,3,1,775001231
0.082668272570664,0.754504998800834,3,1,775001231
0.967139265336031,0.679110212172909,3,1,775001231
0.390301867025703,0.756178893597577,3,1,775001231
0.572708917652799,0.702815544812602,3,1,775001231
0.443546289736138,0.577759222051614,3,1,775001231
0.233699934122422,0.94409362129616,3,1,775001231
0.158534257076102,0.830907283288534,3,1,775001231
0.771889504109763,0.712514279905893,3,1,775001231
0.087076926179256,0.255480456218941,3,1,775001231
0.368683419728473,0.991617766595019,3,1,775001231
0.59786278116212,0.551690370706515,3,1,775001231
0.703684232005514,0.660330781385558,3,1,775001231
0.387350105834422,0.846222510647636,3,1,775001231
0.601129880507971,0.1897288511254,3,1,775001231
0.789255915321134,0.417714268462354,3,1,775001231
0.866484709340983,0.095327295573043,3,1,775001231
0.567364129553316,0.468121045523836,3,1,775001231
0.414409307623324,0.914340282586616,3,1,775001231
0.74844639038817,0.793882520117568,3,1,775001231
0.364531509117429,0.372855535657932,3,1,775001231
0.580408656768503,0.184434518087713,3,1,775001231
0.512885903557986,0.70963012007109,3,1,775001231
0.88534780890359,0.255494114047386,3,1,775001231
0.474584617986485,0.831220169061237,3,1,775001231
0.918022270738022,0.210679330210135,3,1,775001231
0.837227413418673,0.0874157894093,3,1,775001231
0.33731107202481,0.717406226140798,3,1,775001231
0.864754489261796,0.976459799584119,3,1,775001231
0.051556146581402,0.681640635542088,3,1,775001231
0.64789069075056,0.016286803543748,3,1,775001231
0.508252942177824,0.21096312160674,3,1,775001231
0.110024998779239,0.351027032004688,3,1,775001231
0.464374868205651,0.466539657223332,3,1,775001231
0.946314828017401,0.401277286073514,3,1,775001231
0.395687044351696,0.421972456165743,3,1,775001231
0.39899950150987,0.012148644266693,3,1,775001231
0.481725667462503,0.770639145722447,3,1,775001231
0.753353066414521,0.104859205766539,3,1,775001231
0.537689102780557,0.353010146125845,3,1,775001231
0.576401428973599,0.795647149448929,3,1,775001231
0.355307422208129,0.51156805876277,3,1,775001231
0.014474733210249,0.310037665695789,3,1,775001231
0.661827483326083,0.723335010369193,3,1,775001231
0.915860349686262,0.791005122836459,3,1,775001231
0.309570559946709,0.708646638420938,3,1,775001231
0.151268309525027,0.276329400665588,3,1,775001231
0.368090383819579,0.969694793332383,3,1,775001231
0.267514999743337,0.703453375116813,3,1,775001231
0.506779255883137,0.373493332430986,3,1,775001231
0.528777316328013,0.789406057552272,3,1,775001231
0.427840720324882,0.961304287719222,3,1,775001231
0.47496451124675,0.028864294868194,3,1,775001231
0.137866960307553,0.640194697527835,3,1,775001231
0.358199622371523,0.855182957740061,3,1,775001231
0.530830208043424,0.792277098973754,3,1,775001231
0.206098935896096,0.217231791540134,3,1,775001231
0.096116785698011,0.123319396586968,3,1,775001231
0.804481958700673,0.439135236651227,3,1,775001231
0.562303766779043,0.264792537662021,3,1,775001231
0.592340552221046,0.250518573497766,3,1,775001231
0.940697691606414,0.742057926583042,3,1,775001231
0.31834081715327,0.301622067002067,3,1,775001231
0.742225459111235,0.926278190863173,3,1,775001231
0.320826852610582,0.310652721321389,3,1,775001231
0.107088005164614,0.498768853848107,3,1,775001231
0.462240511658937,0.230000510606459,3,1,775001231
0.20865721785432,0.773890306918927,3,1,775001231
0.074066884880352,0.463454238778415,3,1,775001231
0.571417297232199,0.950213201102746,3,1,775001231
0.749860406766967,0.218310085338116,3,1,775001231
0.877321816820362,0.989572403080962,3,1,775001231
0.461601896687846,0.534272967964661,3,1,775001231
0.425758099868789,0.35975793410419,3,1,775001231
0.26858192084853,0.395309584622749,3,1,775001231
0.659381035989516,0.318974029239545,3,1,775001231
0.838201607359402,0.601119348244224,3,1,775001231
0.071398418097146,0.768830080625982,3,1,775001231
0.104526824114994,0.751646975300918,3,1,775001231
0.369460467655061,0.957510477252612,3,1,775001231
0.653127420517185,0.7810690553076,3,1,775001231
0.987126543991669,0.475902511569644,3,1,775001231
0.839678176505472,0.966943978288016,3,1,775001231
0.905952071108987,0.056844974177828,3,1,775001231
0.224993745607961,0.235722739206949,3,1,775001231
0.279559357026556,0.661292626350284,3,1,775001231
0.640614866791798,0.887576329235519,3,1,775001231
0.535625989490613,0.215074260685529,3,1,775001231
0.086758704468908,0.571502218063167,3,1,775001231
0.47254519403513,0.14605548644665,3,1,775001231
0.708391328922043,0.455931360872845,3,1,775001231
0.364582445791469,0.563899413330078,3,1,775001231
0.295375622000278,0.060564413358863,3,1,775001231
0.242672912298857,0.523252259277958,3,1,775001231
0.109093464006008,0.141923464649705,3,1,775001231
0.327575477508077,0.316062372373247,3,1,775001231
0.35063610769358,0.358114092939267,3,1,775001231
0.057917849137941,0.149875419440448,3,1,775001231
0.254601963984189,0.17754948314022,3,1,775001231
0.277739334386442,0.88633007109008,3,1,775001231
0.617736611372834,0.641896983306657,3,1,775001231
0.926456532490037,0.73771209845724,3,1,775001231
0.553094698683008,0.145264732389716,3,1,775001231
0.008749008177242,0.949307231747878,3,1,775001231
0.398099222644661,0.34965407146116,3,1,775001231
0.712680898003009,0.531426366972738,3,1,775001231
0.998818728998443,0.720961087267283,3,1,775001231
0.291446083923986,0.047358733261519,3,1,775001231
0.042978038621218,0.940318710027595,3,1,775001231
0.72744354675332,0.312142384437567,3,1,775001231
0.720664002791627,0.622328298391586,3,1,775001231
0.25696121033977,0.611923442730231,3,1,775001231
0.754382607019227,0.354737681197315,3,1,775001231
0.549565283403727,0.714808939444948,3,1,775001231
0.759069244084495,0.06338014505638,3,1,775001231
0.708364356443149,0.511500169989854,3,1,775001231
0.967849329614835,0.101697348936996,3,1,775001231
0.285635850513662,0.597627233808121,3,1,775001231
0.590791741961745,0.265925914720362,3,1,775001231
0.192874204162846,0.489587302109578,3,1,775001231
0.461592474718604,0.145036285961334,3,1,775001231
0.725139747016501,0.451822724112372,3,1,775001231
0.17107221286888,0.82876944678717,3,1,775001231
0.916657777026562,0.105857335760756,3,1,775001231
0.586565527188165,0.017625601779126,3,1,775001231
0.097937651696318,0.090042583258608,3,1,775001231
0.512725824314392,0.005416074777989,3,1,775001231
0.834251781303484,0.043847529110634,3,1,775001231
0.261964785413154,0.837998082638224,3,1,775001231
0.391135302425418,0.101659841601211,3,1,775001231
0.071690814436189,0.191069339544091,3,1,775001231
0.494636662858226,0.898447779409892,3,1,775001231
0.630705851833594,0.155407675152642,3,1,775001231
0.43237064256792,0.813265464723315,3,1,775001231
0.458565817792066,0.169698426019983,3,1,775001231
0.475994759228235,0.806467357708781,3,1,775001231
0.51940459115019,0.799100238172798,3,1,775001231
0.196550884144964,0.742629822332998,3,1,775001231
0.245667294581403,0.921957682074426,3,1,775001231
0.491183959964325,0.533561271594612,3,1,775001231
0.097393761581257,0.157577072330417,3,1,775001231
0.043070291716267,0.784414455146242,3,1,775001231
0.889138136405016,0.044739402927984,3,1,775001231
0.495957636348199,0.880797865033649,3,1,775001231
0.379306498443986,0.56363235298475,3,1,775001231
0.84054037382649,0.615915720900045,3,1,775001231
0.035638868122059,0.083141172639157,3,1,775001231
0.381962693110868,0.524148776387435,3,1,775001231
0.465758011876954,0.710945685429011,3,1,775001231
0.186063427532171,0.061121382823701,3,1,775001231
0.733152511460334,0.325629057886457,3,1,775001231
0.086546495815245,0.650182453904691,3,1,775001231
0.666656566222852,0.278011183755151,3,1,775001231
0.176080817383896,0.401361416237846,3,1,775001231
0.315434731104587,0.863177803987448,3,1,775001231
0.201404340262308,0.001242565825641,3,1,775001231
0.901675199745925,0.185184105971366,3,1,775001231
0.435827150446274,0.870834342478446,3,1,775001231
0.979639814829074,0.963169291129213,3,1,775001231
0.412098210133533,0.193392616158606,3,1,775001231
0.022415304357136,0.160626543627998,3,1,775001231
0.364421795785644,0.825290268957768,3,1,775001231
0.326654622489051,0.058830661521587,3,1,775001231
0.35047870529583,0.420407678582651,3,1,775001231
0.950793367559351,0.540933205996816,3,1,775001231
0.802628768447024,0.322151922207779,3,1,775001231
0.383670973481075,0.904993144479617,3,1,775001231
0.692040730519479,0.90709507362616,3,1,775001231
0.778182033538487,0.482218566091327,3,1,775001231
0.580316254986889,0.100354964476708,3,1,775001231
0.878528257309479,0.700952923091368,3,1,775001231
0.580244849387058,0.725224566299008,3,1,775001231
0.219836956976243,0.007446937564333,3,1,775001231
0.65064728487103,0.198188679558554,3,1,775001231
0.785357250958984,0.231215464358301,3,1,775001231
0.709834855890942,0.835349976383445,3,1,775001231
0.069140390443536,0.565786101569879,3,1,775001231
0.768032415022128,0.697418594097755,3,1,775001231
0.411056324213766,0.324904142374291,3,1,775001231
0.651183475947952,0.467802964825847,3,1,775001231
0.546193031104331,0.029766477308882,3,1,775001231
0.916875939276905,0.331971844377311,3,1,775001231
0.542131709526947,0.184614837200821,3,1,775001231
0.24769702700022,0.206140508454862,3,1,775001231
0.685285179347671,0.306026418092699,3,1,775001231
0.948146929621718,0.949467026195934,3,1,775001231
0.421432503490769,0.385497674280552,3,1,775001231
0.168310374236126,0.386327191546546,3,1,775001231
0.155778608417757,0.985425440379408,3,1,775001231
0.130806002568271,0.063869330391944,3,1,775001231
0.57431205415966,0.595346685526557,3,1,775001231
0.947103585295105,0.6749336401975,3,1,775001231
0.1609303392209,0.70830615388157,3,1,775001231
0.575119482616779,0.987552530256121,3,1,775001231
0.753746900465373,0.316479518054302,3,1,775001231
0.092071242010546,0.939632384488807,3,1,775001231
0.309189443707701,0.170686543738056,3,1,775001231
0.734891923223462,0.281048943766195,3,1,775001231
0.523944478392148,0.200187576812913,3,1,775001231
0.095076056923748,0.775272168927956,3,1,775001231
0.602498406285434,0.947163544212056,3,1,775001231
0.445648381548225,0.508768586707915,3,1,775001231
0.251970707996997,0.734538317300857,3,1,775001231
0.425017641364458,0.298812301625373,3,1,775001231
0.93612993569097,0.55630938354451,3,1,775001231
0.205797623466262,0.538968855682189,3,1,775001231
0.526929011219204,0.356310991043994,3,1,775001231
0.836247931269901,0.076398040341001,3,1,775001231
0.75459092814258,0.444341810788424,3,1,775001231
0.657807558261855,0.876255979415002,3,1,775001231
0.276221896915882,0.287846613797409,3,1,775001231
0.574264378308176,0.295858225877937,3,1,775001231
0.758124258134108,0.812849512889955,3,1,775001231
0.476424101839873,0.764899346401595,3,1,775001231
0.098425999966002,0.649594137151796,3,1,775001231
0.310712419928484,0.547906838961394,3,1,775001231
0.804340313756704,0.466353929699287,3,1,775001231
0.12096479022499,0.051240237874246,3,1,775001231
0.582312582597661,0.649133317834326,3,1,775001231
0.889727955924461,0.82932905778066,3,1,775001231
0.399508841152884,0.105488767726595,3,1,775001231
0.158718275128871,0.043475828255999,3,1,775001231
0.631543840888627,0.897456108922585,3,1,775001231
0.2176517251127,0.631433663695671,3,1,775001231
0.424042933031732,0.741578502282496,3,1,775001231
0.116481164916405,0.857100153453015,3,1,775001231
0.064577166155961,0.153287491944601,3,1,775001231
0.878146346965627,0.227052752265471,3,1,775001231
0.986706031323811,0.15839684844333,3,1,775001231
0.067263081980905,0.984282946400805,3,1,775001231
0.009307905350426,0.046227194103934,3,1,775001231
0.304747407710758,0.519370053207801,3,1,775001231
0.552073369122659,0.596887004570743,3,1,775001231
0.409191764937797,0.075467675138562,3,1,775001231
0.861982136872132,0.579493380966214,3,1,775001231
0.592880048639493,0.065859062316253,3,1,775001231
0.735779057267574,0.088624119834657,3,1,775001231
0.543648781172916,0.171470182015764,3,1,775001231
0.829910892542214,0.46304967198854,3,1,775001231
0.283371981652076,0.140612385801773,3,1,775001231
0.412080009746563,0.113802214152225,3,1,775001231
0.40966770050668,0.874358968732606,3,1,775001231
0.32751678335346,0.577896695887996,3,1,775001231
0.699494367430104,0.948343358523912,3,1,775001231
0.028268144242154,0.509525741221528,3,1,775001231
0.081625556280572,0.195398548170191,3,1,775001231
0.745244333074811,0.122309495977805,3,1,775001231
0.669561876144008,0.35334134402921,3,1,775001231
0.270461821030947,0.804187956007373,3,1,775001231
0.887259198758045,0.068336870459122,3,1,775001231
0.360865446719214,0.240801995016789,3,1,775001231
0.717122896700318,0.736661859818466,3,1,775001231
0.475308038515993,0.403716851052674,3,1,775001231
0.753037389498025,0.76631850501275,3,1,775001231
0.41271117638873,0.186599613633814,3,1,775001231
0.050771549712232,0.844832764396962,3,1,775001231
0.432126445460427,0.305469966155992,3,1,775001231
0.733920219241376,0.710704340104569,3,1,775001231
0.604360831526784,0.318401631852506,3,1,775001231
0.935612343538461,0.743357999706657,3,1,775001231
0.470026576442729,0.265559349878782,3,1,775001231
0.934537063046962,0.410079295451476,3,1,775001231
0.560319976071034,0.482214216414559,3,1,775001231
0.278408972111662,0.23829964120668,3,1,775001231
0.974529452558425,0.595388118983958,3,1,775001231
0.278814036819474,0.517729427780609,3,1,775001231
0.002218545801282,0.579035606569382,3,1,775001231
0.508448518584525,0.379220129180774,3,1,775001231
0.728224737821773,0.013179499388552,3,1,775001231
0.835082623451069,0.245869336245584,3,1,775001231
0.665060009977722,0.369174448083617,3,1,775001231
0.086152123930582,0.90676539628508,3,1,775001231
0.71999495837069,0.226279921391933,3,1,775001231
0.653700306059139,0.62490137432972,3,1,775001231
0.22305316074122,0.813982879896994,3,1,775001231
0.221463615495784,0.758170429638816,3,1,775001231
0.317337729059303,0.170017179422259,3,1,775001231
0.324214839289327,0.345987969982872,3,1,775001231
0.744557774745886,0.505785251419341,3,1,775001231
0.634047057780388,0.993968481660127,3,1,775001231
0.946317397683829,0.07889516200738,3,1,775001231
0.709103137727155,0.17521791242891,3,1,775001231
0.445675126998621,0.986783948235351,3,1,775001231
0.437324787502408,0.75918507306889,3,1,775001231
0.6736774314058,0.815906080256486,3,1,775001231
0.561116121814737,0.177648481085182,3,1,775001231
0.762014847245048,0.00772355438921,3,1,775001231
0.478386932475076,0.142298143819781,3,1,775001231
0.335644575638693,0.135741857020917,3,1,775001231
0.981260761086259,0.239503909952578,3,1,775001231
0.00816928514102,0.027094493739552,3,1,775001231
0.715803819887396,0.045245592244944,3,1,775001231
0.107956177017233,0.807685374052418,3,1,775001231
0.924450602964643,0.626812264083174,3,1,775001231
0.144426718086929,0.501657549920211,3,1,775001231
0.467372444883559,0.427761416608528,3,1,775001231
0.661641991288064,0.773963470295268,3,1,775001231
0.209856019482476,0.568761184231172,3,1,775001231
0.420254411501822,0.769070444650134,3,1,775001231
0.609828263469287,0.539321632297202,3,1,775001231
0.29909154736608,0.76934242588345,3,1,775001231
0.742985408015582,0.104054345326143,3,1,775001231
0.914083155987175,0.573397508849476,3,1,775001231
0.062553547696113,0.001981499223901,3,1,775001231
0.714938380944555,0.077747385395064,3,1,775001231
0.906528526238244,0.678549628766652,3,1,775001231
0.238924134695148,0.534284259604592,3,1,775001231
0.137313619305699,0.857384837788116,3,1,775001231
0.276292603784112,0.351687013728665,3,1,775001231
0.326993368751796,0.232460116565792,3,1,775001231
0.933349678295954,0.110577448052366,3,1,775001231
0.586052222136958,0.941227243641486,3,1,775001231
0.966852533472808,0.670264502877624,3,1,775001231
0.474167728342711,0.765399585349555,3,1,775001231
0.307369021629471,0.859172398677178,3,1,775001231
0.428776984399645,0.198453957250244,3,1,775001231
0.389427378773608,0.261556453935178,3,1,775001231
0.800436707760851,0.617553258062262,3,1,775001231
0.762730239456131,0.039868436058946,3,1,775001231
0.893566760108375,0.802473937732958,3,1,775001231
0.471401370075392,0.565140313022015,3,1,775001231
0.376987466535056,0.955255439225922,3,1,775001231
0.857179900075298,0.867014092905674,3,1,775001231
0.050731644318562,0.191671321648235,3,1,775001231
0.767671471624788,0.560552399559132,3,1,775001231
0.233932297353375,0.199255037476911,3,1,775001231
0.632211278950056,0.958722902859516,3,1,775001231
0.97315707147863,0.386495391527698,3,1,775001231
0.505589176813704,0.537457004412118,3,1,775001231
0.861381621998908,0.383950429863479,3,1,775001231
0.973832633853708,0.784441375052252,3,1,775001231
0.504863290728872,0.200410525401574,3,1,775001231
0.766438038912106,0.733308469669745,3,1,775001231
0.578497800202923,0.68587473868269,3,1,775001231
0.025886927569285,0.161650259372985,3,1,775001231
0.969811366690998,0.207987185056978,3,1,775001231
0.447978235733025,0.514286943649844,3,1,775001231
0.727561140240498,0.609712833779297,3,1,775001231
0.925453821654544,0.102480319444339,3,1,775001231
0.402987141139781,0.583415272715176,3,1,775001231
0.902588963802591,0.025289447223881,3,1,775001231
0.900079444214625,0.570131391855463,3,1,775001231
0.379865573172909,0.561023878732168,3,1,775001231
0.135794102935165,0.172721189539422,3,1,775001231
0.395540608722579,0.484757369736292,3,1,775001231
0.65197221608372,0.85770321395511,3,1,775001231
0.854867993178951,0.882123543049568,3,1,775001231
0.817786623957974,0.412969605284671,3,1,775001231
0.777927241429108,0.550121546322255,3,1,775001231
0.414860768520909,0.227206827198029,3,1,775001231
0.393457525164173,0.002419074307552,3,1,775001231
0.206774992715345,0.961731458765278,3,1,775001231
0.018791185869297,0.429646370176092,3,1,775001231
0.560495691936157,0.596583115819899,3,1,775001231
0.334925982231296,0.704433975235385,3,1,775001231
0.309332965751531,0.150099295309544,3,1,775001231
0.490970706988426,0.666453979815262,3,1,775001231
0.825352660979308,0.594829761724183,3,1,775001231
0.453644023554547,0.474482648164227,3,1,775001231
0.703739588905162,0.622531170304556,3,1,775001231
0.155202005755864,0.770509997243885,3,1,775001231
0.552427930096387,0.947114904325945,3,1,775001231
0.287114558716872,0.765179873861577,3,1,775001231
0.127386358725908,0.776804500671681,3,1,775001231
0.037006979904223,0.124351775104367,3,1,775001231
0.457264843634508,0.935391418291724,3,1,775001231
0.672827540461178,0.71333339155381,3,1,775001231
0.660680827891112,0.867360951815133,3,1,775001231
0.640897795549002,0.838340800084427,3,1,775001231
0.875242600309044,0.422792809173579,3,1,775001231
0.763447222687816,0.614001110057448,3,1,775001231
0.089478209223079,0.885323704631046,3,1,775001231
0.196429601703281,0.481219934996606,3,1,775001231
0.697158306955755,0.180092177695519,3,1,775001231
0.039863187773216,0.701494081333732,3,1,775001231
0.278071910784226,0.578468421087496,3,1,775001231
0.88063276813087,0.861757482073685,3,1,775001231
0.450133986064631,0.502505334646806,3,1,775001231
0.091636406306413,0.03810658012264,3,1,775001231
0.634774608804866,0.224428902785606,3,1,775001231
0.411355524067061,0.287258623237234,3,1,775001231
0.230879251643162,0.355119569294411,3,1,775001231
0.184371536460808,0.56135450292731,3,1,775001231
0.002120545051649,0.020418991980173,3,1,775001231
0.656048728427658,0.97472586970542,3,1,775001231
0.448341459466837,0.535228877597631,3,1,775001231
0.883546808054305,0.59050313943234,3,1,775001231
0.553721154580336,0.202751880833307,3,1,775001231
0.150523686288353,0.54044979940361,3,1,775001231
0.582774143122142,0.589857503314435,3,1,775001231
0.254332586756452,0.34316595431004,3,1,775001231
0.529804270896686,0.259437879190629,3,1,775001231
0.67221431757202,0.743811081244566,3,1,775001231
0.41825516192022,0.476752471622681,3,1,775001231
0.406930000748631,0.262755365442892,3,1,775001231
0.893468992117382,0.84914211212731,3,1,775001231
0.262475077013745,0.911075131796966,3,1,775001231
0.455685990484681,0.207126737377759,3,1,775001231
0.406960956263927,0.207566776536658,3,1,775001231
0.239687088454126,0.289783413620339,3,1,775001231
0.342445655669662,0.714960992004941,3,1,775001231
0.463302942792353,0.958434052312914,3,1,775001231
0.820440365519166,0.802277110922721,3,1,775001231
0.539082058586765,0.730055477812379,3,1,775001231
0.817013870490011,0.235764912660579,3,1,775001231
0.371732065944283,0.395456689016055,3,1,775001231
0.412862472259315,0.502639305689785,3,1,775001231
0.548517482658403,0.367151616179969,3,1,775001231
0.311408003190482,0.479820899393752,3,1,775001231
0.970618608204476,0.187987699684011,3,1,775001231
0.771932061173811,0.174153737272034,3,1,775001231
0.970525578292657,0.32397450244641,3,1,775001231
0.93494976397426,0.781078460012086,3,1,775001231
0.113862610319171,0.963388273793339,3,1,775001231
0.873471862710318,0.235497970578635,3,1,775001231
0.693607421101505,0.049111888473639,3,1,775001231
0.216498999777801,0.761579559086235,3,1,775001231
0.390491412895439,0.18230222286592,3,1,775001231
0.860037587745987,0.667496063562027,3,1,775001231
0.695435922348418,0.352859784732136,3,1,775001231
0.106121806880503,0.776615700616136,3,1,775001231
0.468201008831491,0.675808193721372,3,1,775001231
0.551771717377209,0.438408692650001,3,1,775001231
0.44099288367416,0.442574185440716,3,1,775001231
0.187512802472847,0.020346286856636,3,1,775001231
0.566596698301388,0.83229116900792,3,1,775001231
0.459027266221088,0.146325308587265,3,1,775001231
0.857671541924946,0.570632675513067,3,1,775001231
0.495703222473742,0.717659941547958,3,1,775001231
0.767165072144054,0.672314489703108,3,1,775001231
0.316292830754145,0.929439550858611,3,1,775001231
0.219375409900256,0.158287185667389,3,1,775001231
0.584585771555022,0.078059431539342,3,1,775001231
0.117007907819183,0.299773697605677,3,1,775001231
0.406950163433227,0.944989331405041,3,1,775001231
0.521645295446579,0.50868910617613,3,1,775001231
0.738787691498143,0.937352016612364,3,1,775001231
0.733369683404954,0.467613156838508,3,1,775001231
0.198395576673537,0.967642584836979,3,1,775001231
0.17984507374641,0.472367943655787,3,1,775001231
0.474423204809024,0.262926092460267,3,1,775001231
0.365989778087889,0.246387132363565,3,1,775001231
0.057056216263103,0.908110148009982,3,1,775001231
0.132438028173502,0.678444887835964,3,1,775001231
0.723256643253892,0.948395561749022,3,1,775001231
0.124310580332051,0.033946187671182,3,1,775001231
0.06283273925658,0.30276698223392,3,1,775001231
0.681384595334063,0.194862569565195,3,1,775001231
0.344807395890332,0.573393073887949,3,1,775001231
0.326572832948193,0.394530452984778,3,1,775001231
0.1924995178841,0.07506277629795,3,1,775001231
0.65169318810384,0.730911997013126,3,1,775001231
0.860928053311628,0.054293531182714,3,1,775001231
0.677829473503004,0.465550782605518,3,1,775001231
0.391593464933814,0.119503523561846,3,1,775001231
0.702154760917435,0.745338331306161,3,1,775001231
0.557386964634978,0.361649009449099,3,1,775001231
0.233909053419882,0.920339226078136,3,1,775001231
0.304323071530405,0.508985088944287,3,1,775001231
0.869293007186642,0.073306317192811,3,1,775001231
0.346986367884839,0.730116185286572,3,1,775001231
0.858360329487494,0.725149854154192,3,1,775001231
0.681028536701392,0.376260098288339,3,1,775001231
0.676561039368642,0.93550697782181,3,1,775001231
0.038747436961857,0.036657932180105,3,1,775001231
0.129408865258425,0.178691580300803,3,1,775001231
0.732724587104072,0.770319232989945,3,1,775001231
0.390815748656872,0.442686545691405,3,1,775001231
0.907693607014294,0.272799961562432,3,1,775001231
0.903957094493117,0.972473668553842,3,1,775001231
0.952256843953188,0.03846864234929,3,1,775001231
0.258101521829842,0.958879201599982,3,1,775001231
0.70976299241121,0.286723880432551,3,1,775001231
0.995659332331929,0.260245739826989,3,1,775001231
0.171603551589008,0.534884012638463,3,1,775001231
0.80077410244878,0.936624362688456,3,1,775001231
0.536381862631335,0.220977936543447,3,1,775001231
0.67410237423722,0.974812974926217,3,1,775001231
0.874853144746283,0.706423310819076,3,1,775001231
0.507996072773706,0.087450471384182,3,1,775001231
0.153229565583772,0.321586830205391,3,1,775001231
0.942123652676038,0.880508453040961,3,1,775001231
0.036389714832935,0.856478734452704,3,1,775001231
0.501635168271915,0.000905810269973,3,1,775001231
0.717726990334369,0.044341379430084,3,1,775001231
0.79829759903589,0.09960309299356,3,1,775001231
0.003817008741135,0.137649788880239,3,1,775001231
0.009596699922785,0.575418093522325,3,1,775001231
0.01977913011724,0.634049976255529,3,1,775001231
0.941621875270372,0.100935024259511,3,1,775001231
0.195152595816533,0.57401816477406,3,1,775001231
0.728621303643466,0.874263978340609,3,1,775001231
0.64030348742797,0.602532479415868,3,1,775001231
0.625434398438619,0.389039443635978,3,1,775001231
0.629823171784416,0.16380601676415,3,1,775001231
0.408579224984166,0.269929479601529,3,1,775001231
0.672075247156459,0.781138131018796,3,1,775001231
0.617592785382449,0.382060210876413,3,1,775001231
0.562992448994044,0.363198815430956,3,1,775001231
0.240292485077429,0.990142960151835,3,1,775001231
0.897420698785614,0.873568552176692,3,1,775001231
0.473947073649937,0.216724306223945,3,1,775001231
0.742752877451434,0.502113978485359,3,1,775001231
0.878916158341874,0.42886165762185,3,1,775001231
0.567289915570208,0.684787382902367,3,1,775001231
0.582137219249416,0.468660738437507,3,1,775001231
0.059712266022218,0.932696475780276,3,1,775001231
0.184909832253328,0.835492995489697,3,1,775001231
0.176240253678526,0.451797300840587,3,1,775001231
0.682746547717621,0.02634473567074,3,1,775001231
0.608506779242843,0.961322874744608,3,1,775001231
0.014630874564554,0.245632123566523,3,1,775001231
0.877861582353568,0.952066155509631,3,1,775001231
0.824842457920286,0.606948845050532,3,1,775001231
0.430771297165363,0.864894894224156,3,1,775001231
0.642580347318544,0.766596808972755,3,1,775001231
0.435174755922347,0.315383317702484,3,1,775001231
0.962935428409035,0.65238187017278,3,1,775001231
0.459098799938602,0.542203598044115,3,1,775001231
0.647333066376699,0.581040817301856,3,1,775001231
0.850534469678067,0.714927287817932,3,1,775001231
0.652387975930181,0.593797160603527,3,1,775001231
0.431519518681771,0.601145884873628,3,1,775001231
0.34318298108297,0.281927389329362,3,1,775001231
0.069567704989908,0.363326072553108,3,1,775001231
0.550304280633138,0.722851324164086,3,1,775001231
0.796031477100424,0.93257415983784,3,1,775001231
0.08953524612544,0.40214349847827,3,1,775001231
0.403679136633203,0.489491515288759,3,1,775001231
0.678932343640891,0.157994749428444,3,1,775001231
0.874713590083926,0.07156052408299,3,1,775001231
0.06007588454494,0.252036859476979,3,1,775001231
0.56565465554067,0.222008784124995,3,1,775001231
0.658609309573855,0.644075001760972,3,1,775001231
0.806952414743094,0.896856792423053,3,1,775001231
0.303750808832922,0.428156202057516,3,1,775001231
0.462894283109935,0.554862210349378,3,1,775001231
0.367281588721561,0.173534532476796,3,1,775001231
0.04131399579867,0.469331652921741,3,1,775001231
0.179584927704853,0.606476638569223,3,1,775001231
0.142805697323235,0.821278927164251,3,1,775001231
0.73363108945634,0.667483965618532,3,1,775001231
0.395591997636838,0.060165958163407,3,1,775001231
0.497373068238444,0.483391064038711,3,1,775001231
0.534889758573242,0.351471285388347,3,1,775001231
0.620838457975957,0.204931872940522,3,1,775001231
0.95456330417211,0.669587707935816,3,1,775001231
0.946273478215877,0.977748873658894,3,1,775001231
0.884049098988718,0.240059667322919,3,1,775001231
0.008014807332725,0.538452800783168,3,1,775001231
0.324982420394836,0.586927780133563,3,1,775001231
0.643335705414578,0.057223390723319,3,1,775001231
0.019651006691734,0.398956429628274,3,1,775001231
0.926333272420308,0.884574377472119,3,1,775001231
0.017345908897722,0.792777664131286,3,1,775001231
0.883993462223494,0.802289059020596,3,1,775001231
0.854876212672545,0.321492782665479,3,1,775001231
0.85689141839032,0.227164974352264,3,1,775001231
0.973957979191783,0.254030618513906,3,1,775001231
0.426554443692783,0.571089874661544,3,1,775001231
0.760884401931947,0.233569478710132,3,1,775001231
0.54733586152167,0.622103084367406,3,1,775001231
0.512828798382222,0.412587291346208,3,1,775001231
0.892717610536334,0.378480029397468,3,1,775001231
0.710327766004529,0.557612662007564,3,1,775001231
0.454280375883935,0.241509660327585,3,1,775001231
0.206936439849006,0.41850708330797,3,1,775001231
0.116149882843268,0.852518232951596,3,1,775001231
0.334744260428279,0.865116222462945,3,1,775001231
0.268548703256663,0.145824748138266,3,1,775001231
0.468383792633466,0.90838671656003,3,1,775001231
0.521152942282364,0.381697021698222,3,1,775001231
0.290361176468792,0.743551700461843,3,1,775001231
0.23027337689879,0.022009619880462,3,1,775001231
0.85698190696922,0.379746999094862,3,1,775001231
0.86345169367479,0.316187932615721,3,1,775001231
0.576840832224567,0.25342724107691,3,1,775001231
0.190881545662089,0.376155481245691,3,1,775001231
0.382790748481483,0.462209135678366,3,1,775001231
0.915135597809135,0.336384229827583,3,1,775001231
0.703499282994293,0.901276742013796,3,1,775001231
0.628999518824763,0.918780502107214,3,1,775001231
0.322148754536665,0.636241925313685,3,1,775001231
0.925784016592196,0.352022219119827,3,1,775001231
0.847529535657634,0.304360224165371,3,1,775001231
0.077306906380378,0.131095611432103,3,1,775001231
0.316722336629663,0.200260875958825,3,1,775001231
0.941806909069385,0.545162353461219,3,1,775001231
0.39876027870913,0.972857083217437,3,1,775001231
0.667371605771684,0.250521304504494,3,1,775001231
0.775106848950638,0.536860732891078,3,1,775001231
0.31603211626576,0.420311485289597,3,1,775001231
0.535481605246147,0.885333243724417,3,1,775001231
0.749497232510842,0.163735747202368,3,1,775001231
0.846509831742554,0.978962563208715,3,1,775001231
0.989570536128637,0.974967550547119,3,1,775001231
0.725868867210353,0.783263404711627,3,1,775001231
0.794613746486682,0.94553611982442,3,1,775001231
0.486048161349953,0.826656512883356,3,1,775001231
0.377990255159433,0.35386771985279,3,1,775001231
0.299535862512168,0.360389688795269,3,1,775001231
0.03524299806041,0.031794118508719,3,1,775001231
0.381190221044084,0.31552175883309,3,1,775001231
0.943831109379057,0.600221592367709,3,1,775001231
0.483748754108006,0.772698129745894,3,1,775001231
0.552570132014886,0.264787042649624,3,1,775001231
0.75887431474291,0.587204660671041,3,1,775001231
0.787490838072047,0.367210370883841,3,1,775001231
0.548831781098712,0.144793960309205,3,1,775001231
