0.766652208380431,0.299185334200637,3,1,775001231
0.34283460907445,0.963036582445388,3,1,775001231
0.838513982578791,0.703033362723774,3,1,775001231
0.957296242875389,0.998457038352386,3,1,775001231
0.536795238972643,0.106978481557374,3,1,775001231
0.98066578864911,0.071472336871478,3,1,775001231
0.479314894746722,0.27278333357812,3,1,775001231
0.66122374932581,0.77915885743758,3,1,775001231
0.329131080621527,0.56961996764381,3,1,775001231
0.710157851550461,0.630130863933056,3,1,775001231
0.683366208475494,0.630431380865188,3,1,775001231
0.942435225578189,0.906322040306426,3,1,775001231
0.158425063552473,0.395672616102464,3,1,775001231
0.284432013843295,0.933219059100368,3,1,775001231
0.999883609975809,0.404203278422687,3,1,775001231
0.439976716449553,0.023103947641813,3,1,775001231
0.261146056668713,0.852235916731906,3,1,775001231
0.425409351274102,0.345120251283439,3,1,775001231
0.967038848772763,0.508627817555048,3,1,775001231
0.259453397119126,0.371485248436691,3,1,775001231
0.706829796041703,0.048436095476396,3,1,775001231
0.325142945797092,0.350928536340926,3,1,775001231
0.785731340785646,0.746539163301358,3,1,775001231
0.308742917150336,0.46844524079828,3,1,775001231
0.404766992094577,0.759260621869751,3,1,775001231
0.16454526195849,0.964709892568145,3,1,775001231
0.335950536483076,0.414313668991089,3,1,775001231
0.254619551437084,0.509004374636761,3,1,775001231
0.213047526072836,0.028018016095779,3,1,775001231
0.669041736839041,0.546271917284023,3,1,775001231
0.867759621512209,0.773623085996262,3,1,775001231
0.744819964822935,0.171916189749871,3,1,775001231
0.106991603086909,0.03570467091914,3,1,775001231
0.97068180939856,0.327222984280705,3,1,775001231
0.948932178908548,0.502985066232614,3,1,775001231
0.790082414146136,0.753789158005393,3,1,775001231
0.61399952249805,0.975559230273994,3,1,775001231
0.296238812506721,0.197102102462016,3,1,775001231
0.501272760264699,0.49239221631558,3,1,775001231
0.450690157206231,0.807419905525492,3,1,775001231
0.971851178801356,0.921086709150876,3,1,775001231
0.250829901349852,0.550360998140834,3,1,775001231
0.007653032217481,0.594301100112579,3,1,775001231
0.222050527326733,0.710119339205578,3,1,775001231
0.717486394983825,0.925832680502326,3,1,775001231
0.716587076419486,0.244979380946598,3,1,775001231
0.2217943189719,0.194262217629386,3,1,775001231
0.763841001803154,0.837812490369977,3,1,775001231
0.663297581490857,0.843189497740866,3,1,775001231
0.635911018664812,0.973494804054315,3,1,775001231
0.962827991154526,0.714472573038945,3,1,775001231
0.86725334293125,0.270693652051167,3,1,775001231
0.467965770625049,0.604515288331793,3,1,775001231
0.198838400134009,0.59722832455543,3,1,775001231
0.826665065607184,0.413531643723544,3,1,775001231
0.804867102651884,0.206217868564003,3,1,775001231
0.258871422653136,0.943847321975934,3,1,775001231
0.204054380236024,0.24448720331858,3,1,775001231
0.896206011928077,0.095682296083499,3,1,775001231
0.457683800475356,0.505210152696024,3,1,775001231
0.013111120500157,0.807490809259788,3,1,775001231
0.613081360729717,0.223525917215823,3,1,775001231
0.782422182525316,0.592817854864032,3,1,775001231
0.863853088073342,0.046873615845126,3,1,775001231
0.654151556757287,0.936764488399041,3,1,775001231
0.567175195481861,0.051046730512941,3,1,775001231
0.57834003335333,0.132536447070394,3,1,775001231
0.083621874925171,0.818477789568161,3,1,775001231
0.071151847926008,0.362184108106962,3,1,775001231
0.386460263377047,0.147020986540692,3,1,775001231
0.55795955954771,0.955524013487444,3,1,775001231
0.525038048781547,0.915508286618824,3,1,775001231
0.517985736087269,0.79736529087351,3,1,775001231
0.320834399255326,0.99661261231478,3,1,775001231
0.702137897062121,0.795547205731259,3,1,775001231
0.124939638672571,0.87805928110408,3,1,775001231
0.098994586258437,0.170926683520999,3,1,775001231
0.072175352030938,0.829984766253424,3,1,775001231
0.38346959647923,0.085337345782182,3,1,775001231
0.029761046772588,0.039249754671814,3,1,775001231
0.298502657670292,0.784675050685504,3,1,775001231
0.357379459394154,0.120771069506203,3,1,775001231
0.792194676561468,0.001646762784408,3,1,775001231
0.670687323508594,0.811445085216488,3,1,775001231
0.761125847799518,0.836353300046237,3,1,775001231
0.031764334909468,0.453992790627349,3,1,775001231
0.93516589665835,0.712758736215571,3,1,775001231
0.377687866355557,0.086064917564936,3,1,775001231
0.779905111717465,0.295232521257376,3,1,775001231
0.542366487880159,0.564202790807796,3,1,775001231
0.289906154370502,0.441732382563206,3,1,775001231
0.926960792376874,0.172758810672666,3,1,775001231
0.199295852448175,0.368830018331787,3,1,775001231
0.730665127900059,0.594638083686892,3,1,775001231
0.445787618950463,0.208663483643524,3,1,775001231
0.666319133985323,0.953730727452688,3,1,775001231
0.690044492347025,0.049033426503911,3,1,775001231
0.254263663058433,0.878161720100539,3,1,775001231
0.314363648401453,0.365242869370858,3,1,775001231
0.113050279346074,0.17899376490969,3,1,775001231
0.602983543544732,0.475913452114798,3,1,775001231
0.147059793541521,0.790775546312873,3,1,775001231
0.740884765478036,0.284893330761493,3,1,775001231
0.168779635533784,0.078336287559107,3,1,775001231
0.858776409819811,0.107505348898295,3,1,775001231
0.287435791553014,0.478485045277138,3,1,775001231
0.599030016221356,0.821766281099445,3,1,775001231
0.345870226437961,0.715780750045225,3,1,775001231
0.580643021877389,0.933841199824803,3,1,775001231
0.793999861846452,0.508297459295569,3,1,775001231
0.700884844671855,0.401879774347267,3,1,775001231
0.649888808647863,0.762316379388429,3,1,775001231
0.427097814068946,0.223513840587927,3,1,775001231
0.618410225945879,0.744134485580352,3,1,775001231
0.104196904249678,0.859678718749837,3,1,775001231
0.012670507883767,0.612687174139092,3,1,775001231
0.831731092376835,0.541053622172491,3,1,775001231
0.854812772193664,0.99844058662326,3,1,775001231
0.648940797884656,0.383298663746198,3,1,775001231
0.420512596458755,0.022016115196737,3,1,775001231
0.607065070730144,0.02339973520835,3,1,775001231
0.535423937053582,0.2602687209661,3,1,775001231
0.805223308947109,0.181814616535597,3,1,775001231
0.132028930050136,0.688047321243444,3,1,775001231
0.619516050158848,0.153746719853756,3,1,775001231
0.931789652357479,0.550624081794159,3,1,775001231
0.164560137413077,0.73775584172971,3,1,775001231
0.630196491279082,0.454786887087948,3,1,775001231
0.492493503762743,0.521047831758645,3,1,775001231
0.631251956868374,0.705847343470972,3,1,775001231
0.15655538294029,0.758168092986604,3,1,775001231
0.203124805868966,0.063324011209526,3,1,775001231
0.544667877278258,0.303456476447473,3,1,775001231
0.908154293112865,0.639819024166152,3,1,775001231
0.823015333180834,0.1875043567183,3,1,775001231
0.298079880046651,0.62561356058006,3,1,775001231
0.420438024681815,0.463986689767969,3,1,775001231
0.159316871788832,0.88576560787782,3,1,775001231
0.731527344521437,0.89562562382272,3,1,775001231
0.043293879442636,0.247001299073746,3,1,775001231
0.119629514918125,0.896674316329697,3,1,775001231
0.423313340768147,0.468449026550813,3,1,775001231
0.360535500237184,0.90419262797084,3,1,775001231
0.582091520151473,0.473272964795753,3,1,775001231
0.383455228380999,0.011519722017749,3,1,775001231
0.253079835526587,0.407520868298519,3,1,775001231
0.537943900304807,0.264730014245768,3,1,775001231
0.113864667879846,0.488008668508466,3,1,775001231
0.643769412179826,0.496493729758373,3,1,775001231
0.461387938593294,0.402822100316214,3,1,775001231
0.765279260410805,0.951644092731416,3,1,775001231
0.786426406416363,0.23602355261744,3,1,775001231
0.992646426554804,0.244887562467798,3,1,775001231
0.508712587599082,0.502410082275717,3,1,775001231
0.509443637147604,0.383475454582967,3,1,775001231
0.834275691370845,0.898676279753262,3,1,775001231
0.879315463232747,0.686288415305825,3,1,775001231
0.553026303053732,0.804093755646766,3,1,775001231
0.794088889877807,0.435667836144792,3,1,775001231
0.60730381316427,0.396826327664342,3,1,775001231
0.491482326525563,0.009461701935767,3,1,775001231
0.431050857387975,0.491258449458792,3,1,775001231
0.672643882524252,0.058134054162618,3,1,775001231
0.384474254603713,0.847221562599291,3,1,775001231
0.028069997547459,0.015421365944325,3,1,775001231
0.090497808544364,0.753761448718837,3,1,775001231
0.415025774995608,0.860900837239853,3,1,775001231
0.117006623131071,0.148097105146799,3,1,775001231
0.320408543361738,0.58896929467238,3,1,775001231
0.242828982399823,0.39467957973478,3,1,775001231
0.490066712979038,0.281113413837762,3,1,775001231
0.495596429344426,0.119767042668065,3,1,775001231
0.508906203191988,0.026985427775973,3,1,775001231
0.256068230446536,0.17369020442875,3,1,775001231
0.675687005039324,0.19468110827471,3,1,775001231
0.986201801662768,0.875989905432145,3,1,775001231
0.732232667993897,0.71174932209698,3,1,775001231
0.557195792883126,0.187866632020753,3,1,775001231
0.878846222415863,0.085845587335115,3,1,775001231
0.728928126421971,0.351889423336361,3,1,775001231
0.036045662816215,0.867574996130741,3,1,775001231
0.063656228464322,0.840669466827261,3,1,775001231
0.497303288105191,0.137952286237014,3,1,775001231
0.444542321670919,0.164211651685497,3,1,775001231
0.958292481546433,0.389039838021893,3,1,775001231
0.413511680845337,0.199914863301874,3,1,775001231
0.405217012972175,0.858707245164757,3,1,775001231
0.743147592394666,0.229699856252052,3,1,775001231
0.498117188588917,0.979089020396058,3,1,775001231
0.013771077690702,0.795501259216884,3,1,775001231
0.894618108224632,0.103199445531471,3,1,775001231
0.479550129564351,0.817368179036048,3,1,775001231
0.425405368039091,0.085296705147545,3,1,775001231
0.176427054635509,0.157675416551802,3,1,775001231
0.154784050038131,0.607971093244644,3,1,775001231
0.049849040325015,0.960455586705376,3,1,775001231
0.137996933735707,0.37256519091805,3,1,775001231
0.861731639953072,0.646619571955687,3,1,775001231
0.12154811623838,0.399416079700509,3,1,775001231
0.773780502334457,0.403841309399692,3,1,775001231
0.523599052118164,0.720543338540601,3,1,775001231
0.79824185871762,0.374140295381352,3,1,775001231
0.778573620650659,0.689788538789357,3,1,775001231
0.757347690334602,0.512702742887626,3,1,775001231
0.53342969872149,0.984045449535468,3,1,775001231
0.999166687196775,0.268240985418124,3,1,775001231
0.242624821485897,0.124102453343761,3,1,775001231
0.880267564826067,0.818197476245726,3,1,775001231
0.424623609663305,0.004751880778207,3,1,775001231
0.94454650881187,0.581358622272997,3,1,775001231
0.214865626230417,0.491203581111352,3,1,775001231
0.802765825058232,0.125950395697159,3,1,775001231
0.878431588539631,0.612472726888766,3,1,775001231
0.948796331037506,0.393046550464666,3,1,775001231
0.630217412946722,0.262295108169527,3,1,775001231
0.136251138557253,0.363127236205961,3,1,775001231
0.451244609708914,0.60425554798802,3,1,775001231
0.483143996534772,0.907884158049428,3,1,775001231
0.586807127705276,0.570198009291093,3,1,775001231
0.172400269779275,0.58987586674096,3,1,775001231
0.065473790139822,0.939618884152576,3,1,775001231
0.472494759648261,0.599394933870796,3,1,775001231
0.887536985505234,0.492627679640419,3,1,775001231
0.815184780527042,0.850916345529064,3,1,775001231
0.497317603746948,0.64019216913578,3,1,775001231
0.836253230593282,0.500754090026787,3,1,775001231
0.775807075965081,0.752767794957361,3,1,775001231
0.610371125882833,0.79306136648815,3,1,775001231
0.068447611555695,0.132043970950292,3,1,775001231
0.792634289431417,0.193066851067115,3,1,775001231
0.697421895667357,0.200422912454464,3,1,775001231
0.017025034362759,0.224447917092405,3,1,775001231
0.998643805948945,0.018979119726072,3,1,775001231
0.695993726291662,0.291999006896169,3,1,775001231
0.170712384109899,0.687030777035286,3,1,775001231
0.315551586263403,0.041261761409783,3,1,775001231
0.12641096899669,0.525086672790902,3,1,775001231
0.426710560112576,0.48354057012372,3,1,775001231
0.096904418092546,0.19781592701574,3,1,775001231
0.796802094972704,0.197735829334752,3,1,775001231
0.954607165472959,0.094819374244828,3,1,775001231
0.603151397481926,0.40968415719094,3,1,775001231
0.092765199930716,0.354365556505716,3,1,775001231
0.126779257370106,0.64520365636941,3,1,775001231
0.228115837616438,0.888886134292564,3,1,775001231
0.135249029718386,0.954798941464278,3,1,775001231
0.677558695490479,0.65090887845558,3,1,775001231
0.031471536526851,0.415989469066206,3,1,775001231
0.500592435974618,0.164238878509218,3,1,775001231
0.889225696827027,0.733481954086976,3,1,775001231
0.396341400974325,0.037581668231152,3,1,775001231
0.696348443997118,0.277915725209224,3,1,775001231
0.397317150245396,0.776434778213338,3,1,775001231
0.482992776888895,0.830667424318556,3,1,775001231
0.211629780716789,0.713956583521232,3,1,775001231
0.525047409239389,0.635209696396674,3,1,775001231
0.531184726610049,0.292655159968564,3,1,775001231
0.481758022420392,0.094775808492208,3,1,775001231
0.745470379247633,0.246121052199982,3,1,775001231
0.151784015217477,0.601590267180015,3,1,775001231
0.278862868416258,0.453662634379115,3,1,775001231
0.513371409358789,0.534683549497688,3,1,775001231
0.20394416594859,0.370583703927862,3,1,775001231
0.852016518688575,0.421316009431117,3,1,775001231
0.874150214155707,0.972977168505682,3,1,775001231
0.072941279003106,0.621294999852825,3,1,775001231
0.066136078308476,0.098290623023343,3,1,775001231
0.745896113852799,0.663976071171335,3,1,775001231
0.525565352342009,0.911552873034955,3,1,775001231
0.03625136918013,0.544497483216022,3,1,775001231
0.869601329553233,0.982032912479181,3,1,775001231
0.439033969630306,0.868804945984501,3,1,775001231
0.51519805349801,0.116236384991561,3,1,775001231
0.151510794944407,0.726281068963873,3,1,775001231
0.67435929019354,0.660526272960744,3,1,775001231
0.995116491789859,0.564302401477358,3,1,775001231
0.485853888285587,0.460288386157625,3,1,775001231
0.02896741861978,0.140803997433381,3,1,775001231
0.037446680629897,0.042444541145609,3,1,775001231
0.384900011558293,0.838939878778628,3,1,775001231
0.373523642954967,0.874249160340481,3,1,775001231
0.397916453424484,0.242185293200006,3,1,775001231
0.580061070622334,0.743687913593665,3,1,775001231
0.806115942152813,0.888734470176875,3,1,775001231
0.692208574486837,0.405429871214775,3,1,775001231
0.650635329083235,0.550805526342752,3,1,775001231
0.479325759662982,0.641167316219183,3,1,775001231
0.518818089153304,0.21747191354821,3,1,775001231
0.128133073066451,0.794310367021944,3,1,775001231
0.942775970764323,0.198897370826247,3,1,775001231
0.466707712061487,0.656386100039526,3,1,775001231
0.090702880485133,0.415359807531573,3,1,775001231
0.650375438986879,0.306125067193436,3,1,775001231
0.369745959329398,0.986206599576052,3,1,775001231
0.165119509022796,0.132100426414394,3,1,775001231
0.196934119973204,0.69189206141953,3,1,775001231
0.594948796106022,0.805918161863752,3,1,775001231
0.988609612475268,0.746505515554437,3,1,775001231
0.846736566844206,0.415339470296224,3,1,775001231
0.369003365513892,0.588706253108896,3,1,775001231
0.429362617986542,0.31534915034845,3,1,775001231
0.705040447304797,0.075739421159972,3,1,775001231
0.94356103799662,0.510066767452739,3,1,775001231
0.337157111142517,0.548214722814612,3,1,775001231
0.154696672776486,0.539530210323519,3,1,775001231
0.294856041554486,0.722587700575058,3,1,775001231
0.892763443051217,0.912763841632837,3,1,775001231
0.860922239121432,0.263790964132479,3,1,775001231
0.552218198235889,0.102176535539967,3,1,775001231
0.079666731664095,0.19222081028875,3,1,775001231
0.148833487469392,0.994217549395523,3,1,775001231
0.192260854271172,0.987292386023332,3,1,775001231
0.731574090615388,0.477350932644357,3,1,775001231
0.026169366081549,0.364034148921974,3,1,775001231
0.44457111866776,0.540792256221348,3,1,775001231
0.565885601591262,0.219700731632783,3,1,775001231
0.687588821934583,0.856083837290871,3,1,775001231
0.288617261415853,0.174140362352808,3,1,775001231
0.632949180518509,0.318468020855725,3,1,775001231
0.361267108384386,0.460661532992904,3,1,775001231
0.822699548991214,0.436150151874353,3,1,775001231
0.463997646886477,0.663401107422985,3,1,775001231
0.691879041071884,0.77292641559364,3,1,775001231
0.830864406061333,0.942703567145038,3,1,775001231
0.642059896058695,0.873284057619333,3,1,775001231
0.079448005452262,0.941779703563425,3,1,775001231
0.723910006768698,0.228964570859281,3,1,775001231
0.539109831279402,0.525919908796922,3,1,775001231
0.078343226402556,0.882112972386472,3,1,775001231
0.081442351199155,0.869795807378664,3,1,775001231
0.032894442822024,0.202519436868536,3,1,775001231
0.906679507460833,0.178891522701585,3,1,775001231
0.153276921826231,0.225092142207558,3,1,775001231
0.346278739611096,0.507863308559989,3,1,775001231
0.609649092661014,0.688582977387758,3,1,775001231
0.504580779684078,0.721634894013649,3,1,775001231
0.93293902926915,0.577720821843678,3,1,775001231
0.481399370678342,0.634292842937458,3,1,775001231
0.608644583171217,0.538289684879724,3,1,775001231
0.992587741247397,0.75635472176688,3,1,775001231
0.983848056060067,0.00832162923521,3,1,775001231
0.437074439906534,0.882740188095852,3,1,775001231
0.647753705481894,0.288457944163464,3,1,775001231
0.846556217446982,0.961783225882699,3,1,775001231
0.786877801839815,0.060663887577254,3,1,775001231
0.697981015224374,0.299881542483964,3,1,775001231
0.013090271770168,0.056865940974893,3,1,775001231
0.269149382122027,0.176886787379669,3,1,775001231
0.816027926800045,0.677712681450176,3,1,775001231
0.074208147007305,0.37409719931142,3,1,775001231
0.100969383701702,0.366543933127572,3,1,775001231
0.928505156442095,0.949721971382584,3,1,775001231
0.239081808975994,0.45478461210221,3,1,775001231
0.361219511566806,0.835944802426969,3,1,775001231
0.181701076201702,0.101826085034365,3,1,775001231
0.094958359034401,0.681318515070999,3,1,775001231
0.361475437319845,0.345718907679535,3,1,775001231
0.705002294830374,0.989445624288865,3,1,775001231
0.954250643328584,0.388807310991843,3,1,775001231
0.064233257640194,0.897831522752041,3,1,775001231
0.24738806307961,0.438691436459258,3,1,775001231
0.677594057130503,0.467811764979388,3,1,775001231
0.348094972311645,0.824828381145224,3,1,775001231
0.202970246171678,0.804028839005128,3,1,775001231
0.149452535418031,0.400347489948649,3,1,775001231
0.726531131016871,0.776184608107053,3,1,775001231
0.23847254959422,0.451148856819986,3,1,775001231
0.94782767120645,0.242293101894692,3,1,775001231
0.302000109414375,0.363658344710574,3,1,775001231
0.18446762325441,0.445216669412406,3,1,775001231
0.333348692777588,0.244995309411183,3,1,775001231
0.556383558482742,0.024777161109659,3,1,775001231
0.34587523360539,0.53794165242125,3,1,775001231
0.316155362499365,0.264490945000585,3,1,775001231
0.359272567331987,0.427984397204444,3,1,775001231
0.054543370899031,0.774984584164253,3,1,775001231
0.140177357874444,0.500835686495536,3,1,775001231
0.42933413971711,0.805406311879365,3,1,775001231
0.5507616002739,0.676218286867238,3,1,775001231
0.140795859117307,0.769655129793796,3,1,775001231
0.387296174049289,0.917336219642992,3,1,775001231
0.108485935850604,0.376008595925613,3,1,775001231
0.275245415379718,0.595333663614996,3,1,775001231
0.191848340509866,0.956736768757586,3,1,775001231
0.528271730187803,0.674177993477722,3,1,775001231
0.340984072010662,0.208548770145564,3,1,775001231
0.875599794004613,0.073785562880865,3,1,775001231
0.764172626705532,0.575225374050188,3,1,775001231
0.615510192704061,0.667841418826908,3,1,775001231
0.555168683120509,0.930549421994079,3,1,775001231
0.062302316690134,0.377647468659338,3,1,775001231
0.235992704507178,0.05265331055592,3,1,775001231
0.119887211404154,0.734466043177966,3,1,775001231
0.839879666352634,0.620160766353796,3,1,775001231
0.43724092723685,0.100208561175249,3,1,775001231
0.484245874724179,0.106008128104272,3,1,775001231
0.87926938591263,0.459952146615558,3,1,775001231
0.864978438235169,0.996587514302672,3,1,775001231
0.981206351719234,0.329649745312914,3,1,775001231
0.741047939601625,0.221862923237158,3,1,775001231
0.645485646997926,0.858531518400628,3,1,775001231
0.27238962941409,0.546367658203993,3,1,775001231
0.587100172912639,0.64807948401791,3,1,775001231
0.024194225346287,0.941499029753357,3,1,775001231
0.936779520664266,0.158088499871234,3,1,775001231
0.557194192509484,0.636284788721162,3,1,775001231
0.97088912753114,0.825210762632479,3,1,775001231
0.786227484916603,0.626802923716008,3,1,775001231
0.152773604230642,0.180513217535268,3,1,775001231
0.708304925392308,0.913694683916367,3,1,775001231
0.542337568307103,0.319960349938092,3,1,775001231
0.67660392368429,0.632718189253028,3,1,775001231
0.15897754263931,0.055367354427358,3,1,775001231
0.128255669253058,0.545047957398805,3,1,775001231
0.067548725366484,0.953251793624855,3,1,775001231
0.561488564498186,0.062033827339296,3,1,775001231
0.79787066285109,0.255144435754103,3,1,775001231
0.601635891593915,0.093389542934444,3,1,775001231
0.205346507765048,0.365303099894452,3,1,775001231
0.195711381022463,0.528290491497944,3,1,775001231
0.03359051731698,0.190405505891162,3,1,775001231
0.331701011995545,0.085616631119674,3,1,775001231
0.249528770212151,0.120680780785486,3,1,775001231
0.191415214714132,0.602585329112574,3,1,775001231
0.687258799857171,0.853071524555839,3,1,775001231
0.314690709781341,0.570276081399972,3,1,775001231
0.659023480373474,0.574401017762213,3,1,775001231
0.17792685215791,0.870057243255742,3,1,775001231
0.969975564562032,0.246153798802929,3,1,775001231
0.571385772595958,0.216682634463287,3,1,775001231
0.20797891294502,0.862359513396842,3,1,775001231
0.297382568696019,0.77183348469352,3,1,775001231
0.27051321849671,0.588203681809935,3,1,775001231
0.005434957611121,0.756139283565404,3,1,775001231
0.8378191792299,0.629371353381082,3,1,775001231
0.430639254300677,0.658218919584904,3,1,775001231
0.904741390187275,0.530762639032569,3,1,775001231
0.907983221587693,0.816040764738541,3,1,775001231
0.543296404674734,0.358101727990808,3,1,775001231
0.798002479780889,0.728909202910841,3,1,775001231
0.783814167021811,0.877094173466976,3,1,775001231
0.378132411527371,0.4476416958038,3,1,775001231
0.874570676832675,0.412169304626103,3,1,775001231
0.829302537314935,0.786009240404559,3,1,775001231
0.20815067688448,0.540478703149015,3,1,775001231
0.178765749791247,0.898270555106698,3,1,775001231
0.887349083660464,0.156702869582533,3,1,775001231
0.447850252984411,0.975637908247632,3,1,775001231
0.244240305990317,0.730352621856705,3,1,775001231
0.797267287374988,0.428770679719146,3,1,775001231
0.62311504657291,0.769633187138122,3,1,775001231
0.162802942199541,0.943900554864504,3,1,775001231
0.391304072131152,0.60457294161999,3,1,775001231
0.730667681569627,0.226949511279988,3,1,775001231
0.45147937992091,0.60700070156246,3,1,775001231
0.614472760177039,0.083010455245594,3,1,775001231
0.49484302061732,0.876088621344041,3,1,775001231
0.264747523851772,0.717817425679645,3,1,775001231
0.856684035447246,0.235560784263251,3,1,775001231
0.467107766206177,0.793340347250909,3,1,775001231
0.114105169576145,0.112299838589239,3,1,775001231
0.266629283659583,0.821397412013913,3,1,775001231
0.500289941034539,0.495967442249367,3,1,775001231
0.79367770799517,0.93718543639114,3,1,775001231
0.800502222069132,0.715386584485524,3,1,775001231
0.760389473877939,0.958886765649084,3,1,775001231
0.642080227575708,0.209817048564708,3,1,775001231
0.347195269516626,0.910019095395718,3,1,775001231
0.994006983093009,0.821887771769032,3,1,775001231
0.305221917424623,0.85795202357053,3,1,775001231
0.251210037214485,0.393833033223648,3,1,775001231
0.363104244751813,0.005022473701442,3,1,775001231
0.494563317324724,0.609811885741425,3,1,775001231
0.445683698409212,0.457938537824937,3,1,775001231
0.389634154632277,0.094473058049479,3,1,775001231
0.787265909743677,0.996669295325223,3,1,775001231
0.715539339806377,0.751560852427556,3,1,775001231
0.753554640003597,0.465775877975419,3,1,775001231
0.699843662079496,0.206239695903028,3,1,775001231
0.07407469027994,0.119147067705143,3,1,775001231
0.176255384857566,0.000948101577836,3,1,775001231
0.230842108562649,0.363360108202403,3,1,775001231
0.078942986487518,0.886976100449927,3,1,775001231
0.949234658386524,0.865395898016977,3,1,775001231
0.940617914797694,0.152591925096217,3,1,775001231
0.093461829671773,0.917194569553774,3,1,775001231
0.871098546809985,0.433427664602004,3,1,775001231
0.781727664379987,0.282546445024182,3,1,775001231
0.958890652995389,0.861965786542998,3,1,775001231
0.205126374098828,0.491070071416148,3,1,775001231
0.160390153862759,0.730351161231833,3,1,775001231
0.459504838824896,0.689537748483103,3,1,775001231
0.519634184783986,0.064386615238157,3,1,775001231
0.680972319702127,0.7125659513474,3,1,775001231
0.996096616680403,0.636452327043008,3,1,775001231
0.913432353101201,0.992696769635174,3,1,775001231
0.268845199001498,0.981222181820842,3,1,775001231
0.430457516303993,0.29415324261844,3,1,775001231
0.632446521394003,0.920433524756229,3,1,775001231
0.684022912157225,0.02506043696195,3,1,775001231
0.503326814859717,0.951599058177331,3,1,775001231
0.659059541537964,0.059680909415473,3,1,775001231
0.114865688802242,0.610432392339678,3,1,775001231
0.175484069319008,0.585221635853972,3,1,775001231
0.695320921031696,0.577892370351792,3,1,775001231
0.598306752327397,0.477027007448915,3,1,775001231
0.794752507608557,0.870132808969983,3,1,775001231
0.491614739874065,0.101480465360522,3,1,775001231
0.455434247333745,0.923278422669047,3,1,775001231
0.983673042355298,0.247695200928987,3,1,775001231
0.604812224813186,0.764829570739985,3,1,775001231
0.99808107035552,0.097081761087014,3,1,775001231
0.390888790417394,0.749631647552852,3,1,775001231
0.049867658029057,0.754138769325644,3,1,775001231
0.176981725509071,0.530727949337404,3,1,775001231
0.005602988090635,0.88232046817739,3,1,775001231
0.566128544815433,0.034047011422945,3,1,775001231
0.063051250355147,0.415592557224578,3,1,775001231
0.134975682404752,0.210759221236828,3,1,775001231
0.218582625192571,0.149295841096556,3,1,775001231
0.522813212911569,0.252269129988702,3,1,775001231
0.659509492875735,0.25319472502551,3,1,775001231
0.143485748884224,0.770193750411046,3,1,775001231
0.843705859603018,0.395095823182186,3,1,775001231
0.066230450297023,0.167309424488337,3,1,775001231
0.510315420730496,0.215179133774091,3,1,775001231
0.546063713179823,0.055332510938474,3,1,775001231
0.503048294024418,0.349192858352439,3,1,775001231
0.275157849074837,0.111532520037415,3,1,775001231
0.081511858248502,0.062919871696338,3,1,775001231
0.673720071401273,0.208558550556309,3,1,775001231
0.346216907898825,0.830832465587178,3,1,775001231
0.442205775990964,0.000493061173411,3,1,775001231
0.509344993275932,0.868609091003076,3,1,775001231
0.156269004052161,0.403029631713444,3,1,775001231
0.00605850210645,0.712195493293085,3,1,775001231
0.901672543624372,0.566804346925781,3,1,775001231
0.860080562502,0.425349267652518,3,1,775001231
0.818451444744998,0.010293066885051,3,1,775001231
0.292466372706611,0.913115942963832,3,1,775001231
0.951942949558867,0.552319863640725,3,1,775001231
0.293933892253385,0.120441507123874,3,1,775001231
0.992866994778123,0.564104364682463,3,1,775001231
0.76881634084472,0.603134794957942,3,1,775001231
0.329461505306683,0.846909184945314,3,1,775001231
0.902644700226002,0.072650539503554,3,1,775001231
0.331746379736184,0.133730606662725,3,1,775001231
0.605563463389318,0.036671807761902,3,1,775001231
0.941311799688443,0.812109264926119,3,1,775001231
0.24022846141795,0.584228481422264,3,1,775001231
0.449595209228046,0.970019925502273,3,1,775001231
0.355530633379173,0.697096148244251,3,1,775001231
0.813432789448342,0.277932407642498,3,1,775001231
0.816435072369122,0.208477643066108,3,1,775001231
0.9787409072872,0.5375184738257,3,1,775001231
0.545420178777616,0.675477116463044,3,1,775001231
0.461503782184124,0.951112438238561,3,1,775001231
0.072446386003301,0.983634569558711,3,1,775001231
0.869813462789826,0.295915889275618,3,1,775001231
0.228080197605358,0.459796470732933,3,1,775001231
0.141529016129398,0.223069889387409,3,1,775001231
0.608343775861342,0.633855855707796,3,1,775001231
0.019191651348738,0.84410065256514,3,1,775001231
0.890056104649602,0.56040325143581,3,1,775001231
0.687153221888262,0.615877765584566,3,1,775001231
0.681876892239319,0.788087394422005,3,1,775001231
0.555445713314495,0.290106575067018,3,1,775001231
0.358959492899146,0.647492676336488,3,1,775001231
0.890739361232421,0.354509153509605,3,1,775001231
0.248065059592879,0.517598082079132,3,1,775001231
0.366808027583198,0.960231656218736,3,1,775001231
0.605184732749234,0.126390043140259,3,1,775001231
0.635239905709034,0.803647577871235,3,1,775001231
0.059162291457173,0.742959484689376,3,1,775001231
0.70170277329283,0.810610539847041,3,1,775001231
0.582505330169462,0.326421323812518,3,1,775001231
0.233892708608435,0.757341840341411,3,1,775001231
0.594517498903473,0.311252346573742,3,1,775001231
0.924365858337355,0.154521802240613,3,1,775001231
0.50208071274764,0.729151095824651,3,1,775001231
0.684772929897509,0.819786129235026,3,1,775001231
0.839860727220818,0.794281527357584,3,1,775001231
0.757586605969309,0.568711427734232,3,1,775001231
0.184404995416358,0.91176965130856,3,1,775001231
0.797232149624272,0.365507115189009,3,1,775001231
0.185547287416424,0.308580494868592,3,1,775001231
0.594602083539351,0.092013548170961,3,1,775001231
0.383728759853609,0.131410249658998,3,1,775001231
0.397255823925611,0.817238798145658,3,1,775001231
0.963290162737816,0.907986594660739,3,1,775001231
0.712175661501039,0.079549913764385,3,1,775001231
0.229485526024064,0.726177661662089,3,1,775001231
0.068770688530315,0.229766709135297,3,1,775001231
0.390912936789999,0.349568290808748,3,1,775001231
0.466890798488009,0.325789164276878,3,1,775001231
0.179253420861155,0.758669544383909,3,1,775001231
0.137932824305117,0.418022612142715,3,1,775001231
0.944653586197732,0.283685889267222,3,1,775001231
0.806691499030807,0.319747122166754,3,1,775001231
0.127784251547764,0.577771653336473,3,1,775001231
0.857428220703846,0.117710884869387,3,1,775001231
0.42855109381359,0.168966632965182,3,1,775001231
0.679700551479236,0.745609675809184,3,1,775001231
0.56663027232885,0.22450822998933,3,1,775001231
0.997816514414526,0.916747939742746,3,1,775001231
0.260445590500305,0.462975642677278,3,1,775001231
0.17234679153181,0.592059034859481,3,1,775001231
0.93890065114813,0.857728891519073,3,1,775001231
0.30294970181162,0.945795841632794,3,1,775001231
0.744123676014288,0.889364047327814,3,1,775001231
0.458832849115462,0.483585022721169,3,1,775001231
0.583678424231049,0.625413085193488,3,1,775001231
0.51649661426695,0.566171491077889,3,1,775001231
0.392964858679903,0.911056540887481,4,1,455007891
0.116575969272947,0.050001042134442,4,1,455007891
0.382234718845373,0.836797446897091,4,1,455007891
0.396088295532628,0.687679051242095,4,1,455007891
0.919147638824372,0.143218874333811,4,1,455007891
0.325203626128536,0.220849049860798,4,1,455007891
0.680266020098565,0.719326434856379,4,1,455007891
0.102253514148364,0.485972453141015,4,1,455007891
0.758238624952847,0.361468657492951,4,1,455007891
0.890734838655485,0.616021894883445,4,1,455007891
0.18840647465232,0.865491911987644,4,1,455007891
0.599910201334697,0.027885163173533,4,1,455007891
0.567694851811682,0.061378382920176,4,1,455007891
0.382465435575858,0.367281909229286,4,1,455007891
0.445265276229013,0.58824904453033,4,1,455007891
0.204967784433913,0.467376172149684,4,1,455007891
0.212252837017852,0.73202782244335,4,1,455007891
0.41034486519597,0.042306496765343,4,1,455007891
0.547016100136655,0.703727139842423,4,1,455007891
0.536330431354357,0.53314456469242,4,1,455007891
0.082677941203027,0.323229070488586,4,1,455007891
0.779800641221622,0.251332824876214,4,1,455007891
0.855337345390331,0.191600523259542,4,1,455007891
0.404150201729736,0.723439438714052,4,1,455007891
0.264184290422353,0.084394711224004,4,1,455007891
0.075334445770443,0.931109625232627,4,1,455007891
0.728850541771884,0.479055596163938,4,1,455007891
0.581930510809255,0.961379975077435,4,1,455007891
0.964681223340276,0.841455363072258,4,1,455007891
0.64554663161069,0.435062235198481,4,1,455007891
0.81321392183356,0.539760233819154,4,1,455007891
0.560135659043361,0.964692185732731,4,1,455007891
0.863002691367072,0.028232500239925,4,1,455007891
0.2122451243231,0.808577447282771,4,1,455007891
0.675026909879058,0.249242013076965,4,1,455007891
0.628963093026006,0.833768365706374,4,1,455007891
0.287275879732255,0.038673542421896,4,1,455007891
0.576295101336695,0.878314067215795,4,1,455007891
0.814701730715608,0.68808122734667,4,1,455007891
0.887934605243629,0.611955471759272,4,1,455007891
0.383585082787727,0.716354538634164,4,1,455007891
0.142865560293845,0.034445830012405,4,1,455007891
0.343458791730742,0.334325186383933,4,1,455007891
0.029962400684285,0.821978803268161,4,1,455007891
0.685087496407618,0.047657548091843,4,1,455007891
0.238729235651882,0.834742403238369,4,1,455007891
0.859601705811258,0.336529989257243,4,1,455007891
0.99754675184718,0.232407200696561,4,1,455007891
0.741736640402735,0.375028304856148,4,1,455007891
0.444271804613207,0.809395253502463,4,1,455007891
0.309228362788917,0.308835917871905,4,1,455007891
0.858761088249653,0.358066010549378,4,1,455007891
0.720770096168281,0.696720948792204,4,1,455007891
0.41286708716034,0.095494276753719,4,1,455007891
0.86653441611922,0.339482736267185,4,1,455007891
0.500681025905034,0.448304009825867,4,1,455007891
0.138117667363551,0.869435610727078,4,1,455007891
0.900273875814067,0.780061618229151,4,1,455007891
0.11886506348662,0.154171318737983,4,1,455007891
0.987913413836405,0.967020576117895,4,1,455007891
0.130886104949887,0.7802554480854,4,1,455007891
0.976711330859118,0.080548843401724,4,1,455007891
0.091671853120956,0.625677631226364,4,1,455007891
0.683881791340998,0.818359452830414,4,1,455007891
0.931076839661705,0.804289134958793,4,1,455007891
0.644268524501465,0.741703669707037,4,1,455007891
0.898530357265557,0.071125362374427,4,1,455007891
0.482524474631279,0.82197514980193,4,1,455007891
0.450692825983998,0.114425320930108,4,1,455007891
0.332305017547626,0.277712740773439,4,1,455007891
0.051375258317294,0.028323593762305,4,1,455007891
0.748061346192483,0.191778440560571,4,1,455007891
0.138390754446598,0.659605010454601,4,1,455007891
0.993498193631074,0.938526317657963,4,1,455007891
0.716108830640048,0.45257558965594,4,1,455007891
0.810485915659956,0.022067033746467,4,1,455007891
0.517835026881245,0.878018295162668,4,1,455007891
0.773193884398862,0.529271644484229,4,1,455007891
0.448739371022464,0.525365073436663,4,1,455007891
0.114438598896177,0.034947857584276,4,1,455007891
0.067909580088397,0.46163181556938,4,1,455007891
0.474716450267823,0.461660512807445,4,1,455007891
0.197205508627396,0.516326167894804,4,1,455007891
0.369117687213273,0.092956997683683,4,1,455007891
0.354943840801117,0.73845267675026,4,1,455007891
0.293294663898922,0.666298191884591,4,1,455007891
0.604042865447522,0.389903269701788,4,1,455007891
0.296884065179623,0.230783615293006,4,1,455007891
0.577109143262133,0.488935857570228,4,1,455007891
0.541259404536941,0.244799092712693,4,1,455007891
0.895049348291809,0.09810714700166,4,1,455007891
0.828216171308088,0.210004281164474,4,1,455007891
0.931141840147344,0.262940562353673,4,1,455007891
0.337169756233239,0.990616057341825,4,1,455007891
0.88910499942495,0.750773448480112,4,1,455007891
0.840671118503447,0.850733627473253,4,1,455007891
0.46154920718386,0.51364250242851,4,1,455007891
0.481523480845846,0.157489155415791,4,1,455007891
0.914303126468688,0.10472996500601,4,1,455007891
0.789508565424111,0.644097909410959,4,1,455007891
0.302454543559216,0.114807563882762,4,1,455007891
0.991708198064328,0.104420350455896,4,1,455007891
0.665548601434256,0.063278675741311,4,1,455007891
0.827633382295564,0.399437445950957,4,1,455007891
0.472237829240159,0.077833990527558,4,1,455007891
0.018849578629807,0.69608041702967,4,1,455007891
0.288779565207104,0.127399240189331,4,1,455007891
0.262513411757982,0.930144315339369,4,1,455007891
0.631127857009917,0.534968516053351,4,1,455007891
0.119212756337687,0.587554150944986,4,1,455007891
0.226969239466422,0.990079647702281,4,1,455007891
0.447728539648806,0.032041759096794,4,1,455007891
0.461902312101049,0.305103328504077,4,1,455007891
0.102813212839435,0.772330097149236,4,1,455007891
0.613063463962459,0.71518079767675,4,1,455007891
0.456807473160275,0.25821100698302,4,1,455007891
0.583852112113563,0.608559636332186,4,1,455007891
0.931893348281521,0.022441455872208,4,1,455007891
0.245010668584709,0.192240833716763,4,1,455007891
0.137008225205875,0.244172431195142,4,1,455007891
0.160166010708824,0.74726450309244,4,1,455007891
0.391921103556583,0.099663758392962,4,1,455007891
0.428040412234035,0.808625833629722,4,1,455007891
0.390698843996715,0.587326719899604,4,1,455007891
0.608892053440417,0.816726801993789,4,1,455007891
0.507766735446229,0.866676233739685,4,1,455007891
0.219346519928956,0.53043287970056,4,1,455007891
0.781994319606574,0.534562643092479,4,1,455007891
0.077631732750299,0.766218935015469,4,1,455007891
0.92771401357297,0.677092599263842,4,1,455007891
0.860331538755056,0.833551641722811,4,1,455007891
0.81630628848303,0.981937644780873,4,1,455007891
0.592123408139651,0.373570160356067,4,1,455007891
0.747962365123796,0.673267831319154,4,1,455007891
0.431568208811596,0.176291264641753,4,1,455007891
0.49046135592467,0.540337275686229,4,1,455007891
0.038871158917757,0.950978225075761,4,1,455007891
0.500275677469358,0.870786984262863,4,1,455007891
0.015634647412542,0.954978134494767,4,1,455007891
0.961044799042863,0.671020035738531,4,1,455007891
0.391975285360996,0.848245005139434,4,1,455007891
0.275434605016221,0.158542532053404,4,1,455007891
0.902979188565278,0.133931202745351,4,1,455007891
0.428625298864716,0.144953633111624,4,1,455007891
0.844320633135885,0.069843050886555,4,1,455007891
0.205148157471379,0.593306144199774,4,1,455007891
0.625971419521991,0.991221031291835,4,1,455007891
0.585517501348603,0.329848998100639,4,1,455007891
0.753279217588572,0.572218702882628,4,1,455007891
0.775081110382693,0.617701482095408,4,1,455007891
0.856295304272942,0.671618739058291,4,1,455007891
0.224738421047347,0.058798349164374,4,1,455007891
0.561083136490184,0.057738400506617,4,1,455007891
0.691653335509404,0.080484113756382,4,1,455007891
0.450841062436505,0.488141094405104,4,1,455007891
0.857813719780628,0.084423507872613,4,1,455007891
0.100024195686395,0.331684228208748,4,1,455007891
0.275267465226523,0.188034723214813,4,1,455007891
0.181251581656443,0.163598165234681,4,1,455007891
0.439090656362666,0.372440588717855,4,1,455007891
0.94263652681324,0.53870504612163,4,1,455007891
0.60262077245041,0.765972062764559,4,1,455007891
0.93228009901655,0.453549584765248,4,1,455007891
0.544213329964827,0.738547700115708,4,1,455007891
0.707018137239803,0.845129540531728,4,1,455007891
0.870758119873583,0.459791623144431,4,1,455007891
0.404115056242993,0.842075718188361,4,1,455007891
0.60041697590629,0.582541402573796,4,1,455007891
0.477448140786401,0.383547175815682,4,1,455007891
0.705521614126928,0.753436685922834,4,1,455007891
0.603828469323708,0.251770123459176,4,1,455007891
0.01629730153086,0.723568508199381,4,1,455007891
0.750455438015514,0.526063599415354,4,1,455007891
0.38705358768935,0.934707472398745,4,1,455007891
0.661104097294804,0.959359345565967,4,1,455007891
0.308711121774198,0.590419451813285,4,1,455007891
0.566495408379581,0.802636474005497,4,1,455007891
0.215009028450765,0.386415075634677,4,1,455007891
0.753401728471574,0.158356564187814,4,1,455007891
0.574464662059135,0.270769318651403,4,1,455007891
0.737390822607167,0.030898310779684,4,1,455007891
0.486133744472356,0.832186269916155,4,1,455007891
0.175713682609565,0.860154962723567,4,1,455007891
0.904445616759989,0.17327294518592,4,1,455007891
0.329692949015753,0.473872196052001,4,1,455007891
0.806864555213342,0.415825489372583,4,1,455007891
0.840069795119232,0.074967465260902,4,1,455007891
0.58785545753344,0.306420185498101,4,1,455007891
0.814119576222714,0.091986918044918,4,1,455007891
0.713607565800181,0.743140002998784,4,1,455007891
0.73994727239227,0.46401882122728,4,1,455007891
0.204197908393512,0.428057782086505,4,1,455007891
0.541225754579378,0.205797676633475,4,1,455007891
0.82335107637779,0.265134868384757,4,1,455007891
0.164741572604456,0.904396423521301,4,1,455007891
0.950680193586934,0.569483955894229,4,1,455007891
0.453463852139876,0.135818562541249,4,1,455007891
0.987269056458818,0.631483788250478,4,1,455007891
0.699454559492051,0.657966085735418,4,1,455007891
0.802682952794684,0.688021983075695,4,1,455007891
0.193788794544881,0.635873085615773,4,1,455007891
0.169971728859978,0.893182027410179,4,1,455007891
0.294756135620648,0.085758948201674,4,1,455007891
0.3549554222654,0.451978985045283,4,1,455007891
0.020965270896483,0.18636912494339,4,1,455007891
0.027059304900193,0.683287685626301,4,1,455007891
0.942575803809215,0.099235835328981,4,1,455007891
0.441191843461713,0.411896355790512,4,1,455007891
0.191732618542087,0.463904319660903,4,1,455007891
0.403635229185035,0.754657640439746,4,1,455007891
0.742380042853243,0.789835405326936,4,1,455007891
0.8796455264618,0.06199780712293,4,1,455007891
0.719983922974424,0.553608325378049,4,1,455007891
0.226435042707444,0.503584418183713,4,1,455007891
0.393292221881224,0.928212094409748,4,1,455007891
0.942436790467546,0.545741463299969,4,1,455007891
0.673115530053322,0.72062818603617,4,1,455007891
0.512227379051392,0.358240076299747,4,1,455007891
0.397210842630824,0.274570382839779,4,1,455007891
0.396210888286663,0.009382246461277,4,1,455007891
0.415703320491777,0.807162955544469,4,1,455007891
0.465143120472102,0.160833571230136,4,1,455007891
0.508082662615638,0.891501347651366,4,1,455007891
0.21180238300929,0.857450723542438,4,1,455007891
0.460661697942836,0.571453930777923,4,1,455007891
0.885588923165676,0.922387702455848,4,1,455007891
0.212486898250797,0.900728096469658,4,1,455007891
0.29056216570282,0.414054693362503,4,1,455007891
0.838041916301314,0.535136637728819,4,1,455007891
0.363401592987158,0.57904190578847,4,1,455007891
0.276686576620597,0.375166024913388,4,1,455007891
0.805003068255417,0.743909885713929,4,1,455007891
0.141625705007425,0.15536092494542,4,1,455007891
0.977899453874662,0.628787306860321,4,1,455007891
0.645303510627899,0.307704246127163,4,1,455007891
0.001420938194803,0.637005700974041,4,1,455007891
0.663470646603003,0.388085447610746,4,1,455007891
0.477486765555504,0.777539972645058,4,1,455007891
0.226773137571808,0.848114544714115,4,1,455007891
0.562146779435492,0.010812712243925,4,1,455007891
0.276563332382611,0.95895256111885,4,1,455007891
0.161467831980856,0.973458943316304,4,1,455007891
0.350735166902182,0.249493957745341,4,1,455007891
0.875086550109558,0.233937702071646,4,1,455007891
0.975736877050104,0.908150153370742,4,1,455007891
0.936726626096862,0.458415019529532,4,1,455007891
0.932516791287521,0.215647372369875,4,1,455007891
0.80820498884393,0.125132844007025,4,1,455007891
0.237008542551438,0.225666516603721,4,1,455007891
0.271928609651655,0.71551682037949,4,1,455007891
0.62986414597447,0.59081616074524,4,1,455007891
0.836609203822531,0.63156512141981,4,1,455007891
0.60549444687507,0.643344482502457,4,1,455007891
0.021900536393297,0.441600034964347,4,1,455007891
0.527078837630721,0.583159457879162,4,1,455007891
0.619888954789777,0.440252079738407,4,1,455007891
0.172056713109982,0.900141197077089,4,1,455007891
0.344844909907493,0.923586524369884,4,1,455007891
0.131715309605928,0.963393961541439,4,1,455007891
0.377369280377398,0.026570637840391,4,1,455007891
0.848840146311365,0.046999692001429,4,1,455007891
0.185045100516962,0.447619129949665,4,1,455007891
0.718995469921636,0.929998807682513,4,1,455007891
0.658932095437278,0.893744644969996,4,1,455007891
0.603854113838974,0.607738427730866,4,1,455007891
0.043717397610523,0.619878658450018,4,1,455007891
0.309097146136988,0.5823915271776,4,1,455007891
0.359062924852325,0.007217782253949,4,1,455007891
0.064756202628118,0.66236540467734,4,1,455007891
0.010666337099918,0.727989235131869,4,1,455007891
0.812471891880938,0.193481480870722,4,1,455007891
0.071778780109901,0.677818024182068,4,1,455007891
0.151993738840248,0.169222458967408,4,1,455007891
0.279399528218359,0.521918368778403,4,1,455007891
0.128349163683157,0.723007024606659,4,1,455007891
0.134093948606835,0.397619700330445,4,1,455007891
0.651459363373471,0.092366719040382,4,1,455007891
0.618358103291986,0.043277793080721,4,1,455007891
0.231582728170489,0.263062629861823,4,1,455007891
0.955679292188625,0.382409767574403,4,1,455007891
0.886817247868867,0.150595025877098,4,1,455007891
0.52091918606158,0.381931480444527,4,1,455007891
0.532995401839724,0.357221995595228,4,1,455007891
0.48237190684824,0.824664161705691,4,1,455007891
0.901655794515662,0.254517540607644,4,1,455007891
0.006826688450226,0.488817034271046,4,1,455007891
0.048378810488006,0.384663965526418,4,1,455007891
0.891191000857428,0.110940741843571,4,1,455007891
0.811623262730067,0.948087050093754,4,1,455007891
0.297706391770025,0.423886684391864,4,1,455007891
0.161304188555232,0.450706742569151,4,1,455007891
0.864516403671718,0.507594957324571,4,1,455007891
0.236702635397453,0.420990082475495,4,1,455007891
0.839321853231537,0.668074233271904,4,1,455007891
0.014900108247659,0.475157356188733,4,1,455007891
0.041085913059296,0.068724519492556,4,1,455007891
0.973781802674196,0.908306082507639,4,1,455007891
0.393227339618218,0.378194006296889,4,1,455007891
0.817754313537062,0.419882150083279,4,1,455007891
0.491467721431567,0.77024936453609,4,1,455007891
0.319675502698739,0.543840810829404,4,1,455007891
0.170473844701799,0.713678369826347,4,1,455007891
0.599094811297168,0.847004761669056,4,1,455007891
0.31566430018898,0.124033033332565,4,1,455007891
0.704755074856478,0.983540447960949,4,1,455007891
0.230024712635835,0.614059624459325,4,1,455007891
0.198407312715339,0.249137785453285,4,1,455007891
0.710503677586091,0.775951955611704,4,1,455007891
0.547342442596246,0.365392440510455,4,1,455007891
0.614536901551616,0.656102993656092,4,1,455007891
0.524644855244055,0.843054331004222,4,1,455007891
0.104474779502088,0.841818548331116,4,1,455007891
0.489024493201743,0.422219354318317,4,1,455007891
0.946164208428011,0.86949668652633,4,1,455007891
0.370185960622692,0.768205973075718,4,1,455007891
0.207662701565548,0.985064712434048,4,1,455007891
0.421044070349992,0.813772256310031,4,1,455007891
0.455038854537882,0.640005285540516,4,1,455007891
0.3146975988184,0.881492820308327,4,1,455007891
0.074440425557427,0.490091794344188,4,1,455007891
0.961923933124686,0.994529375694249,4,1,455007891
0.663087283156047,0.078992758349978,4,1,455007891
0.504059171855553,0.589692535340284,4,1,455007891
0.526573154014888,0.835193261091552,4,1,455007891
0.296479874964771,0.183606797245559,4,1,455007891
0.195837038218024,0.488221456231013,4,1,455007891
0.339503794833139,0.410954233916122,4,1,455007891
0.53439133637569,0.518956431095795,4,1,455007891
0.536379184852765,0.253187138474158,4,1,455007891
0.444870240338403,0.79883313756824,4,1,455007891
0.362133035945515,0.206763417823387,4,1,455007891
0.403688985268843,0.144049412643427,4,1,455007891
0.01240086029001,0.601872568541204,4,1,455007891
0.05358053632865,0.113418386343165,4,1,455007891
0.867961653576217,0.275784681358518,4,1,455007891
0.866003244532554,0.012299644239318,4,1,455007891
0.158553717110442,0.329368351690003,4,1,455007891
0.448889463306294,0.730080709912277,4,1,455007891
0.038648112300612,0.750987727754168,4,1,455007891
0.419931531893674,0.734970047307975,4,1,455007891
0.898208500206271,0.278903205996599,4,1,455007891
0.891578455334793,0.2774014401715,4,1,455007891
0.623067482922349,0.991463606632376,4,1,455007891
0.521142597869282,0.6121392077767,4,1,455007891
0.692400728813033,0.763792861375595,4,1,455007891
0.767892962677236,0.839211849051179,4,1,455007891
0.454882992667102,0.910337029290835,4,1,455007891
0.46873762265895,0.785092006798042,4,1,455007891
0.660459806732697,0.044552742566326,4,1,455007891
0.09507468063519,0.198078565185545,4,1,455007891
0.341272167556898,0.430181114093121,4,1,455007891
0.085617729841218,0.415626483844304,4,1,455007891
0.433121377011442,0.872966287695087,4,1,455007891
0.463478246297142,0.576408695250237,4,1,455007891
0.107964168364664,0.507340858354388,4,1,455007891
0.540513956686441,0.396183598300685,4,1,455007891
0.648278667517623,0.669515193216976,4,1,455007891
0.887928750345123,0.50408069955892,4,1,455007891
0.835744269622841,0.416571562333516,4,1,455007891
0.909336305768694,0.344705993164772,4,1,455007891
0.249529248143019,0.150577581742998,4,1,455007891
0.290976176374818,0.69150761167711,4,1,455007891
0.573582030931653,0.237398449569157,4,1,455007891
0.323497627116259,0.888131972493552,4,1,455007891
0.997673534668714,0.471800510215868,4,1,455007891
0.590703018020187,0.037038375972754,4,1,455007891
0.063539147293784,0.73360359741196,4,1,455007891
0.802869097144407,0.48843099737134,4,1,455007891
0.855321109841442,0.204053090611626,4,1,455007891
0.615741402404745,0.147604004620374,4,1,455007891
0.262613252049556,0.067246816871183,4,1,455007891
0.121023065961734,0.315086964193845,4,1,455007891
0.154761308460454,0.708366439464837,4,1,455007891
0.320156052166918,0.001514558946341,4,1,455007891
0.696674352043363,0.038626185846051,4,1,455007891
0.300419912633916,0.917935473184229,4,1,455007891
0.709254010360844,0.726266661339268,4,1,455007891
0.020848870689231,0.632313217047822,4,1,455007891
0.931649296877523,0.793585001519929,4,1,455007891
0.585195015272243,0.70426125407884,4,1,455007891
0.277897393567236,0.251907060190056,4,1,455007891
0.630142279990867,0.962593752947928,4,1,455007891
0.697111446172047,0.189571012449865,4,1,455007891
0.989201872033779,0.474062277273424,4,1,455007891
0.044228360535733,0.002406163718879,4,1,455007891
0.10619653711982,0.166687741373678,4,1,455007891
0.447431197456804,0.261854524766222,4,1,455007891
