0.766968023792902,0.517386456597188,4,1,455007891
0.018712188592377,0.052797240578095,4,1,455007891
0.593917987140819,0.191127403637376,4,1,455007891
0.395643815908256,0.481311190860882,4,1,455007891
0.405219747515831,0.027647524159588,4,1,455007891
0.525277601773751,0.451996171196818,4,1,455007891
0.979014424778977,0.311790833391098,4,1,455007891
0.305190757548478,0.745176246342105,4,1,455007891
0.98263186562409,0.834825901480804,4,1,455007891
0.182053554407645,0.886193493645949,4,1,455007891
0.827853323271879,0.856635480481995,4,1,455007891
0.57469091966805,0.292176055788573,4,1,455007891
0.995458856445367,0.712461348516474,4,1,455007891
0.036463856584216,0.7060769563239,4,1,455007891
0.935779959306822,0.472926177192686,4,1,455007891
0.400897734419044,0.983443353101114,4,1,455007891
0.99670360358712,0.762343222238236,4,1,455007891
0.764835894602631,0.884291091784016,4,1,455007891
0.95655087222096,0.567864307800767,4,1,455007891
0.054998725604227,0.640622446766559,4,1,455007891
0.646479961880821,0.630804746401008,4,1,455007891
0.096679956523247,0.71953961449423,4,1,455007891
0.835539529878866,0.801523802244687,4,1,455007891
0.557413452059279,0.382570589567693,4,1,455007891
0.021225455380446,0.560527548841672,4,1,455007891
0.873795065733036,0.353737372916778,4,1,455007891
0.019370168396497,0.761000741094515,4,1,455007891
0.286246360796574,0.152061894812501,4,1,455007891
0.279420367019475,0.531762785983711,4,1,455007891
0.404357735796744,0.418617606544452,4,1,455007891
0.664636089530208,0.194682453780547,4,1,455007891
0.304550629769554,0.873899812352123,4,1,455007891
0.031469304442031,0.996874790517479,4,1,455007891
0.022149929481122,0.378201320237596,4,1,455007891
0.31835867347243,0.435542532199813,4,1,455007891
0.441559158347777,0.935844539010146,4,1,455007891
0.011401643173442,0.962114031317248,4,1,455007891
0.011082448960192,0.383534414739627,4,1,455007891
0.792843383422087,0.89236799183073,4,1,455007891
0.41303938885868,0.933761741771111,4,1,455007891
0.898047207317338,0.42052507569554,4,1,455007891
0.305169868725522,0.706099378264698,4,1,455007891
0.20758895261615,0.73782483111259,4,1,455007891
0.515927677701916,0.872398707580516,4,1,455007891
0.383343104656835,0.389896201494864,4,1,455007891
0.624113588386788,0.06630745370676,4,1,455007891
0.420906127047932,0.172268154164934,4,1,455007891
0.68239969822661,0.263194022432736,4,1,455007891
0.835428307314901,0.059656684393493,4,1,455007891
0.954648736906964,0.423477572273598,4,1,455007891
0.323902057700987,0.892203189559858,4,1,455007891
0.928533286781387,0.810527348084546,4,1,455007891
0.15418193210438,0.800628132253913,4,1,455007891
0.537811855634712,0.04370840767933,4,1,455007891
0.719486663370152,0.642303496882183,4,1,455007891
0.48271974474095,0.62781539162008,4,1,455007891
0.666861834074494,0.041536033451618,4,1,455007891
0.772284920314963,0.91204977464374,4,1,455007891
0.759057199459618,0.979892537328356,4,1,455007891
0.128979821654535,0.174860211521836,4,1,455007891
0.161499325823273,0.266187883562299,4,1,455007891
0.693972458076904,0.805379554468567,4,1,455007891
0.159517510291777,0.630794743616792,4,1,455007891
0.550340921311256,0.357856320551992,4,1,455007891
0.405706598829837,0.635223960487546,4,1,455007891
0.941967774065783,0.592392393790862,4,1,455007891
0.673287611720849,0.065462675242489,4,1,455007891
0.707431480196171,0.483462617339946,4,1,455007891
0.748552994652093,0.986347224155832,4,1,455007891
0.371064559429997,0.577106545548064,4,1,455007891
0.533960640378584,0.174286133578279,4,1,455007891
0.537448829164098,0.008345688936727,4,1,455007891
0.653166411671139,0.21693831402135,4,1,455007891
0.720970215704852,0.952295046100822,4,1,455007891
0.850262734389659,0.170989770701499,4,1,455007891
0.508657016796216,0.275600300165351,4,1,455007891
0.257715883469223,0.302962262058486,4,1,455007891
0.002377040644589,0.679247321876747,4,1,455007891
0.17097260621259,0.103025267614117,4,1,455007891
0.815570525286891,0.679453857896925,4,1,455007891
0.312432054106812,0.458072723111166,4,1,455007891
0.510047603093477,0.360267799460738,4,1,455007891
0.693456663016408,0.597864325162447,4,1,455007891
0.249980260468199,0.949660539421719,4,1,455007891
0.090321146801353,0.186820422251243,4,1,455007891
0.623070519002799,0.92031738152704,4,1,455007891
0.838476189379766,0.724098997809916,4,1,455007891
0.032978186403841,0.496991865594416,4,1,455007891
0.119229337537799,0.235871673159206,4,1,455007891
0.802442874228142,0.164204399791604,4,1,455007891
0.163922753196536,0.09625517398475,4,1,455007891
0.143136680686136,0.01122954948378,4,1,455007891
0.832913316378009,0.697143570323858,4,1,455007891
0.446135588170202,0.525731093644427,4,1,455007891
0.840138059001904,0.602225785310121,4,1,455007891
0.925998898911367,0.753067065929855,4,1,455007891
0.488773463711337,0.766761791030613,4,1,455007891
0.511797911739461,0.575201860561965,4,1,455007891
0.159474551164079,0.382229943319373,4,1,455007891
0.020036470336366,0.231326182520842,4,1,455007891
0.949905863797784,0.913747453472873,4,1,455007891
0.067257346257356,0.1016996026308,4,1,455007891
0.80275292410037,0.938204086774984,4,1,455007891
0.884230686531706,0.206894755831744,4,1,455007891
0.179129545593132,0.462339332034582,4,1,455007891
0.178971199126036,0.836536348227436,4,1,455007891
0.835272938820312,0.502531613865372,4,1,455007891
0.462433572089636,0.214791787567768,4,1,455007891
0.542644852832453,0.841857361988356,4,1,455007891
0.79858610013224,0.134284614746413,4,1,455007891
0.655033710405177,0.045017104749917,4,1,455007891
0.769664827838765,0.045766320126064,4,1,455007891
0.270979579230584,0.008014114636904,4,1,455007891
0.557761627162166,0.177795222035045,4,1,455007891
0.365819575153893,0.547011362857168,4,1,455007891
0.435501251690463,0.878836263076313,4,1,455007891
0.674878897435829,0.78958009318574,4,1,455007891
0.631414387544598,0.523608670627498,4,1,455007891
0.297808171391301,0.421593790188538,4,1,455007891
0.489714515810287,0.006173379896479,4,1,455007891
0.96379541212166,0.164309463319684,4,1,455007891
0.079538711249747,0.054165339951081,4,1,455007891
0.648356522293802,0.208717766238907,4,1,455007891
0.92531377857952,0.341740623321785,4,1,455007891
0.764635477611412,0.718032091122895,4,1,455007891
0.327760279809324,0.653221642949206,4,1,455007891
0.465621672771926,0.924226119481138,4,1,455007891
0.824149479426716,0.155088413721659,4,1,455007891
0.688418222179444,0.79081852466667,4,1,455007891
0.696778914240543,0.170877697767707,4,1,455007891
0.44767213815147,0.69164205555213,4,1,455007891
0.080234236200788,0.72171553477266,4,1,455007891
0.542503322566189,0.064123829157656,4,1,455007891
0.140856793685494,0.494623347475165,4,1,455007891
0.27974615789919,0.535642504427541,4,1,455007891
0.005937304924245,0.831401471810135,4,1,455007891
0.036043963400024,0.59281681511317,4,1,455007891
0.605508275894516,0.792808200222631,4,1,455007891
0.482313287806154,0.466119749911698,4,1,455007891
0.356208871775404,0.34591614279809,4,1,455007891
0.076321121920907,0.536000621610325,4,1,455007891
0.664547688122571,0.246942543165145,4,1,455007891
0.99259545053464,0.23173758102352,4,1,455007891
0.555990465774825,0.247513214000672,4,1,455007891
0.003615337027226,0.090531082316952,4,1,455007891
0.346651296820144,0.839234795099855,4,1,455007891
0.952203702270196,0.37188856621244,4,1,455007891
0.165967441649827,0.869613419681333,4,1,455007891
0.362272557526242,0.381139350441086,4,1,455007891
0.311589519213871,0.01177219468095,4,1,455007891
0.423546872637631,0.445958175895093,4,1,455007891
0.871820156628476,0.251084130067132,4,1,455007891
0.055619818827625,0.311064278984425,4,1,455007891
0.786286069446147,0.263750769145813,4,1,455007891
0.007668670898706,0.568802510708961,4,1,455007891
0.532129902395595,0.805521296331602,4,1,455007891
0.9823874845215,0.627101829648646,4,1,455007891
0.920859781993966,0.003160825927193,4,1,455007891
0.586168916401375,0.631345547238235,4,1,455007891
0.07009591048838,0.746940128592345,4,1,455007891
0.502294018147334,0.70297688012013,4,1,455007891
0.474805678376366,0.219334332460775,4,1,455007891
0.659865925882611,0.835202233925009,4,1,455007891
0.244219425308962,0.963280583522727,4,1,455007891
0.328449462801546,0.794944129387271,4,1,455007891
0.993471474356141,0.792760270100747,4,1,455007891
0.006855380318545,0.420233863011122,4,1,455007891
0.583111736726203,0.279134263442984,4,1,455007891
0.69423430169532,0.773524417039649,4,1,455007891
0.884985743467924,0.508574454112613,4,1,455007891
0.632622830583797,0.713941626540657,4,1,455007891
0.019581503342377,0.299098587423281,4,1,455007891
0.892309378121609,0.585282224880673,4,1,455007891
0.057793896825381,0.090129659786694,4,1,455007891
0.234865499889886,0.881604968532956,4,1,455007891
0.009158489365034,0.273164739406483,4,1,455007891
0.533413614998033,0.948551325003489,4,1,455007891
0.028958411106468,0.819052926621182,4,1,455007891
0.65567974505246,0.006070693510192,4,1,455007891
0.168209396336995,0.675545484851184,4,1,455007891
0.122605458313805,0.037014022286793,4,1,455007891
0.663379531724712,0.558195590045531,4,1,455007891
0.043770646670511,0.376099316829509,4,1,455007891
0.716802309167725,0.438349234242884,4,1,455007891
0.800604538778259,0.155040992713233,4,1,455007891
0.954092413698891,0.243882771072034,4,1,455007891
0.699339710287714,0.112174654256665,4,1,455007891
0.261475877303306,0.031506556732551,4,1,455007891
0.347889543054311,0.65869741133622,4,1,455007891
0.503797426417977,0.163868536448033,4,1,455007891
0.824307066662676,0.508683247989898,4,1,455007891
0.703069564213739,0.830355335985967,4,1,455007891
0.799208751621534,0.626321976417048,4,1,455007891
0.617779428351523,0.587402677385652,4,1,455007891
0.650524369285052,0.721369365800633,4,1,455007891
0.30477113818885,0.462290913064117,4,1,455007891
0.266159480521346,0.032584799229631,4,1,455007891
0.16837259634132,0.563815684519955,4,1,455007891
0.668634814517228,0.678972461072393,4,1,455007891
0.205537804676768,0.073887400967434,4,1,455007891
0.8154924891482,0.429930639394879,4,1,455007891
0.641126757085543,0.956027978931109,4,1,455007891
0.930236087617767,0.347952822953944,4,1,455007891
0.914046966891727,0.709896389004291,4,1,455007891
0.500797881911945,0.391313686210026,4,1,455007891
0.022831812901806,0.025389731012325,4,1,455007891
0.646003144314032,0.729211805219144,4,1,455007891
0.5683331564862,0.245529497288043,4,1,455007891
0.895228454176512,0.218129911349518,4,1,455007891
0.441556172127407,0.134257587789444,4,1,455007891
0.552426400212205,0.215713100657011,4,1,455007891
0.996267188069325,0.563430634444557,4,1,455007891
0.722917077355335,0.667253677690506,4,1,455007891
0.718855649583342,0.382714245593194,4,1,455007891
0.76982205144759,0.189911114308329,4,1,455007891
0.862033863299814,0.916744664703682,4,1,455007891
0.436743946908796,0.70108435396807,4,1,455007891
0.244309067835333,0.245837523966107,4,1,455007891
0.124270642755809,0.989892507491572,4,1,455007891
0.433764419896325,0.669688479017642,4,1,455007891
0.840110384981625,0.514509612562645,4,1,455007891
0.832536659599986,0.52792494476033,4,1,455007891
0.156139958167262,0.623137643937269,4,1,455007891
0.757480088546392,0.85703057288277,4,1,455007891
0.100375133184285,0.342691420895097,4,1,455007891
0.472857792601974,0.200080241340349,4,1,455007891
0.287848864595515,0.856807793906756,4,1,455007891
0.27250288600167,0.253885773708086,4,1,455007891
0.751609521782452,0.803580979048804,4,1,455007891
0.131743916064684,0.937567600681164,4,1,455007891
0.873527833344727,0.563464417832528,4,1,455007891
0.153489984988842,0.897231078846086,4,1,455007891
0.534327711568935,0.77906903877732,4,1,455007891
0.018223317195459,0.423340666772967,4,1,455007891
0.103232985873578,0.451126899446172,4,1,455007891
0.9142477370699,0.25054898635894,4,1,455007891
0.169848342528102,0.088677595746634,4,1,455007891
0.972393728408884,0.734151802649053,4,1,455007891
0.984369426093737,0.556574953073561,4,1,455007891
0.058481994554919,0.45300439139418,4,1,455007891
0.41694370361075,0.459699427423491,4,1,455007891
0.887199097977786,0.375648244567255,4,1,455007891
0.872980265956078,0.130801754688314,4,1,455007891
0.812640397819136,0.344561601606414,4,1,455007891
0.008432824784719,0.547691580217536,4,1,455007891
0.323626736218734,0.782861323664462,4,1,455007891
0.277557814407819,0.795524386481661,4,1,455007891
0.226003460391943,0.208447313531153,4,1,455007891
0.315374598228613,0.011229106925359,4,1,455007891
0.729481216956946,0.352495127844181,4,1,455007891
0.9080328074826,0.099657458275208,4,1,455007891
0.173180274631816,0.422366349216455,4,1,455007891
0.836517277679854,0.894825418854534,4,1,455007891
0.921891060112872,0.323420458841752,4,1,455007891
0.192598216661872,0.85465656258994,4,1,455007891
0.044165379782142,0.459875719346983,4,1,455007891
0.860660634167789,0.823925218399617,4,1,455007891
0.743704701815225,0.071780926613739,4,1,455007891
0.735023669731815,0.877637493753214,4,1,455007891
0.157112756782979,0.933323938826055,4,1,455007891
0.899586826570432,0.765876532910357,4,1,455007891
0.053931830036797,0.637116790126962,4,1,455007891
0.435116998922433,0.02117761218558,4,1,455007891
0.178983528886643,0.619761347314796,4,1,455007891
0.739216481292408,0.360788046592116,4,1,455007891
0.462386256881699,0.545913453748908,4,1,455007891
0.244988853695463,0.618705530118341,4,1,455007891
0.08922332500156,0.66122792110971,4,1,455007891
0.206646091656728,0.076177811694483,4,1,455007891
0.468686979215089,0.2489801463586,4,1,455007891
0.783776930220676,0.72438561164241,4,1,455007891
0.471625728350085,0.380824813145534,4,1,455007891
0.000723000339978,0.689319856103039,4,1,455007891
0.91577303997045,0.739065804138373,4,1,455007891
0.283485792160103,0.776403142964401,4,1,455007891
0.169538013233882,0.405975802030873,4,1,455007891
0.183814217004574,0.851194641930395,4,1,455007891
0.918089192002792,0.165117751220863,4,1,455007891
0.588598782645688,0.562556673221097,4,1,455007891
0.58956542112923,0.040284894354071,4,1,455007891
0.182425386611728,0.735949929474359,4,1,455007891
0.674597850162973,0.509589744666242,4,1,455007891
0.182118024421662,0.617063940521764,4,1,455007891
0.188930141652929,0.075396492134805,4,1,455007891
0.39432604881009,0.029778023491097,4,1,455007891
0.826774221702779,0.645205730452633,4,1,455007891
0.460689030388866,0.427487086357354,4,1,455007891
0.931641495490337,0.484264034382733,4,1,455007891
0.749837541136578,0.763115844392444,4,1,455007891
0.271740465764441,0.337585198951931,4,1,455007891
0.731466003478713,0.080684012630301,4,1,455007891
0.748633209154724,0.687233904618304,4,1,455007891
0.824939649171483,0.740074002480887,4,1,455007891
0.590695302677626,0.010136821850059,4,1,455007891
0.653373997916722,0.226691815411952,4,1,455007891
0.287024390428201,0.33235011843627,4,1,455007891
0.353852557550039,0.56900104215991,4,1,455007891
0.502795288896029,0.337626177027515,4,1,455007891
0.095424400782934,0.489448471678527,4,1,455007891
0.483660116705131,0.781286858638504,4,1,455007891
0.238749944202209,0.54808935460818,4,1,455007891
0.004643962229796,0.984824295513312,4,1,455007891
0.634739987885518,0.703259316629642,4,1,455007891
0.748088282341186,0.742314439071895,4,1,455007891
0.404259734469978,0.909928620381469,4,1,455007891
0.105545244569218,0.056642769972915,4,1,455007891
0.166945424259017,0.603914286674633,4,1,455007891
0.790128535272592,0.741705265509,4,1,455007891
0.094408752354686,0.17891352629994,4,1,455007891
0.318677060886787,0.076162151392727,4,1,455007891
0.351579992294762,0.853362398635504,4,1,455007891
0.37718980744766,0.37498603780892,4,1,455007891
0.459667494971042,0.645411402017856,4,1,455007891
0.31834185228571,0.556959529883898,4,1,455007891
0.86518842526549,0.526849492405766,4,1,455007891
0.556492694018271,0.529442411518789,4,1,455007891
0.531751051393506,0.210596766502513,4,1,455007891
0.423449904629037,0.486141661189568,4,1,455007891
0.684746308876723,0.441425610756467,4,1,455007891
0.127352761150299,0.019282206691132,4,1,455007891
0.933832861358273,0.105858213752595,4,1,455007891
0.817391701130946,0.28449003400722,4,1,455007891
0.874075965859834,0.954728438409454,4,1,455007891
0.39868125346748,0.324863732254794,4,1,455007891
0.923827267951314,0.240684590729877,4,1,455007891
0.664455913348336,0.060123949137604,4,1,455007891
0.595909681120166,0.112948585473279,4,1,455007891
0.516859243734826,0.377395201955978,4,1,455007891
0.618397015853319,0.18293638112219,4,1,455007891
0.532948933480449,0.222087759702763,4,1,455007891
0.322255817376641,0.276883487539099,4,1,455007891
0.899141539333867,0.580511638843722,4,1,455007891
0.495342252769035,0.025408420897134,4,1,455007891
0.785172271842042,0.770269021447432,4,1,455007891
0.465724567047529,0.604985834191842,4,1,455007891
0.557746842621265,0.510135356075093,4,1,455007891
0.522027103655448,0.642590641575426,4,1,455007891
0.844414236507898,0.828053083968174,4,1,455007891
0.904469434211218,0.022312858649735,4,1,455007891
0.349789920929528,0.984026612180084,4,1,455007891
0.507500025199025,0.091532542500258,4,1,455007891
0.499111943322694,0.234120983643226,4,1,455007891
0.12340061870192,0.554282780267073,4,1,455007891
0.438212424862397,0.442430237988851,4,1,455007891
0.525964360333742,0.160718125284472,4,1,455007891
0.654339946614164,0.259796623592825,4,1,455007891
0.94432665693948,0.154144665558113,4,1,455007891
0.49886858003021,0.831224736503738,4,1,455007891
0.5092551139856,0.320857237581075,4,1,455007891
0.190781948585498,0.768349438341333,4,1,455007891
0.06768054370731,0.403067887718247,4,1,455007891
0.458921727776153,0.428980226613416,4,1,455007891
0.355978481594084,0.581499664478129,4,1,455007891
0.841341408338335,0.382658908490523,4,1,455007891
0.89848656281772,0.711757413047438,4,1,455007891
0.801708334919467,0.309331173138056,4,1,455007891
0.15497003983752,0.007378249939676,4,1,455007891
0.245547843778436,0.477647219932906,4,1,455007891
0.379224088131578,0.902501280516607,4,1,455007891
0.723225485319415,0.38007032625692,4,1,455007891
0.370728183266886,0.898387304637336,4,1,455007891
0.591914565398983,0.063886127440646,4,1,455007891
0.802244590322158,0.300556480530178,4,1,455007891
0.675398003899521,0.190370162984574,4,1,455007891
0.088478932341852,0.887102426132054,4,1,455007891
0.508404493632573,0.878784399115344,4,1,455007891
0.82439826731229,0.713779353256342,4,1,455007891
0.081281829432896,0.947538052581431,4,1,455007891
0.666528078175411,0.457748188916297,4,1,455007891
0.111159955229045,0.251762207008025,4,1,455007891
0.156526064388112,0.929407018052038,4,1,455007891
0.257359630265979,0.434711177794522,4,1,455007891
0.393557601594178,0.640519703616328,4,1,455007891
0.371653073097307,0.559818385909202,4,1,455007891
0.650474045810889,0.606895827694334,4,1,455007891
0.828084809894922,0.770897858497272,4,1,455007891
0.99852172832367,0.885164540117741,4,1,455007891
0.212412697222359,0.339897171487514,4,1,455007891
0.756285727468044,0.69572315777955,4,1,455007891
0.167830395760862,0.204771212766653,4,1,455007891
0.110799714367856,0.367731140573757,4,1,455007891
0.991484260127683,0.374460451535513,4,1,455007891
0.572228997108712,0.757058964586044,4,1,455007891
0.655399084838165,0.38362154119616,4,1,455007891
0.01826101396492,0.234389971190322,4,1,455007891
0.285778914276134,0.316671761521494,4,1,455007891
0.960313730893874,0.818213190794005,4,1,455007891
0.77625036568718,0.788873540846334,4,1,455007891
0.320899290889178,0.536233546198068,4,1,455007891
0.133467850591758,0.671598453086705,4,1,455007891
0.449956367727934,0.638765102180897,4,1,455007891
0.35760125131592,0.279574995401605,4,1,455007891
0.32769172269322,0.858962042291762,4,1,455007891
0.145578460969473,0.199838154928134,4,1,455007891
0.902447751267454,0.51728134249105,4,1,455007891
0.471556803292519,0.93526253384512,4,1,455007891
0.294339395558542,0.901359973845639,4,1,455007891
0.146948385516085,0.059975723738201,4,1,455007891
0.158880389315238,0.0175283053103,4,1,455007891
0.791426824990691,0.639611364990638,4,1,455007891
0.849545455415581,0.506471042066001,4,1,455007891
0.25669365290414,0.256277125016523,4,1,455007891
0.14419143304486,0.243085557990111,4,1,455007891
0.436384569133915,0.09627484095348,4,1,455007891
0.207487103574044,0.899376710345879,4,1,455007891
0.568347274957058,0.208026299864052,4,1,455007891
0.149977771633003,0.539266385838654,4,1,455007891
0.589624142994379,0.218320183204933,4,1,455007891
0.014137618236732,0.135485104893066,4,1,455007891
0.83982448149532,0.506911360717196,4,1,455007891
0.268739030654655,0.75125163282975,4,1,455007891
0.425172761886201,0.082666753283284,4,1,455007891
0.925094765809212,0.013236470899162,4,1,455007891
0.853370919309218,0.178866418001388,4,1,455007891
0.202205503117857,0.417343212520935,4,1,455007891
0.128513901009625,0.8909328963321,4,1,455007891
0.262571835532605,0.955131388440168,4,1,455007891
0.355649919331596,0.016775075187922,4,1,455007891
0.916406302304165,0.52624354738794,4,1,455007891
0.046177757056017,0.628097851297633,4,1,455007891
0.349207445285023,0.61098783681522,4,1,455007891
0.738125312338251,0.800442184806132,4,1,455007891
0.866134891951386,0.717267064397713,4,1,455007891
0.24945537510417,0.360384703801908,4,1,455007891
0.366350523442241,0.187333721295966,4,1,455007891
0.867895681182592,0.470239746432572,4,1,455007891
0.761467648023199,0.052390086983625,4,1,455007891
0.047392338127686,0.363770942578587,4,1,455007891
0.834476622093756,0.75684083923444,4,1,455007891
0.729136790662564,0.570833531758684,4,1,455007891
0.098991869994739,0.739045467311848,4,1,455007891
0.234218695018891,0.52453254333411,4,1,455007891
0.063391765339125,0.051706415214199,4,1,455007891
0.785307956366538,0.531396295406853,4,1,455007891
0.93039960370392,0.432567784912486,4,1,455007891
0.106371091504304,0.703228148371785,4,1,455007891
0.169880218928724,0.494888964503562,4,1,455007891
0.222278952035168,0.598714387564359,4,1,455007891
0.59110344782841,0.997196148468421,4,1,455007891
0.534263414778651,0.003529332896555,4,1,455007891
0.510452332819778,0.473104174911442,4,1,455007891
0.482533566963186,0.48959333653247,4,1,455007891
0.361530430366545,0.854539897844263,4,1,455007891
0.6239622366074,0.137303310271278,4,1,455007891
0.626848760955395,0.105487335336606,4,1,455007891
0.750605988295044,0.078969239611923,4,1,455007891
0.28375056676637,0.298414280401247,4,1,455007891
0.753923298669609,0.327354491825336,4,1,455007891
0.051957172584565,0.011828574805586,4,1,455007891
0.299906455014517,0.690131835895849,4,1,455007891
0.606095999816553,0.404951838264726,4,1,455007891
0.021945362143942,0.439230679791706,4,1,455007891
0.573797915893047,0.834287075211604,4,1,455007891
0.861092187118805,0.803465719411782,4,1,455007891
0.578427161580027,0.416895947290758,4,1,455007891
0.387497434341664,0.283500763458727,4,1,455007891
0.805234800417165,0.516490484296838,4,1,455007891
0.422140163437119,0.250115841855277,4,1,455007891
0.57070207355094,0.730982803191973,4,1,455007891
0.04457585085165,0.279909689662119,4,1,455007891
0.157067108833153,0.593925997564194,4,1,455007891
0.120277595122108,0.206983621795758,4,1,455007891
0.737505307272142,0.867317900688459,4,1,455007891
0.810247471870385,0.92481716792154,4,1,455007891
0.562159339870193,0.999528925878986,4,1,455007891
0.135926780032812,0.559459712739569,4,1,455007891
0.701192505526962,0.049653591716478,4,1,455007891
0.564035091202376,0.753326276228031,4,1,455007891
0.548264636477597,0.138375567623972,4,1,455007891
0.748820117982271,0.44830009710813,4,1,455007891
0.976306904386121,0.275473552493923,4,1,455007891
0.023301294252216,0.737508301126745,4,1,455007891
0.507198497851818,0.235386090409438,4,1,455007891
0.966442068926034,0.067051267943546,4,1,455007891
0.107924136203138,0.004790797629401,4,1,455007891
0.389787317979137,0.31213008986003,4,1,455007891
0.258018736904333,0.209944054937258,4,1,455007891
0.38495376700946,0.026431113245484,4,1,455007891
0.746581418562946,0.846565182832548,4,1,455007891
0.652462739353347,0.469289868235647,4,1,455007891
0.251867991203428,0.581338651099084,4,1,455007891
0.192756886285545,0.852071495719681,4,1,455007891
0.132447535936944,0.871647012060718,4,1,455007891
0.581842552735596,0.613368271371777,4,1,455007891
0.01613517365403,0.158935943631465,4,1,455007891
0.476853029814714,0.432029120490152,4,1,455007891
0.711389801005608,0.4311524447905,4,1,455007891
0.700927708588386,0.117700369620232,4,1,455007891
0.68559202938758,0.520985338969061,4,1,455007891
0.24215464936244,0.480470363180491,4,1,455007891
0.855594201236184,0.609177580019536,4,1,455007891
0.767925621786247,0.774375265456181,4,1,455007891
0.718160924355773,0.53596760787168,4,1,455007891
0.803903849362526,0.333937075599433,4,1,455007891
0.911394969830662,0.688757069149258,4,1,455007891
0.555906461163146,0.578569244801481,4,1,455007891
0.142970307771646,0.430390682916875,4,1,455007891
0.463355447440344,0.646598855171553,4,1,455007891
0.046970002698399,0.259973456351205,4,1,455007891
0.964551870125485,0.538819006415857,4,1,455007891
0.938354085650532,0.156939289762338,4,1,455007891
0.626880414195882,0.800898609083753,4,1,455007891
0.622558174304061,0.849123940483144,4,1,455007891
0.74915220564026,0.454641019878244,4,1,455007891
0.387450967614775,0.06688508575525,4,1,455007891
0.778645952782183,0.099997323971517,4,1,455007891
0.055854817583067,0.197850228166423,4,1,455007891
0.402008580348348,0.852903319725701,4,1,455007891
0.509060225380386,0.140663148726002,4,1,455007891
0.967028512342374,0.058424447432477,4,1,455007891
0.405241860359462,0.571138239146015,4,1,455007891
0.971395877068921,0.524355942734408,4,1,455007891
0.911410036848233,0.280521184069616,4,1,455007891
0.71491592878565,0.357340067862751,4,1,455007891
0.143508428972983,0.723093534710354,4,1,455007891
0.853243102401313,0.351726487273494,4,1,455007891
0.666494727558103,0.419147836844673,4,1,455007891
0.514055024218308,0.280815187144918,4,1,455007891
0.844718672320559,0.399398954620935,4,1,455007891
0.840687241239768,0.370786621736618,4,1,455007891
0.05263698657066,0.448186275827419,4,1,455007891
0.313600821257304,0.699536220528978,4,1,455007891
0.756882654271927,0.505360653703752,4,1,455007891
0.966656926753338,0.255796222147708,4,1,455007891
0.262931599503636,0.220539071172381,4,1,455007891
0.663023666289511,0.918340204499713,4,1,455007891
0.483086791993109,0.318448643572938,4,1,455007891
0.924642169602728,0.670731122407978,4,1,455007891
0.427226559720455,0.13037119571885,4,1,455007891
0.419530604168669,0.953986690509604,4,1,455007891
0.243739874401957,0.374238395717116,4,1,455007891
0.102806229978379,0.17770079220219,4,1,455007891
0.545298346266775,0.02471659789986,4,1,455007891
0.180157007840579,0.05957285752475,4,1,455007891
0.442591354356341,0.904659395352004,4,1,455007891
0.516596256211176,0.643962261307392,4,1,455007891
0.178876909178183,0.450595392359843,4,1,455007891
0.84868499165302,0.561997679701959,4,1,455007891
0.509177539017253,0.957457209720347,4,1,455007891
0.175008453165125,0.33893638925527,4,1,455007891
0.000177337019048,0.491547317403287,4,1,455007891
0.997544678896183,0.328881972717065,4,1,455007891
0.240352394339157,0.575775057100289,4,1,455007891
0.665664560625566,0.162633030059344,4,1,455007891
0.544593888836802,0.697488155203268,4,1,455007891
0.934854680966748,0.431350043303953,4,1,455007891
0.113559161824551,0.666761477456142,4,1,455007891
0.993855322935882,0.696890810978525,4,1,455007891
0.765213104621316,0.861794816046256,4,1,455007891
0.636757895954293,0.81907950475401,4,1,455007891
0.294498736085264,0.438109785518855,4,1,455007891
0.960707737546858,0.020838440106736,4,1,455007891
0.236801728607727,0.649526192324005,4,1,455007891
0.955209110703035,0.07402533311278,4,1,455007891
0.311851470734059,0.531436257407462,4,1,455007891
0.615631979798476,0.481983284111828,4,1,455007891
0.106926256369914,0.330684924755368,4,1,455007891
0.761370298080755,0.559224570361356,4,1,455007891
0.621708323896128,0.231402694325874,4,1,455007891
0.568204322211738,0.864333542317644,4,1,455007891
0.141859817691239,0.122427447319181,4,1,455007891
0.934770279772422,0.529087741868686,4,1,455007891
0.534367809698393,0.379489994071335,4,1,455007891
0.194642459700347,0.644960659972709,4,1,455007891
0.464933228511514,0.89412765454673,4,1,455007891
0.358384743187916,0.017583535963378,4,1,455007891
0.226154793686079,0.871328858176664,4,1,455007891
0.02402929820952,0.280407628896562,4,1,455007891
0.834985767474584,0.239201103169517,4,1,455007891
0.329792828315946,0.570722492536199,4,1,455007891
0.808917754986632,0.866493736431364,4,1,455007891
0.83944143192727,0.714349855600125,4,1,455007891
0.562572681738862,0.167595486651627,4,1,455007891
0.048566787203629,0.139746598699161,4,1,455007891
0.679860232795514,0.08966662089146,4,1,455007891
0.279138880665465,0.547914788963485,4,1,455007891
0.411584895618817,0.922853989128606,4,1,455007891
0.090050551914207,0.70143038195017,4,1,455007891
0.624363132158005,0.852076485649346,4,1,455007891
0.972971962378718,0.564066369169315,4,1,455007891
0.083937904368008,0.677657652162903,4,1,455007891
0.025684048918506,0.421900391418569,4,1,455007891
0.394454135612753,0.672121021726416,4,1,455007891
0.499161671252758,0.547460706042138,4,1,455007891
0.134985617244303,0.111752951055885,4,1,455007891
0.600028864804612,0.430378635288816,4,1,455007891
0.735580053755607,0.624076724130054,4,1,455007891
0.696609935519211,0.591179279459654,4,1,455007891
0.417315528670855,0.126170885489804,4,1,455007891
0.124652004403807,0.519256991637468,4,1,455007891
0.084338845577214,0.793803540853527,4,1,455007891
0.11789586465814,0.331745645303261,4,1,455007891
0.400581525525857,0.197643803591479,4,1,455007891
0.999023770900358,0.336907989417391,4,1,455007891
0.409827372600905,0.470350401630671,4,1,455007891
0.658114307991203,0.803832334494735,4,1,455007891
0.965030538011281,0.127126331246306,4,1,455007891
0.518585980031961,0.88963910348422,4,1,455007891
0.921260954572679,0.952368052290741,4,1,455007891
0.644712886480826,0.856063682717048,4,1,455007891
0.516379304880746,0.186326350082855,4,1,455007891
0.380147007335012,0.419195982750727,4,1,455007891
0.614521364424526,0.098234968632944,4,1,455007891
0.923483886793509,0.319321360322693,4,1,455007891
0.519697423223793,0.916152716331652,4,1,455007891
0.54475944095727,0.972221539297305,4,1,455007891
0.880289129097216,0.998803155645628,4,1,455007891
0.725867157090889,0.368958317675732,4,1,455007891
0.799953110048908,0.080985582022005,4,1,455007891
0.368237323279793,0.228076608096844,4,1,455007891
0.64641664728391,0.401669717748367,4,1,455007891
0.352720266946819,0.772327922881526,4,1,455007891
0.206877704301561,0.532675779752494,4,1,455007891
0.159468388792288,0.401428904016541,4,1,455007891
0.777198176945264,0.765880566297638,4,1,455007891
0.959712227316288,0.963034148711388,4,1,455007891
0.491805269504346,0.988179378368111,4,1,455007891
0.576678244210845,0.286016082612478,4,1,455007891
0.702193240910266,0.075972470409318,4,1,455007891
0.979496980800362,0.133309190795362,4,1,455007891
0.494143646030476,0.974733908032604,4,1,455007891
0.521802248459472,0.755989549423105,4,1,455007891
0.497259257544315,0.794259869492749,4,1,455007891
0.965822980484722,0.785924917782731,4,1,455007891
0.985132963020426,0.446482190665643,4,1,455007891
0.443121792635269,0.291244921135024,4,1,455007891
0.890450086359822,0.580272377878123,4,1,455007891
0.89473497073843,0.437044095959215,4,1,455007891
0.766548189920969,0.826450162474647,4,1,455007891
0.206320789732694,0.343145746074305,4,1,455007891
0.915436452013036,0.656249571295283,4,1,455007891
0.208024340404565,0.411417856075696,4,1,455007891
0.872001506688415,0.477785123739811,4,1,455007891
0.944118798575285,0.607046335242656,4,1,455007891
0.185104660890887,0.947599067542078,4,1,455007891
0.134084273528057,0.921335695054686,4,1,455007891
0.968501273800952,0.858160288492088,4,1,455007891
0.544637359140106,0.518020244296463,4,1,455007891
0.007989625885611,0.377224260132378,4,1,455007891
0.071325941392509,0.87073404074516,4,1,455007891
0.305923492880629,0.861252270408353,4,1,455007891
0.688655106906498,0.536200727074605,4,1,455007891
0.820198889232437,0.94262796313104,4,1,455007891
0.069311938659585,0.075869843755303,4,1,455007891
0.812052159090261,0.099197340310597,4,1,455007891
0.595908489283564,0.038138888959758,4,1,455007891
0.655483308830813,0.454698124800261,4,1,455007891
0.69276330424029,0.843965321391336,4,1,455007891
0.180844582370304,0.129933218253256,4,1,455007891
0.890594240343843,0.88058658338542,4,1,455007891
0.626111254386642,0.067081950220976,4,1,455007891
0.803596247735357,0.101230116566305,4,1,455007891
0.051578264945511,0.883332138727966,4,1,455007891
0.246229520496182,0.953109548805378,4,1,455007891
0.637202090554709,0.975054672470155,4,1,455007891
0.04614507853624,0.511667257477314,4,1,455007891
0.626535181198402,0.790031825309976,4,1,455007891
0.720026406316485,0.285937538865195,4,1,455007891
0.807175338933362,0.912789185857765,4,1,455007891
0.070727167851294,0.278068890342447,4,1,455007891
0.324880084592267,0.366870374045846,4,1,455007891
0.936936704224577,0.529457442281347,4,1,455007891
0.316972093302747,0.327932788254827,4,1,455007891
0.780706671716639,0.566608387062692,4,1,455007891
0.320388695191331,0.262831391334009,4,1,455007891
0.533523452850897,0.871755690682162,4,1,455007891
0.660704327450018,0.362397283269266,4,1,455007891
0.138212942113827,0.746434747946049,4,1,455007891
0.060682459516001,0.01940572087394,4,1,455007891
0.521815363452724,0.710616450105102,4,1,455007891
0.520388856237343,0.018268815960819,4,1,455007891
0.313669974274217,0.8856757597981,4,1,455007891
0.11562571392909,0.049275799961736,4,1,455007891
0.483300332255678,0.646381201500543,4,1,455007891
0.737421984136897,0.137743521488366,4,1,455007891
0.214293152568289,0.195256134990043,4,1,455007891
0.952541935840374,0.58722916597233,4,1,455007891
0.75321450504818,0.612076913741729,4,1,455007891
0.103451177205559,0.075995233721078,4,1,455007891
0.676709531301097,0.361936726730002,4,1,455007891
0.485904757463161,0.617207116053268,4,1,455007891
0.00528275223313,0.207218109017288,4,1,455007891
0.943299815075264,0.195881683384027,4,1,455007891
0.858857860658025,0.961981292017774,4,1,455007891
0.499160657378239,0.029394869506904,4,1,455007891
0.897067444446434,0.551689614324027,4,1,455007891
0.712601589899707,0.563395261406301,4,1,455007891
0.616324765485409,0.396856890058263,4,1,455007891
0.286339012089466,0.511259496656264,4,1,455007891
0.686080977164694,0.226116364369421,4,1,455007891
0.082800497074652,0.47276469508589,4,1,455007891
0.898273026379861,0.042374305657352,4,1,455007891
0.111106162056031,0.926441911517377,4,1,455007891
0.976818941862276,0.115125864959209,4,1,455007891
0.236172843111516,0.680113854300408,4,1,455007891
0.448118586837693,0.552674458715612,4,1,455007891
0.330919464958314,0.1854090803146,4,1,455007891
0.008869980735934,0.219910300577691,4,1,455007891
0.343527491152947,0.474583908718046,4,1,455007891
0.344112228487703,0.510467584224363,4,1,455007891
0.283937715010878,0.86177260160073,4,1,455007891
0.146258350839286,0.756494066599501,4,1,455007891
0.447240583245561,0.965825045787254,4,1,455007891
0.164982232684912,0.86493070429522,4,1,455007891
0.286344251256815,0.05818035391078,4,1,455007891
0.478175867944658,0.106113076541094,4,1,455007891
0.222280952407983,0.216764305735654,4,1,455007891
0.815794559084381,0.848670452299142,4,1,455007891
0.337738753677359,0.275686793016533,4,1,455007891
0.691259159117053,0.434112347497041,4,1,455007891
0.337882530664569,0.10055525906896,4,1,455007891
0.299186255975676,0.315156718492044,4,1,455007891
0.382254295920161,0.290508736271772,4,1,455007891
0.623568484535817,0.043767565968858,4,1,455007891
0.39251994373122,0.010616269064916,4,1,455007891
0.967128878866256,0.688034050543108,4,1,455007891
0.223055601326077,0.292072610996072,4,1,455007891
0.160424720650451,0.781437561914558,4,1,455007891
0.644843665578889,0.802663236116375,4,1,455007891
0.038377877963523,0.963716494409706,4,1,455007891
0.437875048706091,0.786259341285373,4,1,455007891
0.382260221313739,0.059453385776072,4,1,455007891
0.013230767098996,0.597643335450545,4,1,455007891
0.416764216953752,0.458672533303591,4,1,455007891
0.893242396900011,0.017753394089619,4,1,455007891
0.124640320341999,0.313150521431958,4,1,455007891
0.066607773657395,0.32447584624419,4,1,455007891
0.095484608410708,0.242806145468372,4,1,455007891
0.705064677710982,0.915402002483476,4,1,455007891
0.360611274102032,0.958450339614462,4,1,455007891
0.97920167321167,0.131506337792656,4,1,455007891
0.682546456868851,0.450340362841478,4,1,455007891
0.743212397610814,0.814490841101253,4,1,455007891
0.065531340519312,0.166397332188956,4,1,455007891
0.671875314106935,0.045580467214706,4,1,455007891
0.832523947047974,0.909609433276993,4,1,455007891
0.0277683711503,0.459842611246314,4,1,455007891
0.474540845261098,0.021057866756351,4,1,455007891
0.612703763216141,0.507643751208571,4,1,455007891
0.619781271406634,0.783166035457794,4,1,455007891
0.614595393524751,0.0436444157653,4,1,455007891
0.892827804829117,0.877187232944509,4,1,455007891
0.999447334548827,0.663773380076702,4,1,455007891
0.138319546269936,0.15960953741468,4,1,455007891
0.817878948569055,0.281910656868967,4,1,455007891
0.468844994568399,0.984070935916091,4,1,455007891
0.296578134665812,0.540548369479395,4,1,455007891
0.863403373456111,0.788541904243094,4,1,455007891
0.867301420402788,0.783487076219615,4,1,455007891
0.590635157986808,0.69194647946765,4,1,455007891
0.349515812672026,0.483664527916699,4,1,455007891
0.560123499789929,0.400057074571795,4,1,455007891
0.34750371442707,0.215503005743041,4,1,455007891
0.815420282644721,0.80741213813978,4,1,455007891
0.548729294069735,0.488700080913384,4,1,455007891
0.77405183690116,0.300170418824642,4,1,455007891
0.017490808047735,0.01917712811004,4,1,455007891
0.492611214326323,0.914228580733522,4,1,455007891
0.766360193694959,0.302938541665066,4,1,455007891
0.189144854111889,0.183594359600181,4,1,455007891
0.85763750190497,0.679883986708731,4,1,455007891
0.490394048842038,0.725920001115029,4,1,455007891
0.038024798778035,0.427155004396406,4,1,455007891
0.388051912284694,0.35526640213175,4,1,455007891
0.44195030338812,0.805386476997502,4,1,455007891
0.686049401810189,0.786580700660089,4,1,455007891
0.212450175790091,0.39627192119826,4,1,455007891
0.799984529083761,0.802035901021939,4,1,455007891
0.983242108096583,0.516141641016252,4,1,455007891
0.13016077970059,0.086293562153657,4,1,455007891
0.041601239962328,0.967790903673125,4,1,455007891
0.871302912552934,0.805915773961228,4,1,455007891
0.648875588673763,0.901584974593966,4,1,455007891
0.04486839835731,0.40756645635354,4,1,455007891
0.433954691317157,0.096906543100562,4,1,455007891
0.743976207948196,0.0403052725578,4,1,455007891
0.994731785311626,0.54630033806231,4,1,455007891
0.066324679733894,0.469193147693276,4,1,455007891
0.843576261217319,0.827208723396698,4,1,455007891
0.977072355144328,0.340590445671445,4,1,455007891
0.615059978716214,0.379981149399868,4,1,455007891
0.391507646398422,0.183944717981591,4,1,455007891
0.01765727012958,0.475879413128908,4,1,455007891
0.096433919596845,0.590528010497784,4,1,455007891
0.355865183369439,0.355089511032439,4,1,455007891
0.739548526498058,0.596497634989225,4,1,455007891
0.575167111972487,0.74229050771733,4,1,455007891
0.007696472181806,0.415819378554432,4,1,455007891
0.6894894685374,0.706119120577371,4,1,455007891
0.28772960247598,0.31800504357406,4,1,455007891
0.139277524183745,0.618908626127928,4,1,455007891
0.557805292298712,0.626280872190297,4,1,455007891
0.098043392706484,0.794368728516068,4,1,455007891
0.992308921704121,0.523717503092878,4,1,455007891
0.996215236524955,0.233413455540499,4,1,455007891
0.780186887602713,0.598016111359833,4,1,455007891
0.563343825952691,0.792131747213488,4,1,455007891
0.954327805467081,0.830058921736252,4,1,455007891
0.503198924814499,0.000935585549239,4,1,455007891
0.608731603940236,0.036997463100219,4,1,455007891
0.511014274562131,0.710208975434424,4,1,455007891
0.740557528591481,0.617564678944687,4,1,455007891
0.718117129661545,0.715320343422875,4,1,455007891
0.095743513380458,0.815462227979466,4,1,455007891
0.806404183573781,0.522650050225993,4,1,455007891
0.819741471234558,0.616087574783801,4,1,455007891
0.973602850325112,0.458323594333723,4,1,455007891
0.41901377196033,0.822529956764527,4,1,455007891
0.649983130396779,0.392630269941149,4,1,455007891
0.524288794751314,0.818678202555915,4,1,455007891
0.368161630233363,0.455646114940236,4,1,455007891
0.213173821300107,0.02044742839419,4,1,455007891
0.469866660844832,0.253368929263852,4,1,455007891
0.197576218825494,0.040545882714711,4,1,455007891
0.397008896441137,0.258712452078316,4,1,455007891
0.010484633157671,0.147867079008788,4,1,455007891
0.159129449772008,0.247995385327642,4,1,455007891
0.437013780420364,0.689506374380734,4,1,455007891
0.195273213098678,0.881100703582623,4,1,455007891
0.826218169912917,0.761565554682546,4,1,455007891
0.25556242589379,0.782269062843461,4,1,455007891
0.593031099580487,0.564322644085434,4,1,455007891
0.116221352770622,0.768529512972749,4,1,455007891
0.173787491018494,0.558008378776272,4,1,455007891
0.911530071968875,0.194059907901107,4,1,455007891
0.934140293410793,0.747345049602542,4,1,455007891
0.617161689216002,0.731308230737758,4,1,455007891
0.044781566649454,0.166167041477762,4,1,455007891
0.751583861922764,0.293495073677092,4,1,455007891
0.138231787592662,0.907856957724154,4,1,455007891
0.00053045206659,0.123095423703209,4,1,455007891
0.337270616902902,0.015167836959288,4,1,455007891
0.31533745398397,0.261799031222712,4,1,455007891
0.632776947146317,0.085677401992932,4,1,455007891
0.733642758273419,0.134812713438637,4,1,455007891
0.536880381616648,0.402185682942806,4,1,455007891
0.855349949225696,0.958498809436659,4,1,455007891
0.073263224117782,0.4527425025981,4,1,455007891
0.895004375517615,0.444150444946219,4,1,455007891
0.09024623346612,0.955324558268515,4,1,455007891
0.499816142777661,0.51677640455652,4,1,455007891
0.009884453516303,0.885397415321449,4,1,455007891
0.390346455598696,0.431599642493886,4,1,455007891
0.483969831116452,0.410850344117455,4,1,455007891
0.148838869479487,0.364471840973642,4,1,455007891
0.036317428667514,0.271931505830375,4,1,455007891
0.934278873656432,0.733070475605226,4,1,455007891
0.240437538011522,0.965101143228913,4,1,455007891
0.63861645529534,0.217658851694354,4,1,455007891
0.23267336739707,0.942258979814932,4,1,455007891
0.015188205352776,0.693353906079709,4,1,455007891
0.393109850506124,0.920591075824246,4,1,455007891
0.608226775482838,0.060260034270944,4,1,455007891
0.840036570712233,0.313320753684122,4,1,455007891
0.891447067134728,0.263492052195166,4,1,455007891
0.97847324349895,0.737936875309133,4,1,455007891
0.884050607273309,0.632023834392049,4,1,455007891
0.71924376801912,0.53601226392315,4,1,455007891
0.654090322017145,0.033463436098844,4,1,455007891
0.142310998644454,0.247513581077093,4,1,455007891
0.541990176245826,0.241269726167159,4,1,455007891
0.316560469947181,0.022543566451171,4,1,455007891
0.641115236572878,0.341589462932618,4,1,455007891
0.707949136912116,0.024745361241487,4,1,455007891
0.057639603965459,0.96880758933613,4,1,455007891
0.10891034065335,0.983137529701405,4,1,455007891
0.738561099019829,0.652068320050447,4,1,455007891
0.30413361078924,0.182937874377529,4,1,455007891
0.204563029408281,0.579437615185482,4,1,455007891
0.751314409866339,0.350972822940437,4,1,455007891
0.353525108420838,0.642042637423058,4,1,455007891
0.400195123764986,0.087558389366051,4,1,455007891
0.61083710429298,0.707437240591316,4,1,455007891
0.399195637354617,0.724277868627021,4,1,455007891
0.09427033545863,0.689606970928076,4,1,455007891
0.846157844150453,0.745870035167649,4,1,455007891
0.134013701896859,0.132440868275897,4,1,455007891
0.928205672430292,0.204481692917409,4,1,455007891
0.442582438141857,0.704161546478148,4,1,455007891
0.765448149904522,0.875825989837015,4,1,455007891
0.464659502223162,0.212119133468053,4,1,455007891
0.024229820361325,0.259328431713388,4,1,455007891
0.953530970157381,0.49051849804861,4,1,455007891
0.897859783278994,0.908130569201951,4,1,455007891
0.618628255844606,0.788063616615481,4,1,455007891
0.36622633559799,0.989861135787396,4,1,455007891
0.76779182366379,0.088166642676486,4,1,455007891
0.740431589205628,0.425372719043056,4,1,455007891
0.228222381839475,0.131283427062986,4,1,455007891
0.37455661247955,0.430181773941951,4,1,455007891
0.471687009319744,0.777101390570824,4,1,455007891
0.083894029974099,0.792138714736415,4,1,455007891
0.79239988840968,0.743719728708083,4,1,455007891
0.247462236864855,0.758893204397613,4,1,455007891
0.590097786350926,0.691625662042782,4,1,455007891
0.7923409108938,0.980010130988798,4,1,455007891
0.296183040629126,0.082184863515994,4,1,455007891
0.258345327791832,0.551129469474335,4,1,455007891
0.247407770132284,0.233528372142588,4,1,455007891
0.923782338125165,0.841353148020232,4,1,455007891
0.859424771362384,0.521131674518898,4,1,455007891
0.53650831887406,0.450080876664433,4,1,455007891
0.781632007737602,0.726046570778617,4,1,455007891
0.539235425329803,0.335805756012356,4,1,455007891
0.325089475868852,0.120659930050613,4,1,455007891
0.804009422274895,0.886919856083562,4,1,455007891
0.346888298755793,0.000017538435382,4,1,455007891
0.798008628764112,0.463368901825668,4,1,455007891
0.947203999867865,0.016165711611906,4,1,455007891
0.791290155935334,0.728033990342714,4,1,455007891
0.789367042398591,0.853626962518596,4,1,455007891
0.186836428631326,0.908007953539583,4,1,455007891
0.58863545412937,0.496040108324046,4,1,455007891
0.304231035335062,0.978472348388646,4,1,455007891
0.331955999957764,0.577159785016733,4,1,455007891
0.980520169261438,0.645670564071285,4,1,455007891
0.088851836728998,0.083823490147742,4,1,455007891
0.165291728506477,0.920511541707517,4,1,455007891
0.852675948162696,0.984159466527642,4,1,455007891
0.281731574768283,0.020627376482532,4,1,455007891
0.711821865064116,0.19122156126405,4,1,455007891
0.501391991647957,0.316247612087373,4,1,455007891
0.792083694452858,0.640402428703003,4,1,455007891
0.237635102930501,0.044041674582144,4,1,455007891
0.834210229737712,0.158389592454247,4,1,455007891
0.101189453088204,0.553120072476732,4,1,455007891
0.974798526573568,0.232093546819028,4,1,455007891
0.280985393175359,0.918674354378101,4,1,455007891
0.284024411636375,0.747890817808442,4,1,455007891
0.814410838619381,0.861274292091286,4,1,455007891
0.880308664367099,0.26468910434893,4,1,455007891
0.493356098072007,0.043630372141039,4,1,455007891
0.989869564881853,0.408735565963251,4,1,455007891
0.215892460081716,0.981668524954227,4,1,455007891
0.148213495594897,0.53375353573097,4,1,455007891
0.438156242454446,0.003052873269728,4,1,455007891
0.850967450520271,0.876906999439614,4,1,455007891
0.006986433557445,0.913831825176291,4,1,455007891
0.353058260520511,0.059255914722179,4,1,455007891
0.061090421932525,0.292671418490641,4,1,455007891
0.988095707561649,0.928780129138623,4,1,455007891
0.876989112158415,0.622179125809265,4,1,455007891
0.333917183155848,0.424712894511197,4,1,455007891
0.50571927548388,0.788110459428121,4,1,455007891
0.785604079533159,0.35384001481934,4,1,455007891
0.797247417454268,0.829789583018041,4,1,455007891
0.613881438228846,0.712583796209985,4,1,455007891
0.941776044696248,0.208864249109268,4,1,455007891
0.384663175353589,0.463105617450805,4,1,455007891
0.970599859999331,0.278554678471789,4,1,455007891
0.694608167842045,0.477324723261223,4,1,455007891
0.753895915123373,0.081844585309216,4,1,455007891
0.53790264346279,0.69966528131743,4,1,455007891
0.908808223577768,0.084602174248746,4,1,455007891
0.26108676551678,0.447507212116617,4,1,455007891
0.68841416839078,0.958407505245683,4,1,455007891
0.985594688190864,0.167730647046104,4,1,455007891
0.360636204436237,0.067902062977916,4,1,455007891
0.581778574537244,0.898408512789773,4,1,455007891
0.805889356226906,0.888765187967439,4,1,455007891
0.763539203803815,0.146614459344163,4,1,455007891
0.063231255795074,0.184961136503404,4,1,455007891
0.639286628071102,0.886478942583652,4,1,455007891
0.3370079646401,0.407689592727519,4,1,455007891
0.10280689479471,0.906039182375235,4,1,455007891
0.539465966160151,0.443511906012724,4,1,455007891
0.7767111831001,0.787093205430555,4,1,455007891
0.789526473943191,0.535413471287612,4,1,455007891
0.83149650139486,0.389182490059149,4,1,455007891
0.413895184473531,0.928102712981662,4,1,455007891
0.894847653285635,0.826991380914999,4,1,455007891
0.903907498912972,0.547635722028737,4,1,455007891
0.438662431818835,0.579865597999202,4,1,455007891
0.969984930052432,0.815494622316007,4,1,455007891
0.485383087683497,0.552816408362204,4,1,455007891
0.305305847731061,0.518536895177966,4,1,455007891
0.210569091581206,0.620291078017643,4,1,455007891
0.921269754840026,0.508772033900251,4,1,455007891
0.03524736084847,0.427153792414279,4,1,455007891
0.949561012630152,0.890711019814193,4,1,455007891
0.099428099640089,0.99573621886025,4,1,455007891
0.619094469257713,0.2690726411865,4,1,455007891
0.587275496914524,0.993480020200718,4,1,455007891
0.710852176761264,0.575920552889933,4,1,455007891
0.234774674254815,0.352608149367741,4,1,455007891
0.169596563906289,0.973843456966854,4,1,455007891
0.492337166531381,0.301426034923473,4,1,455007891
0.708672287458906,0.340579957830461,4,1,455007891
0.237639400664549,0.766267048445234,4,1,455007891
0.182585692891041,0.880528885139775,4,1,455007891
0.638089816496107,0.533761801477802,4,1,455007891
0.221776870637834,0.4798747502002,4,1,455007891
0.747671760332724,0.525023725182707,4,1,455007891
0.124976305149045,0.524597163732946,4,1,455007891
0.689511508213422,0.026508390885544,4,1,455007891
0.286764531379094,0.034422017186541,4,1,455007891
0.823371343291464,0.746717632687359,4,1,455007891
0.501429722498465,0.13081150817041,4,1,455007891
0.12636991737277,0.123583611711442,4,1,455007891
0.328944822889605,0.053378674696323,4,1,455007891
