0.1255835331128,0.394281949158117,4,1,455007891
0.334862100965421,0.166652019276189,4,1,455007891
0.112783369810201,0.557387756800192,4,1,455007891
0.42315013832032,0.657903669980822,4,1,455007891
0.044415310369381,0.50670136508008,4,1,455007891
0.669474164326291,0.916794856365513,4,1,455007891
0.484030745922698,0.296735500955424,4,1,455007891
0.032147583298726,0.908880535145503,4,1,455007891
0.179727956660886,0.711769530444133,4,1,455007891
0.068959273080885,0.207554687761799,4,1,455007891
0.385765852931517,0.053540063412875,4,1,455007891
0.320307163285736,0.732806447306323,4,1,455007891
0.8353624764322,0.337051853023561,4,1,455007891
0.332545948762354,0.660196792430642,4,1,455007891
0.350793119713928,0.889656363632953,4,1,455007891
0.390182698098156,0.409753880373886,4,1,455007891
0.437254228086921,0.685460191830982,4,1,455007891
0.901531111325469,0.10202502623463,4,1,455007891
0.848560250752808,0.615288814878382,4,1,455007891
0.039661522035299,0.377311488514956,4,1,455007891
0.035593125514636,0.29184565087749,4,1,455007891
0.678960320882481,0.01415204885199,4,1,455007891
0.592524790781044,0.920370580959664,4,1,455007891
0.887339240389895,0.354410060403482,4,1,455007891
0.301185268236196,0.227015607575372,4,1,455007891
0.235111154868335,0.144857674685586,4,1,455007891
0.140550110010315,0.43032008217509,4,1,455007891
0.963775906255684,0.038940102354258,4,1,455007891
0.676172607154569,0.765581322467356,4,1,455007891
0.621436168366644,0.66744207908141,4,1,455007891
0.57348775407063,0.127581180947257,4,1,455007891
0.279810884406392,0.343922855267337,5,1,562321452
0.668987713306231,0.079483734944176,5,1,562321452
0.074627221236588,0.158309555064125,5,1,562321452
0.41282601170399,0.832440596259972,5,1,562321452
0.060189883412606,0.803370662890581,5,1,562321452
0.561944975429396,0.195324363101885,5,1,562321452
0.445094201535197,0.693574742630361,5,1,562321452
0.832800896765406,0.671593791692564,5,1,562321452
0.767534238341192,0.387378591053032,5,1,562321452
0.85582217609554,0.982635083008142,5,1,562321452
0.99692148028069,0.339137696265561,5,1,562321452
0.454650430661801,0.183150869037632,5,1,562321452
0.48248596901949,0.858052872453244,5,1,562321452
0.676370725084154,0.162127930878294,5,1,562321452
0.470203037919742,0.65589740679263,5,1,562321452
0.921516271907711,0.042476342150904,5,1,562321452
0.578335657154828,0.104526525370998,5,1,562321452
0.644702827914223,0.309814487147958,5,1,562321452
0.447076443665964,0.469679711787419,5,1,562321452
0.875069610954774,0.724507750221551,5,1,562321452
0.75921982937104,0.939343325200246,5,1,562321452
0.240272322875282,0.200951420705311,5,1,562321452
0.966488994123655,0.22294935708152,5,1,562321452
0.268595523662668,0.874220923378832,5,1,562321452
0.350088682560454,0.861943683456935,5,1,562321452
0.490820855423916,0.516595777094376,5,1,562321452
0.494249450918041,0.162765033845777,5,1,562321452
0.266808709053694,0.315095781444467,5,1,562321452
0.857974688216454,0.840033871050122,5,1,562321452
0.32132070240251,0.776051530365412,5,1,562321452
0.892896705621319,0.040758055045164,5,1,562321452
0.689431135908967,0.183863740334622,5,1,562321452
0.074094031747355,0.409619743207981,5,1,562321452
0.143945264239147,0.608488385531988,5,1,562321452
0.285916629483278,0.250916471269212,5,1,562321452
0.205563333483452,0.929818370584826,5,1,562321452
0.236311758712819,0.644486335791866,5,1,562321452
0.521098813256948,0.727014239552111,5,1,562321452
0.960838190386654,0.580955520696633,5,1,562321452
0.7358803053832,0.166969987620958,5,1,562321452
0.021501727166756,0.795904453137123,5,1,562321452
0.98353643429536,0.218482503859846,5,1,562321452
0.705740385108642,0.003055639503625,5,1,562321452
0.769683407001277,0.617325944909484,5,1,562321452
0.387333154469391,0.653345609703256,5,1,562321452
0.335605663815304,0.012315539902601,5,1,562321452
0.223700912846529,0.179749545872693,5,1,562321452
0.553839471029531,0.633577525676916,5,1,562321452
0.533014403267006,0.92698645312271,5,1,562321452
0.029640860548231,0.641625447963414,5,1,562321452
0.519718100835952,0.610739422745786,5,1,562321452
0.360638290474694,0.039475003166006,5,1,562321452
0.498525742847958,0.202784053282603,5,1,562321452
0.441541746805777,0.659913483075154,5,1,562321452
0.404637134679635,0.596425600719883,5,1,562321452
0.291599944861635,0.276171683162252,5,1,562321452
0.171872006244999,0.270903237182764,5,1,562321452
0.129567235466458,0.326629375558892,5,1,562321452
0.510612007357562,0.443927833284057,5,1,562321452
0.324263011997045,0.092818699923909,5,1,562321452
0.723886529115176,0.878277138137546,5,1,562321452
0.40837576568924,0.424871599025335,5,1,562321452
0.462634366196282,0.591380513642078,5,1,562321452
0.55898494981069,0.269691371798506,5,1,562321452
0.740117640944648,0.206082474340913,5,1,562321452
0.82034367215237,0.324510243351199,5,1,562321452
0.100660396096859,0.576283126485259,5,1,562321452
0.872785981220155,0.112128567284084,5,1,562321452
0.56932896794983,0.622910345382645,5,1,562321452
0.336192386184223,0.654013259797943,5,1,562321452
0.896867268476424,0.023687038090459,5,1,562321452
0.43726774418447,0.70356643171055,5,1,562321452
0.658144646858815,0.514414441714791,5,1,562321452
0.366956224552517,0.194257802839937,5,1,562321452
0.96257006325485,0.080000074570126,5,1,562321452
0.80763777912223,0.155947426110458,5,1,562321452
0.89137088030788,0.240217224688202,5,1,562321452
0.91932151212461,0.857607532727064,5,1,562321452
0.289330700792099,0.968189909692914,5,1,562321452
0.539871227618302,0.345786244521457,5,1,562321452
0.207525014993391,0.518855860399551,5,1,562321452
0.476368727110009,0.865537253171527,5,1,562321452
0.118789962471098,0.590167600343045,5,1,562321452
0.543041194574333,0.87417367304841,5,1,562321452
0.009103372148234,0.791548889651811,5,1,562321452
0.435748646065781,0.488086306977397,5,1,562321452
0.585753965468354,0.352132849830493,5,1,562321452
0.623848484625507,0.238999621651307,5,1,562321452
0.137119033834838,0.365564858474999,5,1,562321452
0.187323767594083,0.958421694220757,5,1,562321452
0.029066192758892,0.638661480303407,5,1,562321452
0.930382634365305,0.457676771966593,5,1,562321452
0.429441045591915,0.387974524809541,5,1,562321452
0.162306506002558,0.425792447557683,5,1,562321452
0.614796466249486,0.611317238367215,5,1,562321452
0.252144884145518,0.62864584116002,5,1,562321452
0.132466022860139,0.950567232499715,5,1,562321452
0.435924964470234,0.060156192015006,5,1,562321452
0.16627810564779,0.257568541821698,5,1,562321452
0.383364720420622,0.169943942371566,5,1,562321452
0.685653554668672,0.876713418376798,5,1,562321452
0.715648009957669,0.671759446192839,5,1,562321452
0.345524400191,0.865791703024621,5,1,562321452
0.006641191197286,0.723117049201087,5,1,562321452
0.648456622975749,0.990953955338093,5,1,562321452
0.797000511558042,0.458952838102982,5,1,562321452
0.58055576250156,0.35214191479604,5,1,562321452
0.803940022061127,0.960758111850488,5,1,562321452
0.789178334287689,0.92209796192534,5,1,562321452
0.819000293164595,0.747522174173996,5,1,562321452
0.383168848155711,0.115073035182966,5,1,562321452
0.751978085518745,0.78595179511818,5,1,562321452
0.605286085091996,0.740609982474354,5,1,562321452
0.901247893119104,0.834817242452204,5,1,562321452
0.951678660055107,0.343287643263019,5,1,562321452
0.809026258577748,0.661907244300555,5,1,562321452
0.794714584388775,0.981068145987657,5,1,562321452
0.994700271934864,0.301958878747495,5,1,562321452
0.203165181957632,0.952898439559666,5,1,562321452
0.450161930730147,0.060060050361942,5,1,562321452
0.447688847405575,0.850474200351361,5,1,562321452
0.028160059947756,0.407406169302599,5,1,562321452
0.629755597510536,0.579582440895932,5,1,562321452
0.75800259214261,0.26492473847139,5,1,562321452
0.978598486922295,0.67319706730098,5,1,562321452
0.682511195416251,0.425164564603862,5,1,562321452
0.623473452877502,0.301508991105102,5,1,562321452
0.025951563053272,0.023979077927592,5,1,562321452
0.067454483346528,0.873330717899883,5,1,562321452
0.374732522572169,0.040916457537243,5,1,562321452
0.164185901259173,0.018822895864287,5,1,562321452
0.080987182419886,0.780861157590708,5,1,562321452
0.130459767416545,0.04524796178098,5,1,562321452
0.283720475814522,0.169355410289475,5,1,562321452
0.015180365046982,0.665464261862903,5,1,562321452
0.783026688182368,0.480160979327806,5,1,562321452
0.08922477432054,0.91313135969731,5,1,562321452
0.499951979964029,0.806005158515023,5,1,562321452
0.820901865668529,0.679105625865631,5,1,562321452
0.407896114635093,0.18208725282035,5,1,562321452
0.458159355263425,0.230262249135091,5,1,562321452
0.631019013145563,0.776804718729825,5,1,562321452
0.751382215303341,0.404988348762677,5,1,562321452
0.870937267908648,0.975291196394546,5,1,562321452
0.019572108412234,0.918849457613335,5,1,562321452
0.445066073974859,0.498741003123914,5,1,562321452
0.587892357780122,0.359438971925591,5,1,562321452
0.998283350925553,0.926128138981649,5,1,562321452
0.606008477998522,0.001178879688114,5,1,562321452
0.384161515328988,0.114809843070823,5,1,562321452
0.394349194395396,0.528847056476068,5,1,562321452
0.302834172169805,0.052638422395261,5,1,562321452
0.759359033686112,0.122864844085078,5,1,562321452
0.029634440862338,0.616587056493864,5,1,562321452
0.169007861589662,0.129885791381857,5,1,562321452
0.971962233963235,0.561528808814653,5,1,562321452
0.286268809595998,0.718985095178794,5,1,562321452
0.851408074393559,0.817690482718932,5,1,562321452
0.12097107189245,0.506756302391321,5,1,562321452
0.023981267887925,0.836435631890807,5,1,562321452
0.979379256657779,0.123880084274544,5,1,562321452
0.823360918345587,0.291414552918688,5,1,562321452
0.466046552127643,0.091237461810836,5,1,562321452
0.840407939352951,0.91575088891365,5,1,562321452
0.023934008054414,0.175398193745447,5,1,562321452
0.736747140355436,0.635818267623725,5,1,562321452
0.88648385501429,0.601321825662783,5,1,562321452
0.531048534813842,0.448292534808899,5,1,562321452
0.859279631450043,0.114367999262485,5,1,562321452
0.293707139157419,0.679548201559617,5,1,562321452
0.049121824023462,0.904219356667276,5,1,562321452
0.838941361093646,0.365100495777969,5,1,562321452
0.514792500712455,0.830078738684892,5,1,562321452
0.312899736307071,0.491677533945334,5,1,562321452
0.826477935472313,0.219510148181247,5,1,562321452
0.542186558555232,0.755639089654645,5,1,562321452
0.68976353451465,0.752550457926915,5,1,562321452
0.629287265224397,0.30884247864277,5,1,562321452
0.115310864771103,0.588227218942171,5,1,562321452
0.559694228937109,0.686687661364628,5,1,562321452
0.096771360832362,0.942374905510878,5,1,562321452
0.52010468374875,0.742957343260848,5,1,562321452
0.39718734434217,0.783650780014567,5,1,562321452
0.21788228902974,0.952200396233122,5,1,562321452
0.838075647271414,0.178908400253386,5,1,562321452
0.739044033838044,0.882789375537126,5,1,562321452
0.435584712280667,0.089595155545255,5,1,562321452
0.38535537568771,0.992416590535358,5,1,562321452
0.834561685233005,0.09759812377421,5,1,562321452
0.490685456560965,0.152674827266042,5,1,562321452
0.754060375738242,0.621969676769133,5,1,562321452
0.432595892979784,0.470502781619484,5,1,562321452
0.576767572970011,0.677222980318313,5,1,562321452
0.927206048761998,0.041657297239175,5,1,562321452
0.790019357131479,0.119394634013901,5,1,562321452
0.223698415213491,0.245007607214763,5,1,562321452
0.717525003586022,0.627830006193974,5,1,562321452
0.999397881306656,0.066329686609098,5,1,562321452
0.868611303618471,0.378653881816968,5,1,562321452
0.597179065627486,0.72641122093763,5,1,562321452
0.275745189294714,0.480148194023788,5,1,562321452
0.7440262343187,0.580661133616022,5,1,562321452
0.391288135395929,0.760764801923384,5,1,562321452
0.042890525694804,0.856049932442851,5,1,562321452
0.470881039749985,0.427260363934208,5,1,562321452
0.3395594661743,0.296089940713845,5,1,562321452
0.883553512094509,0.443447524751806,5,1,562321452
0.532074495995914,0.195697802374797,5,1,562321452
0.457596864994127,0.219314641406609,5,1,562321452
0.512301728127125,0.625163853584196,5,1,562321452
0.796435523792772,0.345774047042135,5,1,562321452
0.707582494572689,0.866086061731748,5,1,562321452
0.480176758087376,0.662056747610251,5,1,562321452
0.12495968055898,0.212009085054731,5,1,562321452
0.206213763575711,0.9007790047108,5,1,562321452
0.891296463544919,0.322641765423286,5,1,562321452
0.216203129131782,0.519964416070936,5,1,562321452
0.02967474310495,0.262909033628322,5,1,562321452
0.806932001893743,0.101812880188352,5,1,562321452
0.615780181659184,0.206727153130704,5,1,562321452
0.329036478697519,0.874764970132414,5,1,562321452
0.51755165466805,0.540274275903904,5,1,562321452
0.840227776110306,0.498419410715923,5,1,562321452
0.637192990804631,0.7606604343465,5,1,562321452
0.49862757689077,0.240117546427666,5,1,562321452
0.946715046935701,0.133284790046226,5,1,562321452
0.857010197450328,0.067517924721154,5,1,562321452
0.636496975726476,0.544799820880184,5,1,562321452
0.450193560754394,0.983241050971194,5,1,562321452
0.380925068183364,0.368485907628853,5,1,562321452
0.455517013066229,0.135672275892601,5,1,562321452
0.065988829300322,0.444971665267475,5,1,562321452
0.750288944877177,0.854269295836536,5,1,562321452
0.320783306492209,0.473618988260598,5,1,562321452
0.390282426599414,0.778227333041218,5,1,562321452
0.84818771396146,0.20852407388472,5,1,562321452
0.389802961045305,0.674114276370262,5,1,562321452
0.859560324837647,0.857968411177258,5,1,562321452
0.696546752206805,0.371094509103403,5,1,562321452
0.884110150486548,0.997287382196819,5,1,562321452
0.423414437878708,0.481619118863076,5,1,562321452
0.84567596031807,0.12250567704316,5,1,562321452
0.724639278770506,0.220967279923641,5,1,562321452
0.577963714108438,0.695722525664378,5,1,562321452
0.185035345713269,0.690781695882158,5,1,562321452
0.883863871343947,0.163112325903114,5,1,562321452
0.22886541180957,0.449748496546189,5,1,562321452
0.835290084873805,0.962538581979653,5,1,562321452
0.848774463540704,0.058830506240612,5,1,562321452
0.257051224286328,0.980162635892614,5,1,562321452
0.905429581570662,0.5589698381568,5,1,562321452
0.241589209872579,0.264060957741252,5,1,562321452
0.354952285816526,0.515933660345951,5,1,562321452
0.100985010855477,0.057747488271931,5,1,562321452
0.023925007168346,0.34998567879053,5,1,562321452
0.378455757548223,0.377631204664548,5,1,562321452
0.970698409881078,0.15732241144131,5,1,562321452
0.41363632729293,0.42582046024948,5,1,562321452
0.046921589184935,0.125721960815754,5,1,562321452
0.484258809604544,0.103319916085994,5,1,562321452
0.004662767673173,0.948610736582967,5,1,562321452
0.731413592557656,0.768547702523464,5,1,562321452
0.382183132359347,0.349761238173957,5,1,562321452
0.916396499709315,0.172233711210048,5,1,562321452
0.44537180092033,0.945091595754596,5,1,562321452
0.554216133447148,0.192142566149626,5,1,562321452
0.662045401742912,0.188545920347461,5,1,562321452
0.122156417850526,0.589697824912137,5,1,562321452
0.542760936034545,0.075791872150728,5,1,562321452
0.851359359703296,0.515466409004238,5,1,562321452
0.194485848873115,0.612479933810924,5,1,562321452
0.07521333308334,0.901595511712017,5,1,562321452
0.602414629260938,0.79306651027113,5,1,562321452
0.230402800581668,0.196676717813521,5,1,562321452
0.480416652904251,0.981710854290523,5,1,562321452
0.384795314293904,0.122145163332789,5,1,562321452
0.51204507753791,0.138513758001037,5,1,562321452
0.60091218868115,0.259203864259912,5,1,562321452
0.941732069708175,0.292373389688307,5,1,562321452
0.534549600552406,0.311396966858122,5,1,562321452
0.769741036979486,0.025992200682289,5,1,562321452
0.415186884864307,0.830337668389272,5,1,562321452
0.254641473113799,0.509075529388179,5,1,562321452
0.958139442242568,0.040729876243047,5,1,562321452
0.033517881691394,0.792521411393942,5,1,562321452
0.817983852417171,0.155705244291642,5,1,562321452
0.932819148353744,0.659408560175944,5,1,562321452
0.908603033571956,0.234630374013605,5,1,562321452
0.461700128764705,0.317846704281712,5,1,562321452
0.287269586037516,0.202921025608169,5,1,562321452
0.05490255716293,0.616262435853238,5,1,562321452
0.328506078025276,0.127034190791489,5,1,562321452
0.363667897434736,0.26345018023327,5,1,562321452
0.59803089832653,0.217690408583895,5,1,562321452
0.28086960560628,0.743727320798166,5,1,562321452
0.177918891298189,0.320512362621401,5,1,562321452
0.930498148269401,0.231788439980043,5,1,562321452
0.191176289747893,0.845648454111425,5,1,562321452
0.551826790542526,0.832363114927424,5,1,562321452
0.927249605625561,0.18658260747275,5,1,562321452
0.065032356639241,0.89653877394294,5,1,562321452
0.279558707871647,0.683214497889286,5,1,562321452
0.117739240089026,0.999617549344752,5,1,562321452
0.171964447096903,0.095427557355614,5,1,562321452
0.580901727103649,0.404634941510117,5,1,562321452
0.273151295206979,0.370744147392908,5,1,562321452
0.787633756584768,0.481174786790336,5,1,562321452
0.576226597718857,0.213300998785945,5,1,562321452
0.290041073974274,0.600873656160206,5,1,562321452
0.355407058101178,0.591260073575586,5,1,562321452
0.546806406407718,0.489015227934741,5,1,562321452
0.60248468087271,0.855903292961478,5,1,562321452
0.748222705658143,0.875873075383659,5,1,562321452
0.292833944250184,0.588042368192176,5,1,562321452
0.935565698088434,0.561968092553527,5,1,562321452
0.734042240365751,0.636007255043206,5,1,562321452
0.678141743515273,0.688164761992898,5,1,562321452
0.809816596574103,0.064360373851812,5,1,562321452
0.834042602503481,0.084537916210388,5,1,562321452
0.147639333680846,0.89361587997072,5,1,562321452
0.339583788150223,0.061200050695477,5,1,562321452
0.110715771814224,0.578626496922063,5,1,562321452
0.547598806767845,0.899786196208853,5,1,562321452
0.043077795887564,0.146932918534781,5,1,562321452
0.366206445828753,0.606052279070371,5,1,562321452
0.381276892770576,0.798253917841391,5,1,562321452
0.337364254444209,0.192049469001393,5,1,562321452
0.086920959543095,0.552427832696463,5,1,562321452
0.838465799302378,0.870596062690762,5,1,562321452
0.351379087615011,0.225499088941946,5,1,562321452
0.790435505249323,0.065275090068903,5,1,562321452
0.677299543508497,0.612276141326823,5,1,562321452
0.612219328281414,0.065944842565424,5,1,562321452
0.251155522097176,0.258570211633248,5,1,562321452
0.67426576570965,0.492755961206491,5,1,562321452
0.986854533261396,0.617456528894226,5,1,562321452
0.172536043464337,0.470928041104279,5,1,562321452
0.742516802761471,0.701283350458585,5,1,562321452
0.169778265507552,0.564045245260534,5,1,562321452
0.990848802883598,0.564785989043616,5,1,562321452
0.532245674640176,0.065388928120365,5,1,562321452
0.658108398553365,0.084546831982289,5,1,562321452
0.627733868223103,0.204832857145327,5,1,562321452
0.937478100139057,0.536174085022209,5,1,562321452
0.944757803431634,0.19308462993131,5,1,562321452
0.629733359744273,0.412955802086571,5,1,562321452
0.242884434750608,0.795564286896553,5,1,562321452
0.967413331085164,0.778377874567392,5,1,562321452
0.450682118093986,0.304969420325484,5,1,562321452
0.938271601928344,0.199777701394771,5,1,562321452
0.290443088865214,0.364583565941623,5,1,562321452
0.839604758182227,0.971538365144454,5,1,562321452
0.527781373841434,0.083642495487904,5,1,562321452
0.167127086174416,0.903610197123588,5,1,562321452
0.819402493436777,0.281581237817932,5,1,562321452
0.970379847178436,0.424780248315615,5,1,562321452
0.363788079653789,0.499741602619077,5,1,562321452
0.491234066228934,0.129992651456106,5,1,562321452
0.947232681647148,0.627128988056885,5,1,562321452
0.242865801418268,0.187155458753022,5,1,562321452
0.521616100154383,0.60106376159475,5,1,562321452
0.683653651896722,0.211252627485276,5,1,562321452
0.150489425048154,0.664081682706031,5,1,562321452
0.293767915354592,0.312212686656766,5,1,562321452
0.016498647997491,0.085194188629428,5,1,562321452
0.171791911649449,0.027868222247036,5,1,562321452
0.195864585958896,0.08662858196586,5,1,562321452
0.234535329804837,0.764473202826095,5,1,562321452
0.074583728696305,0.956424832655004,5,1,562321452
0.725270905149717,0.184628033366522,5,1,562321452
0.60620944349023,0.972774470963033,5,1,562321452
0.013945030158815,0.706095013386166,5,1,562321452
0.092518416472185,0.817743760037193,5,1,562321452
0.607483727179582,0.904869630792947,5,1,562321452
0.806062716366516,0.616032496488332,5,1,562321452
0.879135796738444,0.152006038694626,5,1,562321452
0.567553060309143,0.598676403460388,5,1,562321452
0.272864886606215,0.256077811155378,5,1,562321452
0.341213906754076,0.662109459171682,5,1,562321452
0.642122881461734,0.231787849142632,5,1,562321452
0.017696850948335,0.769760394891337,5,1,562321452
0.941907273236856,0.57012415441549,5,1,562321452
0.816833680815844,0.226365104053382,5,1,562321452
0.708825082758374,0.546591151563503,5,1,562321452
0.16145582565478,0.344434663176139,5,1,562321452
0.635957043646355,0.171428735666449,5,1,562321452
0.448702483896368,0.917826598608133,5,1,562321452
0.077635089746848,0.359364268390973,5,1,562321452
0.87668471913935,0.219124538532709,5,1,562321452
0.503817388256817,0.7763256235127,5,1,562321452
0.372068368449157,0.945539510213021,5,1,562321452
0.764564685664012,0.606675810730809,5,1,562321452
0.708083759819978,0.652303820164681,5,1,562321452
0.522192846028759,0.176913099836197,5,1,562321452
0.102665612590155,0.73303627095036,5,1,562321452
0.361995882722734,0.970412854542994,5,1,562321452
0.942871812354546,0.933315169279301,5,1,562321452
0.902005076889235,0.072670195130965,5,1,562321452
0.794425159543396,0.716703732309186,5,1,562321452
0.688069153705466,0.497635932856949,5,1,562321452
0.524167002882321,0.54172996999977,5,1,562321452
0.782611497486022,0.163120243243511,5,1,562321452
0.188408180191134,0.253830864731553,5,1,562321452
0.733740286954725,0.50687189244667,5,1,562321452
0.32160605654303,0.348029147114494,5,1,562321452
0.045958010768289,0.86482347438408,5,1,562321452
0.397494139171791,0.816117764983145,5,1,562321452
0.364536814001542,0.769126039646971,5,1,562321452
0.528733759381927,0.65638592669148,5,1,562321452
0.332697004014832,0.265979074574787,5,1,562321452
0.921354420868866,0.89442755528559,5,1,562321452
0.484045454536468,0.201894810002207,5,1,562321452
0.206693617747758,0.140331872038153,5,1,562321452
0.592302061877146,0.181918678245564,5,1,562321452
0.536242769074275,0.290562031716195,5,1,562321452
0.616161758932169,0.564460200164171,5,1,562321452
0.243751060236741,0.972087605717926,5,1,562321452
0.749210397695063,0.42477202761775,5,1,562321452
0.954134140561631,0.721842474449102,5,1,562321452
0.113133206757728,0.892747010466018,5,1,562321452
0.250180441553998,0.696339140321868,5,1,562321452
0.317024337893505,0.65058631110084,5,1,562321452
0.395742593053616,0.914277080840647,5,1,562321452
0.446427008548875,0.662024561271995,5,1,562321452
0.158046992179856,0.649241504378281,5,1,562321452
0.042803317203514,0.397180339025335,5,1,562321452
0.471950143095053,0.610095890040522,5,1,562321452
0.287453876724848,0.915733730364168,5,1,562321452
0.545415084971186,0.973430340229368,5,1,562321452
0.913477205426039,0.176014882672677,5,1,562321452
0.018177296272223,0.165434637779778,5,1,562321452
0.335179020366703,0.848720818003728,5,1,562321452
0.95451399983809,0.529823465731618,5,1,562321452
0.106412714054282,0.731360297672316,5,1,562321452
0.776226850013923,0.663948894305018,5,1,562321452
0.097651488186738,0.583159332797219,5,1,562321452
0.723392550175519,0.256992786036434,5,1,562321452
0.716163740725997,0.830042884386754,5,1,562321452
0.068132051394398,0.722139603734842,5,1,562321452
0.084483390075326,0.125441108147727,5,1,562321452
0.100593565925629,0.778888644165186,5,1,562321452
0.339437004940755,0.195051024398242,5,1,562321452
0.856540345095209,0.41217119154338,5,1,562321452
0.117309965092622,0.742317805168476,5,1,562321452
0.662379708709157,0.311697302109018,5,1,562321452
0.850304421609453,0.446282284947645,5,1,562321452
0.836164114321134,0.977963723525437,5,1,562321452
0.715261825125791,0.244574174585967,5,1,562321452
0.302041934276598,0.170612858856632,5,1,562321452
0.947693170990304,0.161713327651261,5,1,562321452
0.450829448661482,0.270340171189362,5,1,562321452
0.762480766762286,0.91651442408273,5,1,562321452
0.310821593429717,0.427305258205255,5,1,562321452
0.307184963732643,0.422272852221247,5,1,562321452
0.980654483252951,0.077010110469968,5,1,562321452
0.914710279434157,0.079542609121432,5,1,562321452
0.319977479213604,0.518865014755211,5,1,562321452
0.41915545213221,0.453699925605465,5,1,562321452
0.093888201674379,0.773171184379119,5,1,562321452
0.451991822008972,0.528118788581177,5,1,562321452
0.123529355422183,0.859006556812442,5,1,562321452
0.445285487484922,0.228668039031124,5,1,562321452
0.507941164973138,0.968509276506685,5,1,562321452
0.53449855467584,0.326371572675084,5,1,562321452
0.651208819731979,0.752310866753458,5,1,562321452
0.675474988378286,0.142456788882617,5,1,562321452
0.654139528640087,0.076379180474898,5,1,562321452
0.068537426938795,0.703649020546836,5,1,562321452
0.611149073759941,0.162289101510241,5,1,562321452
0.417190978246418,0.125452052889149,5,1,562321452
0.490733266040455,0.980946332279202,5,1,562321452
0.639750883882926,0.037288507564693,5,1,562321452
0.571844594921161,0.134048104697578,5,1,562321452
0.399280922106281,0.805755924253202,5,1,562321452
0.858690191085575,0.228071547080821,5,1,562321452
0.220549739726015,0.160887244039178,5,1,562321452
0.502912140821266,0.922339381281625,5,1,562321452
0.022282794141239,0.585188072407557,5,1,562321452
0.02480673590573,0.415719409340536,5,1,562321452
0.608807981632188,0.486354415560226,5,1,562321452
0.044184297126154,0.125772528268574,5,1,562321452
0.037262700575727,0.741959115029086,5,1,562321452
0.306666964550335,0.709672071594357,5,1,562321452
0.8048513284718,0.67802636590969,5,1,562321452
0.022666664367711,0.37797443154191,5,1,562321452
0.485211780079778,0.923297856261552,5,1,562321452
0.923981024344873,0.660329326827431,5,1,562321452
0.783770210646529,0.867126053515285,5,1,562321452
0.986890319311294,0.39647561720789,5,1,562321452
0.979033466917534,0.641313266348271,5,1,562321452
0.470834061445382,0.746376389371927,5,1,562321452
0.370088973312148,0.644847941631573,5,1,562321452
0.778190251462843,0.440104851510897,5,1,562321452
0.660152190877973,0.635372528635642,5,1,562321452
0.653377226903023,0.321100614363646,5,1,562321452
0.171822051074347,0.322349635170457,5,1,562321452
0.408441492297774,0.475673251018435,5,1,562321452
0.411774979181572,0.214276677348934,5,1,562321452
0.187491762526606,0.887138449122091,5,1,562321452
0.780948760027867,0.195931521224304,5,1,562321452
0.763783987966826,0.604729287710058,5,1,562321452
0.160837235566832,0.94151456350544,5,1,562321452
0.000957397974846,0.87543366022424,5,1,562321452
0.697337805391615,0.805685644247815,5,1,562321452
0.903867493476752,0.551165749504322,5,1,562321452
0.350663602956838,0.276876843729764,5,1,562321452
0.134656487950473,0.354188420209373,5,1,562321452
0.683152517310682,0.425895050589998,5,1,562321452
0.976147695563217,0.2604600632098,5,1,562321452
0.916375698999827,0.037711094414797,5,1,562321452
0.98734503897158,0.343588171025347,5,1,562321452
0.504768620883057,0.275464930199912,5,1,562321452
0.014764864605526,0.911329107489465,5,1,562321452
0.345077504224079,0.793099231903062,5,1,562321452
0.798521823624345,0.662081721493792,5,1,562321452
0.269235232607028,0.186666648636522,5,1,562321452
0.143536399262766,0.890579974978555,5,1,562321452
0.652849856824986,0.554238542297699,5,1,562321452
0.513926962740496,0.479997846081906,5,1,562321452
0.81231061363557,0.720476108965015,5,1,562321452
0.952594124596697,0.531937520572577,5,1,562321452
0.360585288310009,0.374307568632972,5,1,562321452
0.428201046743792,0.006279372871757,5,1,562321452
0.84510400533305,0.966787559021689,5,1,562321452
0.068198132044085,0.669630520104009,5,1,562321452
0.800694527359514,0.721098240969947,5,1,562321452
0.249236303268769,0.984116378192045,5,1,562321452
0.816354414418886,0.517784112266387,5,1,562321452
0.185258029454403,0.307517134863339,5,1,562321452
0.336715675161218,0.735695161871126,5,1,562321452
0.478750755636128,0.921259498154978,5,1,562321452
0.697378142580068,0.352746358474919,5,1,562321452
0.082092860564345,0.954531275214987,5,1,562321452
0.327857610544205,0.740483663787656,5,1,562321452
0.253616886738617,0.23079459458361,5,1,562321452
0.14671580117731,0.622580056818968,5,1,562321452
0.386961284831421,0.427231072853815,5,1,562321452
0.920508605818522,0.609767632769297,5,1,562321452
0.042475879581655,0.708160240057707,5,1,562321452
0.76151041966222,0.572344503652747,5,1,562321452
0.115892762908004,0.170230466356909,5,1,562321452
0.998741644591085,0.866278573469741,5,1,562321452
0.84216876276801,0.020188954089679,5,1,562321452
0.372647708705216,0.090062396190558,5,1,562321452
0.251351435535648,0.395295638567554,5,1,562321452
0.875847459716798,0.616856812999904,5,1,562321452
0.76851574823765,0.131953766917361,5,1,562321452
0.590689751375471,0.620093000461353,5,1,562321452
0.881263716812533,0.589886915585318,5,1,562321452
0.558926760303889,0.690586609174444,5,1,562321452
0.185974933089863,0.847201154683891,5,1,562321452
0.059633473945237,0.429349198855298,5,1,562321452
0.667940894733072,0.195927932954386,5,1,562321452
0.668572643580618,0.592665859538436,5,1,562321452
0.770711615545865,0.888151617017659,5,1,562321452
0.125524983395321,0.464640367209455,5,1,562321452
0.666428035624043,0.509583118408326,5,1,562321452
0.345674787202218,0.137292094763076,5,1,562321452
0.151609538440035,0.190449216454052,5,1,562321452
0.876961220051621,0.289421753605142,5,1,562321452
0.761810388518703,0.102824529353616,5,1,562321452
0.727376276244214,0.87284575827115,5,1,562321452
0.023755287946244,0.339041298557916,5,1,562321452
0.764509990077737,0.8382319586468,5,1,562321452
0.245008489235719,0.317569727749466,5,1,562321452
0.824214667911554,0.662652105503858,5,1,562321452
0.878927064069872,0.32076958552859,5,1,562321452
0.256079639989066,0.977099539572204,5,1,562321452
0.296593510381664,0.63317148469711,5,1,562321452
0.880478289770719,0.034602955657714,5,1,562321452
0.747619087864876,0.019454033509765,5,1,562321452
0.235269952003444,0.10820033051328,5,1,562321452
0.398153542953828,0.958041034649003,5,1,562321452
0.549809128665096,0.162919666556019,5,1,562321452
0.597132958764072,0.129250564429673,5,1,562321452
0.099734889094397,0.307046195783546,5,1,562321452
0.940742661235928,0.146185634298191,5,1,562321452
0.468083671199225,0.595338245108676,5,1,562321452
0.280267040717452,0.412063935933955,5,1,562321452
0.766589103838204,0.730487039479451,5,1,562321452
0.549943762137246,0.289442034299586,5,1,562321452
0.055602598466802,0.088998358905598,5,1,562321452
0.17913540659355,0.474797091204727,5,1,562321452
0.041888906976038,0.283806900030331,5,1,562321452
0.89707615894986,0.58618707336882,5,1,562321452
0.630621016282987,0.16831694533065,5,1,562321452
0.938647248175335,0.492218214975296,5,1,562321452
0.061219408616719,0.785195602806967,5,1,562321452
0.016079732787784,0.837306414314558,5,1,562321452
0.166250250255797,0.268128101784986,5,1,562321452
0.934178392964328,0.551226636368351,5,1,562321452
0.758418714265878,0.115877045292636,5,1,562321452
0.395606495022812,0.870202951924904,5,1,562321452
0.272762283460088,0.575370318485172,5,1,562321452
0.367965663761086,0.542298886823487,5,1,562321452
0.569470687441358,0.094175684784162,5,1,562321452
0.365850894594291,0.441626009121314,5,1,562321452
0.237328529150581,0.932602223334894,5,1,562321452
0.138755997907233,0.773896374116835,5,1,562321452
0.828597302621711,0.06180202745541,5,1,562321452
0.549650118388408,0.420102456419897,5,1,562321452
0.203223770408289,0.416628295216425,5,1,562321452
0.879240905694978,0.735615466648608,5,1,562321452
0.563582033232374,0.420638681300123,5,1,562321452
0.397385845224076,0.298751385203574,5,1,562321452
0.820526743089942,0.455515677947723,5,1,562321452
0.805808013465948,0.68586169487049,5,1,562321452
0.647355484680902,0.608308330580092,5,1,562321452
0.075218217353267,0.3392630749642,5,1,562321452
0.950348514349751,0.597283275579868,5,1,562321452
0.275140576379096,0.98982909499668,5,1,562321452
0.512874322265082,0.250804367281135,5,1,562321452
0.226183884893649,0.897823847765218,5,1,562321452
0.254619976640904,0.293544626359172,5,1,562321452
0.192196639314257,0.383565872879287,5,1,562321452
0.888325143549533,0.480466006589427,5,1,562321452
0.373688820046149,0.733768093976333,5,1,562321452
0.753469676521366,0.311385415653669,5,1,562321452
0.664098574428949,0.589907882578477,5,1,562321452
0.259684084264329,0.657578837957501,5,1,562321452
0.986927644756592,0.351738399429106,5,1,562321452
0.68222321621499,0.636757296531706,5,1,562321452
0.544464666384404,0.962060970848191,5,1,562321452
0.017663725364837,0.983882079978927,5,1,562321452
0.477760235729258,0.678135393321079,5,1,562321452
0.230055454703087,0.98266894534755,5,1,562321452
0.762713823935693,0.080613451099832,5,1,562321452
0.496078529890574,0.746263840818268,5,1,562321452
0.648577223791649,0.622638269369071,5,1,562321452
0.992326798451524,0.265455864559546,5,1,562321452
0.58287466421886,0.479760123143208,5,1,562321452
0.358659848271052,0.178925585360099,5,1,562321452
0.360685561300223,0.325577413274747,5,1,562321452
0.218634950109545,0.66240988248748,5,1,562321452
0.186430234694445,0.928518781892141,5,1,562321452
0.041351981486736,0.18229717787891,5,1,562321452
0.442745260496339,0.14194043918038,5,1,562321452
0.188613025305757,0.114049899487582,5,1,562321452
0.223729641432032,0.942720892104361,5,1,562321452
0.207120392887142,0.386983559832644,5,1,562321452
0.108788692569007,0.662792464680892,5,1,562321452
0.297505621944313,0.384314942010544,5,1,562321452
0.228497841244636,0.453557230782061,5,1,562321452
0.420303416513176,0.301024468834607,5,1,562321452
0.40535363229007,0.324892619974076,5,1,562321452
0.683554042699392,0.041960828151811,5,1,562321452
0.03997478440118,0.808460047642867,5,1,562321452
0.497538634682128,0.528748444671006,5,1,562321452
0.457261341120855,0.409287196031994,5,1,562321452
0.479221651613968,0.976441722226374,5,1,562321452
0.627215247382254,0.530102910366044,5,1,562321452
0.242295280132995,0.299502163340402,5,1,562321452
0.531570985414651,0.47966136032024,5,1,562321452
0.018291049788708,0.311557740416278,5,1,562321452
0.960080505154515,0.509299464648718,5,1,562321452
0.520043753534164,0.794536665357303,5,1,562321452
0.189241436744875,0.561230344136948,5,1,562321452
0.580863820098996,0.830150056386437,5,1,562321452
0.821453279286452,0.557582283227537,5,1,562321452
0.881093663805201,0.010331601252572,5,1,562321452
0.044031907445472,0.610951366996561,5,1,562321452
0.50829466748695,0.273124452850126,5,1,562321452
0.705206850610565,0.495243309572013,5,1,562321452
0.188131504406506,0.146638516620491,5,1,562321452
0.898172714262593,0.079837775824963,5,1,562321452
0.770090518501918,0.12608477543033,5,1,562321452
0.194460033525012,0.200616854338136,5,1,562321452
0.955489469906133,0.757524783932885,5,1,562321452
0.274337079311684,0.61815625460904,5,1,562321452
0.314806563098513,0.756857719086048,5,1,562321452
0.464648922991491,0.296386553430959,5,1,562321452
0.357176190701419,0.153699240723065,5,1,562321452
0.613445656119824,0.224288798334115,5,1,562321452
0.786969943926702,0.01718956153413,5,1,562321452
0.80594686545327,0.398697432029261,5,1,562321452
0.110701195678498,0.794400806083862,5,1,562321452
0.657834757002665,0.388040329204072,5,1,562321452
0.44206242792249,0.671896877432781,5,1,562321452
0.309563765895803,0.10485456537736,5,1,562321452
0.693723903039119,0.657131351149343,5,1,562321452
0.789319559773866,0.029173522317726,5,1,562321452
0.341593741459791,0.268752048922973,5,1,562321452
0.112455996009325,0.145389249729206,5,1,562321452
0.600558673406337,0.823514013548096,5,1,562321452
0.341683605312522,0.281951741148022,5,1,562321452
0.160296061956402,0.312384630267846,5,1,562321452
0.844978395655484,0.376274196601546,5,1,562321452
0.595566986208831,0.769558298552906,5,1,562321452
0.157125871437045,0.426471746855138,5,1,562321452
0.187471712273125,0.855480402915884,5,1,562321452
0.176009133408497,0.537068745677687,5,1,562321452
0.170468131894379,0.098613164365288,5,1,562321452
0.90619657814881,0.517566955120232,5,1,562321452
0.35452473706348,0.870558932858784,5,1,562321452
0.600079164242049,0.950775810684342,5,1,562321452
0.66259966723676,0.705289292698659,5,1,562321452
0.940752912836482,0.512062941783794,5,1,562321452
0.370707848619486,0.015610878013937,5,1,562321452
0.861037325803896,0.591191188504595,5,1,562321452
0.741158601603522,0.608631958165463,5,1,562321452
0.699466240286255,0.945166231745663,5,1,562321452
0.299115980164524,0.656876535505275,5,1,562321452
0.656782222753543,0.19352692349777,5,1,562321452
0.218455120242435,0.94282543686171,5,1,562321452
0.935411621010481,0.456767513617143,5,1,562321452
0.154957628664935,0.262046735011367,5,1,562321452
0.519592290782229,0.334089886280442,5,1,562321452
0.393209462276763,0.843710688029196,5,1,562321452
0.285271254893985,0.718440709463025,5,1,562321452
0.358135336870083,0.527167292383047,5,1,562321452
0.016585361153948,0.654796715046985,5,1,562321452
0.382923677510805,0.219397003319721,5,1,562321452
0.949682785429251,0.561919213487327,5,1,562321452
0.122166489201958,0.850528405370921,5,1,562321452
0.664838722505972,0.65830643514611,5,1,562321452
0.15235927461661,0.643249290486338,5,1,562321452
0.504264074089185,0.359830319218605,5,1,562321452
0.111475629643017,0.016820093906346,5,1,562321452
0.205701142308627,0.749552091256285,5,1,562321452
0.195152164428327,0.857532110709042,5,1,562321452
0.110845313053423,0.959469081993435,5,1,562321452
0.94908966250784,0.204834999720995,5,1,562321452
0.132828030987312,0.449452372600361,5,1,562321452
0.075595918365715,0.625991547784078,5,1,562321452
0.648440018781678,0.720393344099076,5,1,562321452
0.406767226203708,0.681999863815426,5,1,562321452
0.618471054644311,0.956584856114954,5,1,562321452
0.287624812768465,0.923656542474316,5,1,562321452
0.533485960914577,0.456620327458289,5,1,562321452
0.359593191083737,0.799016825198438,5,1,562321452
0.232553267624692,0.482601870366643,5,1,562321452
0.138027865427385,0.702140554183054,5,1,562321452
0.248887442335641,0.33420697570277,5,1,562321452
0.837069891872621,0.14789583705588,5,1,562321452
0.099061242227181,0.037170165546268,5,1,562321452
0.610925044521462,0.718724907577217,5,1,562321452
0.851390066831232,0.024994562276849,5,1,562321452
0.752736157527368,0.996659425727071,5,1,562321452
0.38428531895837,0.588215921324628,5,1,562321452
0.420536818993948,0.167505423929765,5,1,562321452
0.976819268621087,0.667299217426708,5,1,562321452
0.144345443539244,0.364001096098096,5,1,562321452
0.261439193860851,0.773256151240976,5,1,562321452
0.709278744666542,0.100882882694024,5,1,562321452
0.112713822152664,0.434329449510316,5,1,562321452
0.006634241298025,0.347178646043031,5,1,562321452
0.746190286688568,0.587597640526855,5,1,562321452
0.098211532418486,0.879679337762836,5,1,562321452
0.157885703289445,0.761112008009516,5,1,562321452
0.048712121678846,0.566423432752039,5,1,562321452
0.047631815887352,0.725185005027884,5,1,562321452
0.046878777017414,0.140160930782776,5,1,562321452
0.538437483033538,0.530707320141669,5,1,562321452
0.958104550219836,0.839147173952356,5,1,562321452
0.329228225319608,0.497878777158037,5,1,562321452
0.729562859983973,0.016248771490944,5,1,562321452
0.399768304537749,0.770495632385449,5,1,562321452
0.003479838501412,0.447227289608212,5,1,562321452
0.024264806734725,0.508945039493815,5,1,562321452
0.884990646283513,0.605199071336932,5,1,562321452
0.644100123736366,0.659315275082698,5,1,562321452
0.058091495755287,0.610652076533061,5,1,562321452
0.100333066066641,0.506537608800379,5,1,562321452
0.346520166229713,0.915033839587178,5,1,562321452
0.833055092986472,0.896234278288498,5,1,562321452
0.375966935532135,0.030807116380924,5,1,562321452
0.917383087342058,0.092954238942999,5,1,562321452
0.209839447908008,0.782003052502816,5,1,562321452
0.224815447674066,0.73173640685408,5,1,562321452
0.702874255941387,0.616683814569466,5,1,562321452
0.573873749376742,0.215447987036909,5,1,562321452
0.845208862867054,0.496360193384089,5,1,562321452
0.465397199859903,0.212103073882702,5,1,562321452
0.554097966335708,0.757291895284696,5,1,562321452
0.885552727046243,0.61437490581512,5,1,562321452
0.211278113133169,0.124731649389369,5,1,562321452
0.703568887160617,0.437772327203024,5,1,562321452
0.741055133084475,0.753556355239139,5,1,562321452
0.391396722526542,0.654459616349214,5,1,562321452
0.177509274450079,0.767361900174722,5,1,562321452
0.148946479774368,0.886456047625116,5,1,562321452
0.478782973770998,0.272980902499042,5,1,562321452
0.031243970049654,0.214959588826545,5,1,562321452
0.812236867336696,0.238515259933562,5,1,562321452
0.342795999320384,0.101796859097441,5,1,562321452
0.656329439513025,0.940358554415828,5,1,562321452
0.389649586229575,0.564509707870609,5,1,562321452
0.843396691240224,0.908315727902725,5,1,562321452
0.661074632026664,0.298345628759638,5,1,562321452
0.102077807290696,0.427810832381482,5,1,562321452
0.650495504029798,0.396428315186463,5,1,562321452
0.748953938891918,0.694305880277846,5,1,562321452
0.819242106002058,0.683641183669296,5,1,562321452
0.926036516507678,0.657436935248242,5,1,562321452
0.656886016913196,0.450265762125572,5,1,562321452
0.184062735924702,0.441006529967735,5,1,562321452
0.398373286490341,0.548173248857432,5,1,562321452
0.271125785759724,0.979853964053836,5,1,562321452
0.720860067748477,0.39537704493156,5,1,562321452
0.701987511101283,0.175757975371921,5,1,562321452
0.662103125543142,0.424009972720542,5,1,562321452
0.055491908760233,0.441909497936238,5,1,562321452
0.077451972115669,0.90229959251417,5,1,562321452
0.975817992034667,0.979124139927968,5,1,562321452
0.183935627814519,0.862871215767286,5,1,562321452
0.537880638737204,0.506847809946042,5,1,562321452
0.127631211395953,0.077717354829801,5,1,562321452
0.978008924653712,0.45814111651673,5,1,562321452
0.054447678341369,0.634428961277086,5,1,562321452
0.788101014736579,0.840210940684017,5,1,562321452
0.864653111948174,0.688792746003656,5,1,562321452
0.8247757077986,0.060691142800662,5,1,562321452
0.687919118341005,0.395615867426525,5,1,562321452
0.394610599562093,0.024755866317895,5,1,562321452
0.128351351231135,0.852647374205066,5,1,562321452
0.242377197661049,0.719283305516513,5,1,562321452
0.497920503485956,0.131723654716946,5,1,562321452
0.991253773359296,0.317669075763497,5,1,562321452
0.581903488775827,0.116773000652271,5,1,562321452
0.862317029916343,0.562522260567856,5,1,562321452
0.961389461300722,0.9200719384772,5,1,562321452
0.43518385140817,0.813359652023215,5,1,562321452
0.555601140869543,0.10615396523206,5,1,562321452
0.802494662107934,0.682546080674247,5,1,562321452
0.840727089591151,0.817029431242947,5,1,562321452
0.718000766989552,0.625112418336121,5,1,562321452
0.152155482765944,0.16288221563674,5,1,562321452
0.24133729786719,0.19671479309396,5,1,562321452
0.583445811740043,0.919168191841673,5,1,562321452
0.942135154945028,0.948881998263552,5,1,562321452
0.258069958053369,0.654046274361364,5,1,562321452
0.941944022188892,0.091830443505602,5,1,562321452
0.168899452776836,0.899332674621496,5,1,562321452
0.944510390530986,0.122509253506904,5,1,562321452
0.355610931149506,0.873675407123592,5,1,562321452
0.933273540313076,0.589170300719629,5,1,562321452
0.921627346935733,0.568404337609291,5,1,562321452
0.399513709759124,0.04364156697967,5,1,562321452
0.279907752772789,0.714520259993856,5,1,562321452
0.805406439651875,0.018614254371896,5,1,562321452
0.060843337467682,0.263543451277496,5,1,562321452
0.483307511338701,0.559637637718331,5,1,562321452
0.31571362255916,0.535451027632553,5,1,562321452
0.325913479070667,0.440147640290649,5,1,562321452
0.00560101003399,0.113689157277796,5,1,562321452
0.431512450700565,0.692738724540703,5,1,562321452
0.278358100276342,0.90025478500037,5,1,562321452
0.334361115534836,0.501020895866392,5,1,562321452
0.705166579240523,0.483099098446052,5,1,562321452
0.572293150546755,0.813786952882306,5,1,562321452
0.473422970179262,0.113612635156537,5,1,562321452
0.121985452056477,0.266847153456158,5,1,562321452
0.514130419462995,0.143709825898879,5,1,562321452
0.66687825016442,0.127772495059472,5,1,562321452
0.679672436618624,0.730038730194212,5,1,562321452
0.75356592871107,0.014919062392904,5,1,562321452
0.381788696775184,0.977099311976832,5,1,562321452
0.639545491287989,0.084490424654271,5,1,562321452
0.549768930763168,0.46156158695978,5,1,562321452
0.038529873603215,0.228026163698405,5,1,562321452
0.375326189988144,0.256832648194706,5,1,562321452
0.029103689408209,0.577588869005472,5,1,562321452
0.073305782219116,0.159929508736134,5,1,562321452
0.108319436717143,0.277053892003536,5,1,562321452
0.80633175016166,0.811972428317286,5,1,562321452
0.743902251059064,0.045289223247697,5,1,562321452
0.996688147166041,0.799121212539533,5,1,562321452
0.80705177766193,0.530645685236484,5,1,562321452
0.480177374837305,0.622534858468144,5,1,562321452
0.952399959321337,0.836060385159127,5,1,562321452
0.34439332013278,0.633942720701464,5,1,562321452
0.352504082401192,0.880209284033384,5,1,562321452
0.837792487915386,0.647672908125294,5,1,562321452
0.191324097855762,0.452527468786105,5,1,562321452
0.436141485756526,0.960492100672871,5,1,562321452
0.974454585450996,0.918548455562758,5,1,562321452
0.009364289666425,0.937367819582805,5,1,562321452
0.023450972602843,0.53689688904977,5,1,562321452
0.044508670948039,0.154273059568075,5,1,562321452
0.487410628743369,0.260401588796689,5,1,562321452
0.049495760348869,0.328410103467641,5,1,562321452
0.827039519860481,0.711178714887326,5,1,562321452
0.587512588727685,0.911738671911966,5,1,562321452
0.004755358322256,0.743168105347468,5,1,562321452
0.873352397990534,0.275451360242591,5,1,562321452
0.548948754402695,0.635487594537214,5,1,562321452
0.500703037297692,0.871046612186245,5,1,562321452
0.251343933607104,0.496104319167177,5,1,562321452
0.663329013035146,0.61790819684559,5,1,562321452
0.50347078360346,0.897703619907358,5,1,562321452
0.183287895792604,0.03780699927492,5,1,562321452
0.181580947248457,0.1162696221737,5,1,562321452
0.765767652960895,0.33349939213176,5,1,562321452
0.548910163580699,0.597774321877055,5,1,562321452
0.162825910886766,0.691604216954278,5,1,562321452
0.860009833453221,0.439504442836117,5,1,562321452
0.347258255243861,0.57919761752139,5,1,562321452
0.223941256269237,0.739938857997877,5,1,562321452
0.373017799988545,0.699073869681584,5,1,562321452
0.811445761638287,0.644721190059113,5,1,562321452
0.330052915508707,0.570376918674244,5,1,562321452
0.675774668911534,0.796156083633043,5,1,562321452
0.689126664034455,0.409316200574838,5,1,562321452
0.2976833967872,0.679789532541783,5,1,562321452
0.376125197876141,0.098937406154458,5,1,562321452
0.462163905883812,0.054017232724513,5,1,562321452
0.11555904934836,0.557427138288417,5,1,562321452
0.227810434772709,0.247297024784813,5,1,562321452
0.93940575432916,0.741188010729102,5,1,562321452
0.559283664523654,0.612424906677833,5,1,562321452
0.270137867645776,0.851928351830986,5,1,562321452
0.659158435580899,0.838466541680119,5,1,562321452
0.655725523645378,0.056269026936172,5,1,562321452
0.15751104643774,0.138319209312709,5,1,562321452
0.059598506197862,0.171877308667175,5,1,562321452
0.095922048964262,0.55351171912143,5,1,562321452
0.589997441441328,0.325895278213343,5,1,562321452
0.077140706173864,0.747732808325706,5,1,562321452
0.690839389389179,0.54943902062319,5,1,562321452
0.0424780884042,0.696711542194942,5,1,562321452
0.110168565175393,0.636201411156404,5,1,562321452
0.886065439703875,0.624455470640414,5,1,562321452
0.412458003308847,0.363700227068702,5,1,562321452
0.51843537654693,0.38448561366466,5,1,562321452
0.407473120972154,0.352470472573671,5,1,562321452
0.051453286755776,0.239590112861801,5,1,562321452
0.631104039489945,0.421507677543448,5,1,562321452
0.492446929752017,0.654750894134249,5,1,562321452
0.93251821965263,0.287527135344276,5,1,562321452
0.707452507880584,0.285280862056033,5,1,562321452
0.29718054277692,0.851111389960741,5,1,562321452
0.441815561379696,0.8158416477657,5,1,562321452
0.266733382132531,0.114576451075141,5,1,562321452
0.870955666754373,0.685894996709122,5,1,562321452
0.704424399060886,0.984394568908077,5,1,562321452
0.494924121278909,0.023273556299992,5,1,562321452
0.198714958471348,0.825270009654594,5,1,562321452
0.187453902929617,0.299939583460635,5,1,562321452
0.097897725865406,0.653471022924141,5,1,562321452
0.863521845982997,0.322633236071137,5,1,562321452
0.024996975615155,0.283780152729446,5,1,562321452
0.539013020417042,0.175994284585087,5,1,562321452
0.734920808618641,0.577431623711344,5,1,562321452
0.521897806106981,0.646874694453512,5,1,562321452
0.344779326752591,0.177663800828503,5,1,562321452
0.096402201640612,0.475941591401478,5,1,562321452
0.293478480870596,0.765020832427728,5,1,562321452
0.339972768991169,0.506303535750764,5,1,562321452
0.868144814975183,0.91629714465638,5,1,562321452
0.647406919992787,0.428775504098181,5,1,562321452
0.772630732852376,0.109024724258665,5,1,562321452
0.127340917570434,0.359530609428379,5,1,562321452
0.007296388844533,0.277662261091688,5,1,562321452
0.283357061698373,0.92827024842979,5,1,562321452
0.279458962348432,0.598151722676675,5,1,562321452
0.295292408237801,0.903675947951116,5,1,562321452
0.270345240641952,0.854267150282602,5,1,562321452
0.775901867466988,0.63779007212485,5,1,562321452
0.347079255775749,0.822187109511371,5,1,562321452
0.093848141626427,0.772104724380298,5,1,562321452
0.727181797807051,0.598980351231448,5,1,562321452
0.226062369366343,0.715521286778006,5,1,562321452
0.678253673856708,0.696202887316295,5,1,562321452
0.630838079255924,0.377975816221825,5,1,562321452
0.066960390099571,0.021561043665448,5,1,562321452
0.817593253771328,0.523408037649733,5,1,562321452
0.45913096703245,0.579604008000576,5,1,562321452
0.130054085086332,0.891885011153724,5,1,562321452
0.016728781075368,0.836666769611311,5,1,562321452
