0.756684818370523,0.933072900091961,5,1,562321452
0.637648000477306,0.215792194034897,5,1,562321452
0.135509004905293,0.591883374068865,5,1,562321452
0.140734158524118,0.114118840555209,5,1,562321452
0.730036574105514,0.092003658362905,5,1,562321452
0.811122963683831,0.168228775981644,5,1,562321452
0.618832701821432,0.074152565192507,5,1,562321452
0.289936556392811,0.232207749870329,5,1,562321452
0.463333733719328,0.763287238889512,5,1,562321452
0.617571845644652,0.678677690702317,5,1,562321452
0.196836619228441,0.062618053393387,5,1,562321452
0.221261012269968,0.18481918538478,5,1,562321452
0.212157698205133,0.60217257842395,5,1,562321452
0.775279168644321,0.123409892628737,5,1,562321452
0.916278103602948,0.805781515259113,5,1,562321452
0.156119902341219,0.043162045350626,5,1,562321452
0.267361998898339,0.982743019172947,5,1,562321452
0.165154543643748,0.49315041930867,5,1,562321452
0.312855678521056,0.299053907946986,5,1,562321452
0.297736303405763,0.622879939305902,5,1,562321452
0.80694463513989,0.237980093302773,5,1,562321452
0.600405898709374,0.572549490272277,5,1,562321452
0.70146647990489,0.820870051895556,5,1,562321452
0.576800129338154,0.657327107703818,5,1,562321452
0.676448406814929,0.426499445360869,5,1,562321452
0.178061055228371,0.744958574956203,5,1,562321452
0.904757096038096,0.520866367870251,5,1,562321452
0.14498777982622,0.027790115141153,5,1,562321452
0.929920308354487,0.989240628357058,5,1,562321452
0.356868630021905,0.598293084403196,5,1,562321452
0.876999283131955,0.048402790692904,5,1,562321452
0.385877086022467,0.851436735347749,5,1,562321452
0.213461158821274,0.90939142518779,5,1,562321452
0.156109453810003,0.757762704430458,5,1,562321452
0.93032150940842,0.459710168852377,5,1,562321452
0.46278826858803,0.477772972987195,5,1,562321452
0.323396869943374,0.238828632312017,5,1,562321452
0.119850117439404,0.621250481092234,5,1,562321452
0.52032771652534,0.891944418215275,5,1,562321452
0.673082581007822,0.694389752189324,5,1,562321452
0.52110260867329,0.104355920109269,5,1,562321452
0.94116948615067,0.923122383934998,5,1,562321452
0.798134571685154,0.74242865707755,5,1,562321452
0.128449718734374,0.692780403129116,5,1,562321452
0.436510950662337,0.557020535465158,5,1,562321452
0.89088966663604,0.302247973582996,5,1,562321452
0.385858457691278,0.341364538621948,5,1,562321452
0.530715033739682,0.595010051889539,5,1,562321452
0.642335378085387,0.877789647279406,5,1,562321452
0.445342617341611,0.300013996010076,5,1,562321452
0.082583258226643,0.35629419428659,5,1,562321452
0.062698432244686,0.592018559012989,5,1,562321452
0.23104040447047,0.202868048287552,5,1,562321452
0.757703685599642,0.46411176100353,5,1,562321452
0.45784058049937,0.416593743339327,5,1,562321452
0.66365530230167,0.994337776702723,5,1,562321452
0.97658953840721,0.581938006440849,5,1,562321452
0.867423180088178,0.483879776998617,5,1,562321452
0.539633330969008,0.6962799237242,5,1,562321452
0.208831579967234,0.746004762628377,5,1,562321452
0.913002182524078,0.832602792971014,5,1,562321452
0.792287493171802,0.53298274565864,5,1,562321452
0.054033846714077,0.44341095593682,5,1,562321452
0.362663755226543,0.202451951264953,5,1,562321452
0.411751163896188,0.804315194474377,5,1,562321452
0.897640740059661,0.245208231917049,5,1,562321452
0.923388325168769,0.694362785213088,5,1,562321452
0.125154935479264,0.223155659949046,5,1,562321452
0.090031448381226,0.915071947546236,5,1,562321452
0.187298392081688,0.999162358725623,5,1,562321452
0.980158076786732,0.661262149064181,5,1,562321452
0.340958758675134,0.879824146648547,5,1,562321452
0.131932115024858,0.074155664070289,5,1,562321452
0.410683923173217,0.437645581454855,5,1,562321452
0.103429574327785,0.530857637793959,5,1,562321452
0.69070178962183,0.330906514673179,5,1,562321452
0.854542031274483,0.354205386859615,5,1,562321452
0.130719969220663,0.397489853937705,5,1,562321452
0.235123920183027,0.663110023668393,5,1,562321452
0.934076184102487,0.663203554662256,5,1,562321452
0.601021103977022,0.025896829664024,5,1,562321452
0.147005160919497,0.675638650884787,5,1,562321452
0.982937534070842,0.427782884812114,5,1,562321452
0.424233336281943,0.751361975539209,5,1,562321452
0.292668031187332,0.818513985132633,5,1,562321452
0.918807645509443,0.307250689275551,5,1,562321452
0.767044794277981,0.167315253987101,5,1,562321452
0.163010346193111,0.436033181824488,5,1,562321452
0.222015900771711,0.519692879074989,5,1,562321452
0.882407031732829,0.281608969915743,5,1,562321452
0.717594382624137,0.024257027755982,5,1,562321452
0.916520060035456,0.571477818028387,5,1,562321452
0.918986776899941,0.27761907265323,5,1,562321452
0.807315497709553,0.871616257437178,5,1,562321452
0.780030103577111,0.62154875442623,5,1,562321452
0.160636154998533,0.74339742377992,5,1,562321452
0.172136851378306,0.2189599963224,5,1,562321452
0.585909624711229,0.002658076037716,5,1,562321452
0.735267875542926,0.833926782146917,5,1,562321452
0.875904535432627,0.707774234148776,5,1,562321452
0.537022906036283,0.245813322270636,5,1,562321452
0.101004240420356,0.336614823525234,5,1,562321452
0.091759702010875,0.138735348301383,5,1,562321452
0.461412296012615,0.851500759389134,5,1,562321452
0.913721774878044,0.12495280935363,5,1,562321452
0.065899201357739,0.99680399900708,5,1,562321452
0.0564763876331,0.284426315896009,5,1,562321452
0.287145362254878,0.225580007198999,5,1,562321452
0.025533827882936,0.232652715516383,5,1,562321452
0.981430688636629,0.109633751908039,5,1,562321452
0.041839635555321,0.26502856277155,5,1,562321452
0.654366131088645,0.951677840162807,5,1,562321452
0.880901829889978,0.568372025432137,5,1,562321452
0.604558177694824,0.58874923194603,5,1,562321452
0.415635358133542,0.838867557973849,5,1,562321452
0.183542497513054,0.052808428328528,5,1,562321452
0.550576338011549,0.900579864022971,5,1,562321452
0.573018171875458,0.837452880693346,5,1,562321452
0.450939053420205,0.079816780933119,5,1,562321452
0.899359314369821,0.008934654665443,5,1,562321452
0.842058909054928,0.158003291437903,5,1,562321452
0.080576255388479,0.295179704768403,5,1,562321452
0.683084714476147,0.699362121285625,5,1,562321452
0.532343648911088,0.588263904362617,5,1,562321452
0.703354496463703,0.429578574481488,5,1,562321452
0.747408384160202,0.003809274782822,5,1,562321452
0.130708429365638,0.127760549908514,5,1,562321452
0.806635054555683,0.755021162769454,5,1,562321452
0.438064077289696,0.186387465344883,5,1,562321452
0.080142888146555,0.619595125010375,5,1,562321452
0.087897878120561,0.592574221353365,5,1,562321452
0.733432124655803,0.704480262720298,5,1,562321452
0.063848866355701,0.588859575181792,5,1,562321452
0.166094438893512,0.546493215946231,5,1,562321452
0.444479100597813,0.682861260996299,5,1,562321452
0.179646479612144,0.32603490057067,5,1,562321452
0.39629740398882,0.992521993401654,5,1,562321452
0.496221001434931,0.116670544504961,5,1,562321452
0.741471719164268,0.137304791971,5,1,562321452
0.231295729830959,0.645090105224892,5,1,562321452
0.690226792528324,0.015577635103249,5,1,562321452
0.061335255279287,0.99397524365078,5,1,562321452
0.41874384857235,0.844560881507778,5,1,562321452
0.121166170980311,0.044556129659993,5,1,562321452
0.920449017810523,0.781593489872834,5,1,562321452
0.116101779246995,0.226149218955569,5,1,562321452
0.96189794401577,0.294107162910697,5,1,562321452
0.740277059512794,0.316725382170416,5,1,562321452
0.034034174726969,0.200579799884565,5,1,562321452
0.255350941017433,0.621564835241522,5,1,562321452
0.905418976190675,0.965873162973195,5,1,562321452
0.002677113153279,0.846314016661132,5,1,562321452
0.756101257386983,0.401741795012732,5,1,562321452
0.697241032016519,0.37626664864989,5,1,562321452
0.899115759668672,0.396933621677631,5,1,562321452
0.583105017263742,0.475449328204903,5,1,562321452
0.781168265925602,0.681184945838352,5,1,562321452
0.917799759867302,0.127099838853701,5,1,562321452
0.294887441805163,0.913545975540231,5,1,562321452
0.797044782949403,0.851384163409376,5,1,562321452
0.432092357543181,0.577855056785817,5,1,562321452
0.031376467671077,0.856705912072832,5,1,562321452
0.960845553806345,0.266813447909051,5,1,562321452
0.642707491949072,0.307719618469605,5,1,562321452
0.118631890675275,0.940994570054088,5,1,562321452
0.561536140187412,0.326167664885438,5,1,562321452
0.279823430012668,0.6602548505212,5,1,562321452
0.274470490240765,0.579917390913879,5,1,562321452
0.177661082428457,0.10239614180782,5,1,562321452
0.496926543828848,0.961084195560956,5,1,562321452
0.539304134629549,0.907562204350826,5,1,562321452
0.427305394042143,0.905882722642343,5,1,562321452
0.927068822706908,0.516734838941161,5,1,562321452
0.776649910715974,0.366857319609332,5,1,562321452
0.16979793455335,0.708827902452287,5,1,562321452
0.561726066994374,0.31239969514704,5,1,562321452
0.015372849453158,0.483260323353397,5,1,562321452
0.59967017843248,0.89897069036176,5,1,562321452
0.53870092691,0.283522113048087,5,1,562321452
0.748787924758398,0.138199494137902,5,1,562321452
0.399080418645879,0.812129917563793,5,1,562321452
0.202786994560229,0.964042899321178,5,1,562321452
0.256665777997873,0.848501944400314,5,1,562321452
0.564669703460442,0.094443546024361,5,1,562321452
0.529826934248451,0.548664238979768,5,1,562321452
0.001708145834472,0.977435611228662,5,1,562321452
0.203515757569213,0.679333807322638,5,1,562321452
0.514369010962877,0.413402165828829,5,1,562321452
0.583323530190148,0.118806378602117,5,1,562321452
0.239751077106841,0.153198314057781,5,1,562321452
0.730733837255,0.74320974436298,5,1,562321452
0.754042998562933,0.886110432717219,5,1,562321452
0.812145062123094,0.509065961304154,5,1,562321452
0.53870536112194,0.552130552618502,5,1,562321452
0.74755744847168,0.141739392481888,5,1,562321452
0.131525092115748,0.83978234250469,5,1,562321452
0.354389672400195,0.344229205029507,5,1,562321452
0.996386747042256,0.063743233433319,5,1,562321452
0.64771052705363,0.851898713335202,5,1,562321452
0.814549470361569,0.355764513737517,5,1,562321452
0.080241155049183,0.976116502309962,5,1,562321452
0.725414656177796,0.247900011128227,5,1,562321452
0.283804103051449,0.503416569390156,5,1,562321452
0.026214102793689,0.278810563764511,5,1,562321452
0.308465410847862,0.946668574392853,5,1,562321452
0.977743775206903,0.21192021734132,5,1,562321452
0.446436444541744,0.180880749370091,5,1,562321452
0.657214027396384,0.818457751773844,5,1,562321452
0.474872301232078,0.43864240100444,5,1,562321452
0.249481637696414,0.948924290237594,5,1,562321452
0.555024319362329,0.48884421578312,5,1,562321452
0.774375673138838,0.793286744438391,5,1,562321452
0.084773975074662,0.577198385820691,5,1,562321452
0.010522702646577,0.813203277391434,5,1,562321452
0.517396361266755,0.368213319590939,5,1,562321452
0.29502392990605,0.81884606389254,5,1,562321452
0.531471133529049,0.695659744605085,5,1,562321452
0.953530947528745,0.058393466982909,5,1,562321452
0.965179888345241,0.402198926136503,5,1,562321452
0.346712733499842,0.990022200343448,5,1,562321452
0.612798269722942,0.928725672942405,5,1,562321452
0.906801566497673,0.614237444397888,5,1,562321452
0.322012480580905,0.600111802505959,5,1,562321452
0.081850905643836,0.858636926687949,5,1,562321452
0.827759296341651,0.746419213472878,5,1,562321452
0.805533590080749,0.527712800541431,5,1,562321452
0.411609522827323,0.897283307301129,5,1,562321452
0.966754143285392,0.757052760185205,5,1,562321452
0.785284858656777,0.292051401907423,5,1,562321452
0.366044084081209,0.744309811306226,5,1,562321452
0.56271884871297,0.859393142779852,5,1,562321452
0.814654502247615,0.768568071303385,5,1,562321452
0.307142217048686,0.637482589376586,5,1,562321452
0.357455736547086,0.155239262351468,5,1,562321452
0.417993997232372,0.32948486016319,5,1,562321452
0.082198753812164,0.895383030659631,5,1,562321452
0.057029510668473,0.318962572547995,5,1,562321452
0.615388781115599,0.086351701381023,5,1,562321452
0.903817061067324,0.005950647098831,5,1,562321452
0.198966653812144,0.224917514191989,5,1,562321452
0.777885129825677,0.766830391812025,5,1,562321452
0.192188536593484,0.654549374032682,5,1,562321452
0.068102511738139,0.189766691576683,5,1,562321452
0.949540599673384,0.14526226924126,5,1,562321452
0.469443792680622,0.4923554215199,5,1,562321452
0.288219771853324,0.667472088314447,5,1,562321452
0.743113271200932,0.189260152097123,5,1,562321452
0.177657647928153,0.910544826759921,5,1,562321452
0.088070389103754,0.145000754134979,5,1,562321452
0.858759391973196,0.992238256249047,5,1,562321452
0.24032022872638,0.120689169948926,5,1,562321452
0.331975449595993,0.106991007840621,5,1,562321452
0.600902956312862,0.803390077598346,5,1,562321452
0.041018364127053,0.569022350212073,5,1,562321452
0.534336375818411,0.092917258871118,5,1,562321452
0.622983143010956,0.820463621540148,5,1,562321452
0.476335946008095,0.113259651266481,5,1,562321452
0.795824341900267,0.495250015174341,5,1,562321452
0.642957108185566,0.014462889557613,5,1,562321452
0.810588530521917,0.556259358653542,5,1,562321452
0.942875110362763,0.135676199742516,5,1,562321452
0.408496226912698,0.856192171191411,5,1,562321452
0.16033748754386,0.511206118368927,5,1,562321452
0.891912675502818,0.211945321952053,5,1,562321452
0.59839517404042,0.018802292705961,5,1,562321452
0.743441761345282,0.227739220691012,5,1,562321452
0.150338109121448,0.693032921247644,5,1,562321452
0.208823477067484,0.654016324199511,5,1,562321452
0.20183162704678,0.856490186524593,5,1,562321452
0.39700968082514,0.027136732154196,5,1,562321452
0.857070613513071,0.757699074751336,5,1,562321452
0.744739113056724,0.699154208196275,5,1,562321452
0.729337842839883,0.346985762808616,5,1,562321452
0.143127305198364,0.13746379669737,5,1,562321452
0.939674317391242,0.670194267551366,5,1,562321452
0.630232662823205,0.550870491528688,5,1,562321452
0.026938774550679,0.115023338525105,5,1,562321452
0.316255223305348,0.481635227985333,5,1,562321452
0.188354681347169,0.40588799373862,5,1,562321452
0.126969612495072,0.992313597723776,5,1,562321452
0.641712456089171,0.810593005184587,5,1,562321452
0.026190001441892,0.471709092555127,5,1,562321452
0.928715722667745,0.495738619089762,5,1,562321452
0.609508637822419,0.886021849827264,5,1,562321452
0.663530613142359,0.347661472883465,5,1,562321452
0.349246340652943,0.509280480210503,5,1,562321452
0.571416696440816,0.861846404225263,5,1,562321452
0.314497806871815,0.781403450851738,5,1,562321452
0.659389648092036,0.896127890449586,5,1,562321452
0.890349843510204,0.962743158029004,5,1,562321452
0.014185011234027,0.181632300495873,5,1,562321452
0.876796828641,0.680724947487981,5,1,562321452
0.03236314739647,0.4902956547276,5,1,562321452
0.360571659058274,0.297199905882751,5,1,562321452
0.853216201928362,0.268923250374738,5,1,562321452
0.922056990670058,0.264389036447878,5,1,562321452
0.387207182914621,0.367141702603127,5,1,562321452
0.064636323042755,0.282803333477138,5,1,562321452
0.610992560873222,0.210225577223827,5,1,562321452
0.235289642689162,0.126283306689455,5,1,562321452
0.734649786684905,0.397664306252974,5,1,562321452
0.442934054654399,0.457307775642833,5,1,562321452
0.437551108383142,0.244467650697291,5,1,562321452
0.274954936434453,0.81998100786045,5,1,562321452
0.616395729076144,0.224590813066349,5,1,562321452
0.062568461824278,0.268614132940527,5,1,562321452
0.992232913524895,0.624493002868483,5,1,562321452
0.052101641419222,0.766575043330212,5,1,562321452
0.482877882965157,0.969726447581855,5,1,562321452
0.701971400591805,0.573088544886472,5,1,562321452
0.462944408962207,0.948585103695001,5,1,562321452
0.644089620132086,0.324926658125931,5,1,562321452
0.905786341111516,0.624225534928851,5,1,562321452
0.423615888426512,0.415436233867009,5,1,562321452
0.929962241420246,0.700305261481129,5,1,562321452
0.862425998516181,0.575109729570356,5,1,562321452
0.16527590126211,0.563740427029471,5,1,562321452
0.986746874357447,0.854808836968909,5,1,562321452
0.970900110061122,0.954341135014324,5,1,562321452
0.03592603728701,0.528087702717425,5,1,562321452
0.688241930379586,0.990332363289636,5,1,562321452
0.473128323122577,0.71340871488617,5,1,562321452
0.02123240708041,0.941820699194619,5,1,562321452
0.334076733750264,0.874191004822929,5,1,562321452
0.299722539292769,0.82562105643301,5,1,562321452
0.973853446795395,0.454781418639638,5,1,562321452
0.336339406889694,0.864045403171195,5,1,562321452
0.176504808237471,0.915238172630274,5,1,562321452
0.562681874594223,0.384232784931943,5,1,562321452
0.307123984334099,0.968939282624595,5,1,562321452
0.693055679899424,0.609589284249626,5,1,562321452
0.936739428016288,0.848119170096262,5,1,562321452
0.817267572159956,0.893539241182186,5,1,562321452
0.226783191464377,0.849195390748126,5,1,562321452
0.133568441632767,0.950671976063482,5,1,562321452
0.372607756789859,0.242754443573094,5,1,562321452
0.498656133417883,0.551500991094379,5,1,562321452
0.574465934226531,0.872324303785661,5,1,562321452
0.593718287752722,0.964435776558649,5,1,562321452
0.329563197195686,0.411568358577832,5,1,562321452
0.783816662845921,0.152198480098804,5,1,562321452
0.320237657316034,0.301293671396905,5,1,562321452
0.682483865056536,0.359801316992541,5,1,562321452
0.811017777827478,0.845674229836578,5,1,562321452
0.024224407679037,0.267332606291024,5,1,562321452
0.261253296599157,0.811347685027102,5,1,562321452
0.694682010686388,0.323183020073471,5,1,562321452
0.81021045637883,0.143551664273343,5,1,562321452
0.671555261407826,0.221975499363357,5,1,562321452
0.397967521834965,0.090223957493636,5,1,562321452
0.188914448495724,0.746345822212775,5,1,562321452
0.548142130756233,0.107998206937631,5,1,562321452
0.653392351672982,0.352853339785294,5,1,562321452
0.257427431139372,0.413285016451891,5,1,562321452
0.712792194840599,0.949684117046961,5,1,562321452
0.012108824286456,0.937135912683158,5,1,562321452
0.405976254117835,0.287441894130715,5,1,562321452
0.68317907577199,0.744345438746824,5,1,562321452
0.507469172517344,0.264204402653062,5,1,562321452
0.939364306252388,0.685254513216763,5,1,562321452
0.021029766538808,0.23215644455283,5,1,562321452
0.861319003836671,0.162976133219159,5,1,562321452
0.273516162764165,0.085492701373167,5,1,562321452
0.640443397815538,0.41927206310027,5,1,562321452
0.213688717840752,0.507917168284292,5,1,562321452
0.602221970508483,0.669066970335995,5,1,562321452
0.330166199167232,0.262948212319579,5,1,562321452
0.306677008492434,0.746594771577228,5,1,562321452
0.068570036709641,0.821371265183803,5,1,562321452
0.147476368456478,0.66542884153164,5,1,562321452
0.74996303257776,0.937564228223653,5,1,562321452
0.69643053322275,0.640156702641649,5,1,562321452
0.771008085123012,0.010052986064215,5,1,562321452
0.021558220601178,0.669216547794152,5,1,562321452
0.300843390901025,0.19153770964455,5,1,562321452
0.344596468931877,0.736421281188638,5,1,562321452
0.780490921194896,0.249763090791445,5,1,562321452
0.697775251623233,0.052953876054873,5,1,562321452
0.277684819326009,0.122988734465485,5,1,562321452
0.689872768867047,0.532124967289087,5,1,562321452
0.153327384716898,0.962448583415393,5,1,562321452
0.098012394452243,0.865941793529857,5,1,562321452
0.555349906813017,0.209071014527998,5,1,562321452
0.764358054380067,0.155545461111423,5,1,562321452
0.971576438924196,0.91286432037741,5,1,562321452
0.195809525445888,0.036831275032678,5,1,562321452
0.445258572649236,0.070754779288242,5,1,562321452
0.339994986368923,0.638074524861084,5,1,562321452
0.085269937519585,0.232297525320031,5,1,562321452
0.242303194270272,0.508141969078999,5,1,562321452
0.187519107130876,0.002563315203358,5,1,562321452
0.676393027810018,0.861877583095053,5,1,562321452
0.624960123824458,0.357636694784791,5,1,562321452
0.384563343357314,0.103507822921611,5,1,562321452
0.160649975457991,0.880544453281329,5,1,562321452
0.264561832538088,0.609420880686108,5,1,562321452
0.991623113046261,0.124065712257024,5,1,562321452
0.695856164551902,0.178431058600842,5,1,562321452
0.140922728723329,0.311757824115842,5,1,562321452
0.211086618365423,0.390647607285493,5,1,562321452
0.280949478266777,0.499665034823054,5,1,562321452
0.887364601914699,0.355325746808918,5,1,562321452
0.193358142840024,0.138559955150488,5,1,562321452
0.157276469124791,0.973584087933609,5,1,562321452
0.349053466812266,0.700200553831852,5,1,562321452
0.220897640842743,0.893632109882853,5,1,562321452
0.026406234763268,0.660967649514212,5,1,562321452
0.877817318608473,0.794157545525003,5,1,562321452
0.976631691938342,0.672381986375986,5,1,562321452
0.392119437988303,0.495782852878506,5,1,562321452
0.89234162865029,0.19038125178579,5,1,562321452
0.953460389624452,0.671006437919693,5,1,562321452
0.838603042557431,0.183871480940322,5,1,562321452
0.403830035635178,0.599802944613039,5,1,562321452
0.365405539711944,0.797949230956455,5,1,562321452
0.162277476063702,0.501064733846074,5,1,562321452
0.236260573985324,0.008324212076916,5,1,562321452
0.698828186021661,0.459323722945311,5,1,562321452
0.579725632333406,0.370854858933985,5,1,562321452
0.484014668214081,0.861701525268228,5,1,562321452
0.798966995774794,0.943741714509783,5,1,562321452
0.071888349644326,0.56179303675409,5,1,562321452
0.759044848853939,0.339806779935847,5,1,562321452
0.862075067299162,0.69519669216235,5,1,562321452
0.612424810185427,0.652419679373919,5,1,562321452
0.130382430284781,0.185662231828389,5,1,562321452
0.120290651847716,0.691014137355997,5,1,562321452
0.117662454555946,0.501334710279128,5,1,562321452
0.480552426784999,0.560771134355609,5,1,562321452
0.323077901011578,0.147331581371098,5,1,562321452
0.483015813548586,0.125928120508144,5,1,562321452
0.660616721600133,0.713896952758334,5,1,562321452
0.277997433391418,0.307306290854159,5,1,562321452
0.806643427791832,0.038635244001707,5,1,562321452
0.166742128205543,0.482030649984149,5,1,562321452
0.891472498401653,0.186834524018391,5,1,562321452
0.994346248591522,0.997789883930532,6,1,450023897
0.08553713418256,0.81891237392971,6,1,450023897
0.605424433165691,0.579329903013134,6,1,450023897
0.18395570738321,0.388373747926858,6,1,450023897
0.114999822659476,0.999846786212697,6,1,450023897
0.549322393995402,0.457043812598258,6,1,450023897
0.82359148253215,0.601719485301042,6,1,450023897
0.302971223638344,0.139054554364642,6,1,450023897
0.553677781567772,0.395500174596275,6,1,450023897
0.128580458351149,0.686229032517225,6,1,450023897
0.549197816475063,0.418521258476577,6,1,450023897
0.647550331294961,0.057111528701478,6,1,450023897
0.62820465451019,0.743298933264312,6,1,450023897
0.502015643148986,0.333074961737426,6,1,450023897
0.796708768502541,0.557882979359162,6,1,450023897
0.174332360167159,0.837737439785648,6,1,450023897
0.181164165031896,0.428778702278864,6,1,450023897
0.361916533823418,0.270020981993131,6,1,450023897
0.317713548354736,0.326794363566014,6,1,450023897
0.547602596953626,0.89653758023253,6,1,450023897
0.548222986251808,0.247142661775801,6,1,450023897
0.25822739857995,0.865588533998579,6,1,450023897
0.516300919466207,0.287353070279891,6,1,450023897
0.387935354911611,0.002915417783487,6,1,450023897
0.530909851332901,0.860026660203311,6,1,450023897
0.877739160081194,0.028441852063466,6,1,450023897
0.870843620618874,0.312193153877756,6,1,450023897
0.989159497788659,0.993597396821121,6,1,450023897
0.940256861347018,0.599005138060807,6,1,450023897
0.387306302999971,0.880415971216337,6,1,450023897
0.553597712693084,0.816732368684468,6,1,450023897
0.257553236875576,0.726453176653488,6,1,450023897
0.52770845059799,0.338493959593548,6,1,450023897
0.719995964470805,0.34366818355244,6,1,450023897
0.189523094754205,0.015894716840954,6,1,450023897
0.877174025391578,0.684767507498246,6,1,450023897
0.369704993110657,0.41070656664677,6,1,450023897
0.933075204876798,0.177109466974596,6,1,450023897
0.945731497042153,0.302964200867877,6,1,450023897
0.955229959283172,0.892120053131062,6,1,450023897
0.022346786021087,0.785319470277092,6,1,450023897
0.016743175389834,0.247271757569828,6,1,450023897
0.392968157848362,0.098226208167137,6,1,450023897
0.651399007836622,0.048029338777515,6,1,450023897
0.012544909287834,0.986503606083703,6,1,450023897
0.782513963634273,0.068767521735095,6,1,450023897
0.830533365187728,0.765052764713742,6,1,450023897
0.545002222415222,0.044517110861074,6,1,450023897
0.482065122142629,0.469977546505349,6,1,450023897
0.710156617825249,0.899498087890724,6,1,450023897
0.016050331020377,0.441087854212345,6,1,450023897
0.743937134962516,0.273749354241618,6,1,450023897
0.050871183941644,0.43273904389157,6,1,450023897
0.882098629940622,0.925766456287405,6,1,450023897
0.491485437369719,0.882189166630872,6,1,450023897
0.989277740451862,0.386910290809978,6,1,450023897
0.216173573571198,0.278130875242452,6,1,450023897
0.38419889398998,0.322451367120331,6,1,450023897
0.946827091123678,0.666782345725679,6,1,450023897
0.259447237670561,0.414465433709612,6,1,450023897
0.853590121728917,0.208897663591039,6,1,450023897
0.801796755215841,0.223398501918511,6,1,450023897
0.312829651548638,0.358284077118903,6,1,450023897
0.627869646847471,0.407970058303806,6,1,450023897
0.636824776103387,0.670889415954643,6,1,450023897
0.689942935322474,0.887185397257184,6,1,450023897
0.524228525741953,0.473250421818579,6,1,450023897
0.378006873393113,0.01357948453446,6,1,450023897
0.442270529485556,0.62006847518097,6,1,450023897
0.14671906132619,0.593415938310774,6,1,450023897
0.144832560776457,0.352906326960248,6,1,450023897
0.629687105293159,0.637417017700806,6,1,450023897
0.054942991605258,0.835475782077475,6,1,450023897
0.868551694881225,0.054701033646045,6,1,450023897
0.295900401457509,0.285712770814708,6,1,450023897
0.980631105973757,0.112956322283721,6,1,450023897
0.742150806089462,0.750813033391148,6,1,450023897
0.316427254398953,0.379481510136273,6,1,450023897
0.579206473059437,0.478627898523717,6,1,450023897
0.917082327432482,0.030573993887602,6,1,450023897
0.511309102762987,0.527296669280075,6,1,450023897
0.87191413659647,0.870849613329236,6,1,450023897
0.936203459127603,0.724718031913593,6,1,450023897
0.99744756191554,0.139428843155131,6,1,450023897
0.118302283545816,0.340440164085233,6,1,450023897
0.111898139219651,0.196525159600426,6,1,450023897
0.634686911361188,0.864775200421157,6,1,450023897
0.062853706757752,0.481824230421616,6,1,450023897
0.142802280013691,0.103420725407237,6,1,450023897
0.58093754373079,0.715142881886481,6,1,450023897
0.824368869113522,0.390597188240688,6,1,450023897
0.978527695942055,0.170209331664883,6,1,450023897
0.69694878204182,0.099686838043601,6,1,450023897
0.690144041662294,0.994006918472692,6,1,450023897
0.352766177679119,0.787586469054858,6,1,450023897
0.659905165544473,0.966975979991209,6,1,450023897
0.583797478740798,0.247462571526693,6,1,450023897
0.621495870877145,0.803468994080155,6,1,450023897
0.782810062529252,0.464324179920477,6,1,450023897
0.38737443723472,0.077207104774291,6,1,450023897
0.971942505630776,0.96880534858828,6,1,450023897
0.366489263481193,0.123086160770047,6,1,450023897
0.803583281964613,0.366775542924946,6,1,450023897
0.663562005396564,0.814533137016278,6,1,450023897
0.902719593748428,0.885873026235632,6,1,450023897
0.278034579078587,0.944714849076268,6,1,450023897
0.475590707541723,0.62478274462322,6,1,450023897
0.117065851267813,0.050252455201916,6,1,450023897
0.196396002873993,0.817056740895894,6,1,450023897
0.764503172961347,0.907696970224056,6,1,450023897
0.00197013902936,0.82850180853103,6,1,450023897
0.206542643004165,0.6058723668747,6,1,450023897
0.573753503604975,0.795635704589831,6,1,450023897
0.004831618793526,0.051294663383628,6,1,450023897
0.967049002086014,0.782439463233593,6,1,450023897
0.729055286627826,0.999226677854341,6,1,450023897
0.059470632024809,0.08361036633877,6,1,450023897
0.813589104412981,0.219529853499547,6,1,450023897
0.233653802469861,0.834746414725697,6,1,450023897
0.38658690911687,0.204326217664582,6,1,450023897
0.98371060835292,0.403369760687374,6,1,450023897
0.034914597959458,0.903584774060609,6,1,450023897
0.940578096730963,0.129423152202251,6,1,450023897
0.914627641738704,0.335098514651695,6,1,450023897
0.148321046466971,0.859849912031486,6,1,450023897
0.09422984882117,0.556919747010828,6,1,450023897
0.29161530930481,0.379094733168087,6,1,450023897
0.526740411543481,0.41317277329585,6,1,450023897
0.974051555111061,0.275838930369184,6,1,450023897
0.586634410826632,0.668264679640106,6,1,450023897
0.077563042575995,0.006010475920443,6,1,450023897
0.679011922856308,0.629866742076472,6,1,450023897
0.695196035683504,0.913085525603237,6,1,450023897
0.030889221560517,0.127640086367441,6,1,450023897
0.122604457322513,0.748925161735095,6,1,450023897
0.408295222948608,0.762531259315317,6,1,450023897
0.918065114316282,0.801866851684592,6,1,450023897
0.167894738965787,0.670564400729054,6,1,450023897
0.096473675583263,0.083517741864785,6,1,450023897
0.748149996474573,0.655409087710134,6,1,450023897
0.109695684503166,0.151672191658236,6,1,450023897
0.432569908340533,0.435603363132547,6,1,450023897
0.38381091001912,0.054003950515256,6,1,450023897
0.976386826390889,0.925164160258766,6,1,450023897
0.833203422671669,0.565658536462106,6,1,450023897
0.478038311069061,0.920418048523811,6,1,450023897
0.95211389183055,0.363599005172047,6,1,450023897
0.698121752210173,0.30123734909765,6,1,450023897
0.79618458985417,0.031534397177032,6,1,450023897
0.881027641535808,0.871467714408535,6,1,450023897
0.409691696182896,0.821486564475351,6,1,450023897
0.018247266448758,0.261185394044645,6,1,450023897
0.028573481042278,0.911528164348706,6,1,450023897
0.407388915715671,0.892523563988501,6,1,450023897
0.695027231728521,0.493950460292229,6,1,450023897
0.307226251482624,0.87115872239053,6,1,450023897
0.756361529905942,0.404097063507018,6,1,450023897
0.466641446130632,0.807149925229448,6,1,450023897
0.088954768848397,0.157325098512001,6,1,450023897
0.314114587890166,0.991674893586645,6,1,450023897
0.787584780638694,0.200033176965943,6,1,450023897
0.634450009017998,0.060308873565473,6,1,450023897
0.491058572036666,0.900421037763519,6,1,450023897
0.630719405882194,0.25884349723057,6,1,450023897
0.476985250322785,0.305622692788047,6,1,450023897
0.371940365060015,0.694244612792249,6,1,450023897
0.151698973797852,0.97408193115278,6,1,450023897
0.760798479929844,0.501199260349053,6,1,450023897
0.58575330335752,0.255514515720636,6,1,450023897
0.320759417959149,0.683804111240588,6,1,450023897
0.301072186448248,0.23552910925161,6,1,450023897
0.298207671135565,0.502298901807448,6,1,450023897
0.602756524091658,0.187954766066088,6,1,450023897
0.802786283967483,0.666349659582134,6,1,450023897
0.366710077432451,0.785149818072497,6,1,450023897
0.967902222931679,0.269238840022148,6,1,450023897
0.34366176961894,0.505043129930044,6,1,450023897
0.403400355488862,0.351420301844112,6,1,450023897
0.720826003380896,0.64338578514109,6,1,450023897
0.533698240956973,0.217249194947736,6,1,450023897
0.894356551979266,0.090667415446625,6,1,450023897
0.767212996940687,0.145297858139001,6,1,450023897
0.1489132935978,0.565378015642732,6,1,450023897
0.82670087050096,0.930520944646178,6,1,450023897
0.215075977239165,0.308772777613258,6,1,450023897
0.985168590915531,0.77563405110179,6,1,450023897
0.481002157830408,0.341024156478411,6,1,450023897
0.398305122386666,0.409422102092868,6,1,450023897
0.971641472650493,0.254621347936095,6,1,450023897
0.2019216398847,0.95129492392726,6,1,450023897
0.076981839976962,0.178104814494239,6,1,450023897
0.551675674417084,0.964259377646093,6,1,450023897
0.410217626218519,0.98169912639938,6,1,450023897
0.322395961858896,0.34257869692152,6,1,450023897
0.107393680825549,0.016134861246039,6,1,450023897
0.755611934532246,0.165741438703869,6,1,450023897
0.341993243218481,0.676925953916117,6,1,450023897
0.946432230762668,0.416963630439828,6,1,450023897
0.821101829524894,0.868596222321871,6,1,450023897
0.694704700252657,0.512300135117179,6,1,450023897
0.554193174959768,0.006824953386834,6,1,450023897
0.910430160708146,0.915541616441836,6,1,450023897
0.241247572353027,0.541208027121852,6,1,450023897
0.459690499390361,0.724425913642272,6,1,450023897
0.21382668906068,0.107307741811542,6,1,450023897
0.06489159237531,0.005294297504307,6,1,450023897
0.980893504394856,0.323890937493098,6,1,450023897
0.631909864646988,0.826173499428412,6,1,450023897
0.080579152599768,0.93973164511946,6,1,450023897
0.16677068382675,0.392367666490424,6,1,450023897
0.119764071488109,0.504081240546495,6,1,450023897
0.265776036862003,0.423994388198697,6,1,450023897
0.59525284956075,0.985885016995959,6,1,450023897
0.015537456513586,0.93150141672451,6,1,450023897
0.333488447278344,0.799051576207171,6,1,450023897
0.023159984452036,0.84305217496627,6,1,450023897
0.160163517672515,0.504557139240445,6,1,450023897
0.211861070163862,0.516769241740458,6,1,450023897
0.716752131181481,0.054894026386434,6,1,450023897
0.963598360464398,0.031177076679042,6,1,450023897
0.17789853781991,0.822348782582888,6,1,450023897
0.167818771836271,0.288786645025326,6,1,450023897
0.991763448161377,0.809822175556707,6,1,450023897
0.744230292236238,0.390615875800906,6,1,450023897
0.66484336857739,0.381379793734017,6,1,450023897
0.247537317513617,0.443542078846778,6,1,450023897
0.043441283966843,0.56944832410265,6,1,450023897
0.233369528224899,0.947733366551101,6,1,450023897
0.505882166491824,0.5165498546521,6,1,450023897
0.167172386835795,0.178007965135256,6,1,450023897
0.972730244186189,0.891691875634134,6,1,450023897
0.791618038166603,0.52082202999858,6,1,450023897
0.66667899840202,0.185008727647286,6,1,450023897
0.033132796797256,0.557687752785682,6,1,450023897
0.109449518609652,0.628975444712703,6,1,450023897
0.724427494271472,0.796175535445319,6,1,450023897
0.929945906796217,0.120492303669759,6,1,450023897
0.647455787517382,0.341255169468809,6,1,450023897
0.676081661609528,0.925364862639382,6,1,450023897
0.660014498644031,0.472582861350654,6,1,450023897
0.972103988625957,0.135180417225403,6,1,450023897
0.959239060871077,0.047442157593152,6,1,450023897
0.043907637083572,0.81630906896192,6,1,450023897
0.856536349715629,0.884398953605521,6,1,450023897
0.846743890138611,0.541733155047172,6,1,450023897
0.791036418782703,0.799331466243084,6,1,450023897
0.77289413750584,0.528636640044045,6,1,450023897
0.692433101119227,0.763348483440713,6,1,450023897
0.19129170678362,0.918161405898998,6,1,450023897
0.219123136456066,0.731210336579985,6,1,450023897
0.876739771499674,0.828464651782151,6,1,450023897
0.84384245992383,0.049218481216992,6,1,450023897
0.723286891920408,0.68818822217827,6,1,450023897
0.23653685191058,0.993141498401176,6,1,450023897
0.004486181631071,0.014676530954475,6,1,450023897
0.902993776847906,0.909596609546832,6,1,450023897
0.842678036723144,0.239757269684925,6,1,450023897
0.577801038418879,0.63840756516625,6,1,450023897
0.480100157845932,0.405624987168936,6,1,450023897
0.441487086773207,0.378811023359004,6,1,450023897
0.406543132460895,0.55434428802266,6,1,450023897
0.83423646123639,0.928985469868607,6,1,450023897
0.391433441548758,0.416716299915088,6,1,450023897
0.772363787454456,0.276228125870352,6,1,450023897
0.992640274405911,0.569728128572973,6,1,450023897
0.238767528755944,0.844206634181046,6,1,450023897
0.169966084580632,0.576532104840433,6,1,450023897
0.914875145714325,0.314064458648613,6,1,450023897
0.218195306789854,0.748877553277852,6,1,450023897
0.749129334358718,0.827759669715422,6,1,450023897
0.352739722817913,0.079145184724528,6,1,450023897
0.515854555917479,0.554869161390512,6,1,450023897
0.930332405313614,0.577609936488722,6,1,450023897
0.308382008521941,0.058191460287394,6,1,450023897
0.467887202344202,0.720285267710116,6,1,450023897
0.73160034351015,0.62883280001471,6,1,450023897
0.33455402957532,0.963678239381978,6,1,450023897
0.411638319015679,0.778063073848992,6,1,450023897
0.235164448530416,0.315011137099023,6,1,450023897
0.324174822352179,0.371079393574627,6,1,450023897
0.377676472890178,0.759942391748165,6,1,450023897
0.357910848176491,0.466916807465453,6,1,450023897
0.522891112833081,0.944545420350521,6,1,450023897
0.476026361375079,0.789097431140128,6,1,450023897
0.951627240701049,0.884281487907996,6,1,450023897
0.815985363093123,0.89321032971131,6,1,450023897
0.752706237822973,0.629928220028849,6,1,450023897
0.07684014694133,0.520466433481607,6,1,450023897
0.734510403097034,0.75890292411171,6,1,450023897
0.583225806171749,0.330374484632494,6,1,450023897
0.693544976065308,0.280145753171921,6,1,450023897
0.486524478394822,0.191034947563021,6,1,450023897
0.735346264397696,0.041704653206964,6,1,450023897
0.666218229721107,0.47215092281513,6,1,450023897
0.836242879035105,0.012390437499404,6,1,450023897
0.028238469442196,0.33370670004075,6,1,450023897
0.858891785892797,0.872347063911359,6,1,450023897
0.062158826353554,0.832365579815383,6,1,450023897
0.790173709732528,0.192108508975796,6,1,450023897
0.7153673744568,0.777990790324247,6,1,450023897
0.056947635308626,0.105690504012619,6,1,450023897
0.86989328198482,0.664294651778793,6,1,450023897
0.393327436742858,0.79049157189379,6,1,450023897
0.966352135051318,0.67047232902041,6,1,450023897
0.882558291640219,0.255254813271466,6,1,450023897
0.60951296830697,0.684778976744729,6,1,450023897
0.477234132437915,0.90706811383949,6,1,450023897
0.311279090339328,0.536359618384466,6,1,450023897
0.513511652615233,0.119357026911271,6,1,450023897
0.87941459802029,0.138243285199892,6,1,450023897
0.478140604426932,0.555051513364635,6,1,450023897
0.344136081153375,0.042264466863802,6,1,450023897
0.561543969931762,0.312583608018925,6,1,450023897
0.729729642009582,0.985776310332894,6,1,450023897
0.335845490404262,0.057100505672171,6,1,450023897
0.424641465334542,0.37037147358724,6,1,450023897
0.233656805405015,0.175253317586945,6,1,450023897
0.381029364340804,0.254428497225306,6,1,450023897
0.371599414533955,0.649148686294393,6,1,450023897
0.883552117898894,0.364152778028612,6,1,450023897
0.661951944923849,0.783527207181137,6,1,450023897
0.167212198946592,0.831882891649286,6,1,450023897
0.086476285695845,0.139958787101989,6,1,450023897
0.735356568117338,0.85578453538025,6,1,450023897
0.468390702581752,0.032821671600479,6,1,450023897
0.83147942073418,0.241656089268198,6,1,450023897
0.07162207496288,0.724058759108639,6,1,450023897
0.152259757096215,0.835421173280981,6,1,450023897
0.880883559333865,0.017181068865276,6,1,450023897
0.554305499708124,0.183985086680667,6,1,450023897
0.471787264393038,0.295714986627564,6,1,450023897
0.203365530642244,0.372483966105724,6,1,450023897
0.967117067733522,0.177266075868258,6,1,450023897
0.34230923240236,0.877556415915576,6,1,450023897
0.693549177845688,0.861599659794087,6,1,450023897
0.612963075327667,0.449119825999091,6,1,450023897
0.802523318899392,0.939613862341582,6,1,450023897
0.656932076466923,0.487233903007332,6,1,450023897
0.29963064667607,0.899808159001831,6,1,450023897
0.54182364350721,0.115986988421116,6,1,450023897
0.638799134234699,0.819826780465618,6,1,450023897
0.4118298795614,0.172941067180498,6,1,450023897
0.280720990049741,0.762882740659149,6,1,450023897
0.645413857159095,0.630523424332293,6,1,450023897
0.389380553721092,0.212345198287071,6,1,450023897
0.717884212333601,0.544854732241075,6,1,450023897
0.146205695675453,0.472498862101123,6,1,450023897
0.912931601025591,0.487854410916876,6,1,450023897
0.998279239416243,0.3394613009322,6,1,450023897
0.004739518987269,0.560065799648326,6,1,450023897
0.525211190480228,0.503470308403878,6,1,450023897
0.041071085497979,0.50449566666635,6,1,450023897
0.508687014178275,0.082229733651831,6,1,450023897
0.397772526185313,0.145863508995276,6,1,450023897
0.219370513330394,0.40472955579409,6,1,450023897
0.346423052468526,0.365008028236586,6,1,450023897
0.89775455074906,0.665931515803145,6,1,450023897
0.479399922626695,0.084799723967616,6,1,450023897
0.898716718906601,0.354939258728953,6,1,450023897
0.470416548132138,0.291760037647702,6,1,450023897
0.993950855902574,0.422747420179937,6,1,450023897
0.81363069788941,0.946688921308664,6,1,450023897
0.882109906792981,0.000391600813281,6,1,450023897
0.38070843712597,0.747954707812776,6,1,450023897
0.043409274217727,0.104297075432943,6,1,450023897
0.86276936894452,0.102700785938545,6,1,450023897
0.693603967280969,0.17285116566102,6,1,450023897
0.422926836120505,0.334076738106889,6,1,450023897
0.741666872248677,0.466700038145995,6,1,450023897
0.175176386076123,0.106701082304668,6,1,450023897
0.33615986927054,0.334998269033524,6,1,450023897
0.426674991427662,0.287916366006267,6,1,450023897
0.79720289039915,0.100815084859053,6,1,450023897
0.97299179015004,0.97899742944017,6,1,450023897
0.474111067679317,0.851128371108953,6,1,450023897
0.119701413661004,0.248326059453759,6,1,450023897
0.343182907206923,0.730313992955575,6,1,450023897
0.51872858432945,0.177646208600965,6,1,450023897
0.965787892995193,0.430764174939038,6,1,450023897
0.354143039882751,0.192866452047258,6,1,450023897
0.763814768423467,0.450245993650066,6,1,450023897
0.889642048642443,0.292476523152901,6,1,450023897
0.437706627042819,0.342836588741104,6,1,450023897
0.898747154316305,0.709497748059064,6,1,450023897
0.751722575417599,0.628749307554316,6,1,450023897
0.03878099111315,0.746987864262753,6,1,450023897
0.841729926433897,0.248090763200826,6,1,450023897
0.800978666695616,0.012472529996195,6,1,450023897
0.66274501625614,0.44456575979362,6,1,450023897
0.271627633247996,0.043277543625605,6,1,450023897
0.186604633047774,0.747373493192322,6,1,450023897
0.572918948716684,0.362586858811328,6,1,450023897
0.484564222231731,0.283014996910217,6,1,450023897
0.517231818114929,0.335154092296915,6,1,450023897
0.885283238131501,0.993458217442797,6,1,450023897
0.70486231357247,0.801945159890126,6,1,450023897
0.985571515147182,0.463084280173508,6,1,450023897
0.02274645487401,0.364593037039099,6,1,450023897
0.409435464048938,0.964063808690794,6,1,450023897
0.260516614707979,0.363395747671713,6,1,450023897
0.86037613126895,0.018290474391814,6,1,450023897
0.350269731535023,0.046691111689923,6,1,450023897
0.19255576088151,0.243723574129784,6,1,450023897
0.55771399662274,0.164792981216977,6,1,450023897
0.938363309610882,0.503969990778418,6,1,450023897
0.804901017251072,0.238275322413099,6,1,450023897
0.973073457581658,0.412160457520465,6,1,450023897
0.188538176999882,0.048242240479769,6,1,450023897
0.771707942219516,0.053653444527674,6,1,450023897
0.672916127484854,0.475323080800563,6,1,450023897
0.01887158094844,0.38682500432455,6,1,450023897
0.882774509055879,0.674484155179944,6,1,450023897
0.169250107066851,0.157180837807987,6,1,450023897
0.898968716894382,0.714349428806079,6,1,450023897
0.924620463728124,0.317252029089338,6,1,450023897
0.96858910653262,0.232574223879245,6,1,450023897
0.492638465155039,0.883213872365267,6,1,450023897
0.081223585033559,0.362918113372009,6,1,450023897
0.923332743705113,0.878892479380623,6,1,450023897
0.434343034356695,0.175013994388653,6,1,450023897
0.781148207517369,0.518801403609326,6,1,450023897
0.913328518153345,0.134432199452787,6,1,450023897
0.903545688821516,0.064076547251944,6,1,450023897
0.845448182663708,0.638490352890145,6,1,450023897
0.021579451763609,0.848654320001857,6,1,450023897
0.452130653364589,0.512360748328917,6,1,450023897
0.573537219222702,0.81776454489948,6,1,450023897
0.620170864465395,0.460378787427665,6,1,450023897
0.129642468380251,0.546786314103889,6,1,450023897
0.840043757480276,0.8590578832144,6,1,450023897
0.463981941246779,0.115741409226074,6,1,450023897
0.418289329974258,0.951167120996196,6,1,450023897
0.459235986611044,0.403176419319416,6,1,450023897
0.360972742074384,0.454330299664832,6,1,450023897
0.710453214078033,0.332911478623551,6,1,450023897
0.646511573139638,0.832955944962192,6,1,450023897
0.906024758962657,0.358109935155277,6,1,450023897
0.958701307886203,0.998909654547767,6,1,450023897
0.807177929160722,0.99934960786251,6,1,450023897
0.334559750069802,0.004191957471595,6,1,450023897
0.921722835326552,0.566853682089239,6,1,450023897
0.596649479691565,0.367985853829715,6,1,450023897
0.77344967291597,0.291764646000543,6,1,450023897
0.885827160210855,0.040790400325812,6,1,450023897
0.005488450090421,0.967322171613434,6,1,450023897
0.087906872615772,0.64995773999657,6,1,450023897
0.424107005012225,0.858032185113684,6,1,450023897
0.45651443033204,0.593802925641742,6,1,450023897
0.488837174395926,0.073390550588712,6,1,450023897
0.274448100832391,0.755557236614749,6,1,450023897
0.685483007019762,0.822451986363848,6,1,450023897
0.96715072552837,0.093787197534934,6,1,450023897
0.680479244366712,0.96651080861953,6,1,450023897
0.68443665391042,0.132503398695777,6,1,450023897
0.148231991784089,0.069387028459962,6,1,450023897
0.000406768851157,0.422034314272807,6,1,450023897
0.687487561001214,0.708287651477319,6,1,450023897
0.046523256873256,0.37084232951404,6,1,450023897
0.298440191450403,0.152939979906326,6,1,450023897
0.089105233007091,0.458810408291076,6,1,450023897
0.479202354510606,0.646669746970978,6,1,450023897
0.290045210595291,0.734129539200331,6,1,450023897
0.118426277221062,0.43032373462209,6,1,450023897
0.148335501803256,0.668768725587158,6,1,450023897
0.010279105653993,0.338413334888299,6,1,450023897
0.910032885061773,0.901610713211466,6,1,450023897
0.998637984885831,0.266581715467857,6,1,450023897
0.055578491438614,0.133688251311054,6,1,450023897
0.469285679598267,0.060473750944806,6,1,450023897
0.825929526841644,0.456557339338743,6,1,450023897
0.152051332506218,0.408314905638238,6,1,450023897
0.632747940723467,0.692695324628515,6,1,450023897
0.969254974282087,0.132981521087661,6,1,450023897
0.112930635255346,0.905913377422358,6,1,450023897
0.972478428622175,0.874071170895363,6,1,450023897
0.534054583033758,0.100124406534527,6,1,450023897
0.246599523099149,0.526459298797438,6,1,450023897
0.234849433665788,0.266409144763053,6,1,450023897
0.028190260504933,0.959053616535322,6,1,450023897
0.793599258904422,0.361174272328584,6,1,450023897
0.184794033505235,0.475935579029115,6,1,450023897
0.657414176284392,0.502298832366134,6,1,450023897
0.632260661989931,0.201803907140982,6,1,450023897
0.036601285211105,0.655515784979198,6,1,450023897
0.229232353518284,0.074611826513524,6,1,450023897
0.97090415219653,0.349877743052721,6,1,450023897
0.181037708852563,0.410517062045188,6,1,450023897
0.608168311207825,0.509007588144325,6,1,450023897
0.009664855166533,0.069738810499582,6,1,450023897
0.901030015239573,0.313935495210028,6,1,450023897
0.702148882821736,0.096643781217619,6,1,450023897
0.123513940116966,0.123676195450147,6,1,450023897
0.736622883316176,0.333359059330019,6,1,450023897
0.836965204580312,0.871301722799797,6,1,450023897
0.30344603612714,0.913436628234825,6,1,450023897
0.193529443396752,0.026116047385074,6,1,450023897
0.188235923657468,0.730570832050164,6,1,450023897
0.755434464604581,0.166640090713574,6,1,450023897
0.464296683939722,0.947096251706583,6,1,450023897
0.329615511106449,0.444466690414238,6,1,450023897
0.353848443754518,0.357970706707003,6,1,450023897
0.669765550963003,0.735647223149181,6,1,450023897
0.360627678953006,0.958174053774462,6,1,450023897
0.281680775276389,0.074122493209152,6,1,450023897
0.050842038585954,0.374930383703772,6,1,450023897
0.982810898795507,0.040812624867407,6,1,450023897
0.665127519793294,0.920887479605185,6,1,450023897
0.313212818735048,0.142331808728655,6,1,450023897
0.081069529007903,0.900364349381862,6,1,450023897
0.372644855690783,0.854895857727125,6,1,450023897
0.514013787090609,0.458003926712722,6,1,450023897
0.167328503157828,0.931841317420773,6,1,450023897
0.74330706924957,0.697644437779554,6,1,450023897
0.089943233051577,0.777277328029347,6,1,450023897
0.58177150441302,0.018950081331063,6,1,450023897
0.727709157426434,0.173742214412454,6,1,450023897
0.768130606399044,0.620317630265572,6,1,450023897
0.795951158401624,0.418338835309728,6,1,450023897
0.455269163765376,0.898802345395478,6,1,450023897
0.628327676130307,0.96967420692482,6,1,450023897
0.991622904451806,0.041283391767278,6,1,450023897
0.319945647028979,0.037030096548979,6,1,450023897
0.748658369317259,0.445814960188534,6,1,450023897
0.315873046947285,0.153543649504751,6,1,450023897
0.334317274713908,0.738086607620024,6,1,450023897
0.965098793545158,0.666777567804068,6,1,450023897
0.650463369674624,0.055141989397571,6,1,450023897
0.318779095964622,0.252912178191224,6,1,450023897
0.901784605111888,0.956982650725479,6,1,450023897
0.241648530746069,0.014891933691851,6,1,450023897
0.844266827240703,0.796409357857995,6,1,450023897
0.726763319854827,0.460211940239226,6,1,450023897
0.273269480024113,0.628430471682091,6,1,450023897
0.156282357165264,0.670630162044933,6,1,450023897
0.994398072628892,0.772793250290092,6,1,450023897
0.134782407702934,0.273943773069074,6,1,450023897
0.294781960833875,0.95667041293886,6,1,450023897
0.436640868946759,0.407068814546354,6,1,450023897
0.238030006408697,0.55926119296361,6,1,450023897
0.555310358652579,0.720014496119195,6,1,450023897
0.94305121369969,0.856042438469905,6,1,450023897
0.319847205233114,0.611944473409997,6,1,450023897
0.375090829092218,0.317631772420529,6,1,450023897
0.052845671507612,0.313369632017295,6,1,450023897
0.076747100257728,0.956701666285513,6,1,450023897
0.783968534890887,0.132617788648804,6,1,450023897
0.697397260831152,0.436109709071015,6,1,450023897
0.104553758325781,0.170077847407832,6,1,450023897
0.141376238126777,0.152386872925415,6,1,450023897
0.351315984341764,0.07031729657034,6,1,450023897
0.648414813333616,0.790952113133134,6,1,450023897
0.940950901679046,0.930023198882736,6,1,450023897
0.144258475567317,0.912898536875007,6,1,450023897
0.84248914177208,0.308819223469143,6,1,450023897
0.755052155450358,0.977922320356338,6,1,450023897
0.370535974672246,0.400361601013153,6,1,450023897
0.465990249912202,0.833942708448454,6,1,450023897
0.710071530038444,0.81271973062921,6,1,450023897
0.522895067884457,0.111187723595176,6,1,450023897
0.84227607203135,0.079897728589027,6,1,450023897
0.324801079594341,0.146996714285851,6,1,450023897
0.830883041981162,0.980455419725283,6,1,450023897
0.236286797506065,0.037317602792466,6,1,450023897
0.749852502321022,0.974538479491649,6,1,450023897
