0.960209204903449,0.161853155371727,6,1,450023897
0.885695976332322,0.587228964518208,6,1,450023897
0.854660835717512,0.062037242778508,6,1,450023897
0.231573252349796,0.363979515779808,6,1,450023897
0.8523829178699,0.864498348283105,6,1,450023897
0.705320481665709,0.102995412261571,6,1,450023897
0.446532268248671,0.537394781029845,6,1,450023897
0.969858113052294,0.429780763545499,6,1,450023897
0.543613767771121,0.142981571716855,6,1,450023897
0.211966083828349,0.420666147374736,6,1,450023897
0.852554249819116,0.90699685872729,6,1,450023897
0.74420301749104,0.904987456175045,6,1,450023897
0.878307668568486,0.363931051937701,6,1,450023897
0.834785156454886,0.279686023546591,6,1,450023897
0.519045475375476,0.056969241585254,6,1,450023897
0.741529415188832,0.155452877243085,6,1,450023897
0.72790037044163,0.272373563286704,6,1,450023897
0.528504898245884,0.920140619572223,6,1,450023897
0.693395223692286,0.070299087289145,6,1,450023897
0.877825225983672,0.353018784178242,6,1,450023897
0.517103642103117,0.437513108004995,6,1,450023897
0.774053892678112,0.75254919214206,6,1,450023897
0.422752076012715,0.732214407614642,6,1,450023897
0.634983622300288,0.650710287326126,6,1,450023897
0.117888052365669,0.717125544061986,6,1,450023897
0.190089567958736,0.07850028833627,6,1,450023897
0.047402535340192,0.384257782045252,6,1,450023897
0.166745758347163,0.520100994185122,6,1,450023897
0.92760903292102,0.463225109530587,6,1,450023897
0.634332714847849,0.147285523988743,6,1,450023897
0.130245850222988,0.974709818807882,6,1,450023897
0.677653672781369,0.661004679350556,6,1,450023897
0.197681999043887,0.441659213009759,6,1,450023897
0.923615491919995,0.083688408717046,6,1,450023897
0.01377130589567,0.403019263680643,6,1,450023897
0.328919863329715,0.143650191462951,6,1,450023897
0.929213336840001,0.688287669604919,6,1,450023897
0.551548993932721,0.472084118663455,6,1,450023897
0.445944145058468,0.505895468559461,6,1,450023897
0.175119469335885,0.693495224396608,6,1,450023897
0.901992966696464,0.774402610405496,6,1,450023897
0.03271667131177,0.632006464444117,6,1,450023897
0.966406537620644,0.282719859367369,6,1,450023897
0.885611508567991,0.278835596929002,6,1,450023897
0.653255060585366,0.204045490839327,6,1,450023897
0.752299966993614,0.870338618453085,6,1,450023897
0.994399620127892,0.207932420766889,6,1,450023897
0.254595424631196,0.411366286525412,6,1,450023897
0.47261318167248,0.915877179974014,6,1,450023897
0.450042287271574,0.245283349829411,6,1,450023897
0.80981310615623,0.72804957648904,6,1,450023897
0.753709041142535,0.819850198377603,6,1,450023897
0.729575701175658,0.112257638101334,6,1,450023897
0.717457531325192,0.627269547300868,6,1,450023897
0.868768391534874,0.29096965410273,6,1,450023897
0.631074335474788,0.407051250607123,6,1,450023897
0.100048409125244,0.88819123173004,6,1,450023897
0.137189601552914,0.091950845267703,6,1,450023897
0.14514184194507,0.505222156575898,6,1,450023897
0.310697165479442,0.650087823827226,6,1,450023897
0.508229883398494,0.382794081564425,6,1,450023897
0.943429097036006,0.930452857668518,6,1,450023897
0.439434149504459,0.276817171013172,6,1,450023897
0.096127309841504,0.85436274619208,6,1,450023897
0.850306317613476,0.425939574550407,6,1,450023897
0.332293083262531,0.812025274575938,6,1,450023897
0.846391991398552,0.021351144371993,6,1,450023897
0.432285022531467,0.921226420920802,6,1,450023897
0.816351916146828,0.902738428115894,6,1,450023897
0.801074937651447,0.884254782171771,6,1,450023897
0.822788763787967,0.299025259684438,6,1,450023897
0.229360201236841,0.539528887445368,6,1,450023897
0.376841012968462,0.308509415335446,6,1,450023897
0.145269694619063,0.845995485732418,6,1,450023897
0.546769782137409,0.470232560630294,6,1,450023897
0.002690720415844,0.961217475324019,6,1,450023897
0.750178402537192,0.216897057189634,6,1,450023897
0.992281703463409,0.27817278882366,6,1,450023897
0.510169041570003,0.219370244253135,6,1,450023897
0.832526021405098,0.771135983630213,6,1,450023897
0.917653838284726,0.633792576913607,6,1,450023897
0.000720596503456,0.767616983652483,6,1,450023897
0.535203263669082,0.044533411225972,6,1,450023897
0.397581981232687,0.311181828891939,6,1,450023897
0.00222723908603,0.459714281044228,6,1,450023897
0.10419200076913,0.609083019865131,6,1,450023897
0.656949690031707,0.060746164467031,6,1,450023897
0.58629387527475,0.668977414666392,6,1,450023897
0.077550566694104,0.533303803721344,6,1,450023897
0.428488938525,0.120612416166392,6,1,450023897
0.563013684272137,0.71438684470111,6,1,450023897
0.439673000921538,0.391211696438244,6,1,450023897
0.223632847481953,0.978594013774093,6,1,450023897
0.761090521286931,0.857393819302236,6,1,450023897
0.531792699637067,0.256463018095586,6,1,450023897
0.429673874248674,0.331808738818902,6,1,450023897
0.895554592042428,0.828705520336696,6,1,450023897
0.701873979472135,0.259278271638336,6,1,450023897
0.060742591974478,0.072393235534541,6,1,450023897
0.326977678618233,0.295078814051894,6,1,450023897
0.921637586799829,0.148627390260145,6,1,450023897
0.873946237461129,0.517105520513245,6,1,450023897
0.626052693656884,0.215950962593215,6,1,450023897
0.162098556830435,0.384009054868606,6,1,450023897
0.697476661361222,0.129738692689268,6,1,450023897
0.823501500895144,0.69299773607256,6,1,450023897
0.265135725058358,0.745027707226862,6,1,450023897
0.033719029247582,0.213849084039645,6,1,450023897
0.392239443014274,0.878726983260464,6,1,450023897
0.487610864821796,0.379776531178594,6,1,450023897
0.92333890703207,0.706871034808834,6,1,450023897
0.768160362101234,0.401148685820109,6,1,450023897
0.233640545637368,0.873559993112314,6,1,450023897
0.358850372259685,0.434660000279191,6,1,450023897
0.756282716066153,0.870453938738445,6,1,450023897
0.683894846407094,0.988403172602046,6,1,450023897
0.187996062867756,0.30916689593468,6,1,450023897
0.72567362865226,0.572395618676104,6,1,450023897
0.82923298246298,0.553631919355106,6,1,450023897
0.965005446620144,0.714462982981158,6,1,450023897
0.601765237476621,0.805485172379343,6,1,450023897
0.61743539433104,0.852985562614406,6,1,450023897
0.904913317112031,0.142743904103146,6,1,450023897
0.397499697498119,0.29086366373993,6,1,450023897
0.620984856421836,0.200529482310686,6,1,450023897
0.332972208304484,0.349160507700196,6,1,450023897
0.261163395838077,0.152313100913513,6,1,450023897
0.472383762791263,0.094232526085076,6,1,450023897
0.455003236076706,0.401138810088632,6,1,450023897
0.681646458041984,0.528758115890759,6,1,450023897
0.729849855926891,0.922504372232159,6,1,450023897
0.109402975432937,0.934928195696717,6,1,450023897
0.800919533369999,0.514057987888549,6,1,450023897
0.31576006032801,0.137162723049871,6,1,450023897
0.398435907504885,0.301994154606097,6,1,450023897
0.505355257136736,0.812069413982404,6,1,450023897
0.995135135576844,0.730010093218328,6,1,450023897
0.783243936887882,0.614962236146739,6,1,450023897
0.66561576617438,0.913909190881963,6,1,450023897
0.860883371996241,0.815109034421917,6,1,450023897
0.70842279744058,0.68341563937282,6,1,450023897
0.179529800037471,0.335978580727901,6,1,450023897
0.592420344857055,0.852490390500708,6,1,450023897
0.989652583356433,0.582109966276729,6,1,450023897
0.250920434827315,0.260415122041072,6,1,450023897
0.52751014148567,0.200827819499284,6,1,450023897
0.740200482610611,0.908138047690357,6,1,450023897
0.063819646201134,0.974878763680895,6,1,450023897
0.803455236142706,0.07785096746642,6,1,450023897
0.264492976794838,0.371166513615757,6,1,450023897
0.936893634281142,0.668494636182916,6,1,450023897
0.99969975647957,0.881113575134374,6,1,450023897
0.141604665436604,0.105865199505723,6,1,450023897
0.465057365287933,0.179780276152017,6,1,450023897
0.662980708538191,0.093221462411414,6,1,450023897
0.237537367264691,0.303722367482358,6,1,450023897
0.668900607020913,0.156769206263902,6,1,450023897
0.678716131247659,0.501670739174845,6,1,450023897
0.998539045210193,0.410125403263756,6,1,450023897
0.919287277099492,0.147467863730143,6,1,450023897
0.82558268163395,0.212841528769317,6,1,450023897
0.511291917955054,0.121297487387614,6,1,450023897
0.322797690476081,0.430292017799946,6,1,450023897
0.718312250601263,0.36309539934977,6,1,450023897
0.189307229845806,0.815710268432988,6,1,450023897
0.328912903555309,0.881130918996766,6,1,450023897
0.207601668635891,0.629881206855297,6,1,450023897
0.82490340531666,0.3590999650646,6,1,450023897
0.834218193903665,0.989976147515873,6,1,450023897
0.713534436958084,0.646672489913573,6,1,450023897
0.196190865123769,0.596241806793731,6,1,450023897
0.841529513138817,0.841288529009344,6,1,450023897
0.764785775313401,0.42373261818156,6,1,450023897
0.548892617286346,0.373098339193825,6,1,450023897
0.408700331244932,0.686001164673915,6,1,450023897
0.591721711049707,0.490294241527857,6,1,450023897
0.490819747556915,0.878639046908,6,1,450023897
0.865796589171029,0.808682848686297,6,1,450023897
0.165787841366815,0.992786163048731,6,1,450023897
0.096499523629809,0.137198295131234,6,1,450023897
0.060063100075861,0.052203600803626,6,1,450023897
0.825665003710837,0.62015817204553,6,1,450023897
0.071795401287245,0.972231793814875,6,1,450023897
0.22224486346166,0.347416154637225,6,1,450023897
0.114772647052056,0.364931616732335,6,1,450023897
0.471213871879924,0.975166010408328,6,1,450023897
0.248850426751166,0.321933607772073,6,1,450023897
0.753929785209465,0.573004071574547,6,1,450023897
0.788692537885556,0.394996072342094,6,1,450023897
0.123201103740559,0.866958064770239,6,1,450023897
0.663313268487026,0.964000191462745,6,1,450023897
0.8976047116554,0.283542352003949,6,1,450023897
0.510827340153586,0.933086260276612,6,1,450023897
0.552134744176684,0.716501017678351,6,1,450023897
0.735977123109298,0.227862079908021,6,1,450023897
0.466053063936992,0.735751403598319,6,1,450023897
0.03242037118098,0.880090979191043,6,1,450023897
0.303850623188566,0.03714291386093,6,1,450023897
0.677426685883292,0.580993294063828,6,1,450023897
0.251518574681954,0.291997083287738,6,1,450023897
0.243544075665206,0.460272320499402,6,1,450023897
0.807866036583675,0.196996427331759,6,1,450023897
0.239961696457436,0.505201486929843,6,1,450023897
0.339411804880711,0.44784136386121,6,1,450023897
0.595708445861592,0.472586580541511,6,1,450023897
0.147415361368504,0.564195981447279,6,1,450023897
0.827491666503959,0.366143550236748,6,1,450023897
0.366901733411068,0.978794773775738,6,1,450023897
0.196893618670137,0.552808280239613,6,1,450023897
0.620074393039831,0.570184500027019,6,1,450023897
0.154808111736496,0.373722255862597,6,1,450023897
0.98029890280237,0.866426501904599,6,1,450023897
0.895413219824258,0.669113695272583,6,1,450023897
0.467878929100505,0.476186212123026,6,1,450023897
0.897640420783379,0.981020731749704,6,1,450023897
0.995136310528546,0.913988971652789,6,1,450023897
0.919014373455997,0.323780094904727,6,1,450023897
0.405844408350012,0.878021728133062,6,1,450023897
0.024901646132212,0.319430502935041,6,1,450023897
0.01285444746101,0.211712634610448,6,1,450023897
0.885620880182823,0.183657099947672,6,1,450023897
0.827792778475419,0.234421727886869,6,1,450023897
0.754530625295976,0.517629994323099,6,1,450023897
0.497996292791213,0.861927423093795,6,1,450023897
0.252125698057393,0.112065933309246,6,1,450023897
0.818392485071523,0.953995351740404,6,1,450023897
0.321593541507491,0.412076741115771,6,1,450023897
0.38213654570603,0.825549687438319,6,1,450023897
0.305812162391204,0.590788373255062,6,1,450023897
0.059970173791484,0.462143920552672,6,1,450023897
0.508425642390294,0.214679075801695,6,1,450023897
0.932630574936669,0.77576597572153,6,1,450023897
0.682900289296508,0.79596411003675,6,1,450023897
0.105353028601519,0.339697910714589,6,1,450023897
0.828610573359263,0.182470485664628,6,1,450023897
0.063128155896056,0.109191006151535,6,1,450023897
0.961564478477434,0.728008216575297,6,1,450023897
0.397779887097986,0.271811403872742,6,1,450023897
0.972402330889677,0.046879544752766,6,1,450023897
0.262591150110182,0.012260705604158,6,1,450023897
0.561445909401048,0.107195294674937,6,1,450023897
0.747866976878896,0.575736214263264,6,1,450023897
0.780613470692982,0.621769153786893,6,1,450023897
0.301489293074462,0.233620177013961,6,1,450023897
0.283305203530065,0.180711915314045,6,1,450023897
0.780430911918018,0.75626565944734,6,1,450023897
0.985903376264321,0.336450057929634,6,1,450023897
0.712361444373458,0.77987194282818,6,1,450023897
0.478319529748618,0.899743522172852,6,1,450023897
0.870890822490752,0.017919642697222,6,1,450023897
0.186061024180376,0.034380154639416,6,1,450023897
0.323660576170424,0.612361968013121,6,1,450023897
0.98257766113921,0.348575287644311,6,1,450023897
0.69940765432197,0.045745448693426,6,1,450023897
0.678188668267563,0.072706166931768,6,1,450023897
0.538288546863742,0.942659401842318,6,1,450023897
0.570678907904651,0.585863654975552,6,1,450023897
0.239166335438267,0.777390648110496,6,1,450023897
0.032692719474316,0.007803784258706,6,1,450023897
0.298227306479027,0.974386383752387,6,1,450023897
0.932342406297025,0.308234335337199,6,1,450023897
0.245207213286875,0.139103988853312,6,1,450023897
0.535987893390223,0.401972749471265,6,1,450023897
0.926672319823653,0.18905438148711,6,1,450023897
0.42593274050156,0.996363262500006,6,1,450023897
0.560213242914632,0.968320900489329,6,1,450023897
0.88082104380678,0.53644279291026,6,1,450023897
0.289074876324219,0.523562907626776,6,1,450023897
0.112808563601957,0.453696713500326,6,1,450023897
0.803658799778057,0.59548976531022,6,1,450023897
0.733120895823561,0.065846988947886,6,1,450023897
0.96449916943125,0.037017254086656,6,1,450023897
0.826399978508213,0.897966956412854,6,1,450023897
0.260726769341262,0.807795098280547,6,1,450023897
0.054279851025399,0.899318577586265,6,1,450023897
0.368700643148312,0.914521187539219,6,1,450023897
0.279921337522923,0.015659313237186,6,1,450023897
0.037399705076364,0.16743387126334,6,1,450023897
0.307774264498896,0.843367580566396,6,1,450023897
0.020331868549427,0.905601118684058,6,1,450023897
0.466625497098566,0.639587334292745,6,1,450023897
0.798131729374885,0.90710144415517,6,1,450023897
0.929029239554005,0.791693485561609,6,1,450023897
0.391681889048434,0.54491781498002,6,1,450023897
0.856505836284474,0.959732098788517,6,1,450023897
0.652507259557435,0.875343211660714,6,1,450023897
0.6874342877649,0.497090156545633,6,1,450023897
0.035355751769602,0.752921894092045,6,1,450023897
0.14335214247122,0.427501823872069,6,1,450023897
0.007292629993127,0.254428063260961,6,1,450023897
0.819416354681326,0.210599340766918,6,1,450023897
0.928300081826748,0.664109488042134,6,1,450023897
0.546067082713054,0.763568296013188,6,1,450023897
0.450287296013076,0.023400308997439,6,1,450023897
0.061475910624127,0.723068908067579,6,1,450023897
0.224581081584032,0.780534337668726,6,1,450023897
0.918148760739097,0.729436016453983,6,1,450023897
0.982380236143993,0.388965848251637,6,1,450023897
0.962092852785286,0.594272245132682,6,1,450023897
0.858321400301565,0.798232282700798,6,1,450023897
0.169246368506557,0.572900731042965,6,1,450023897
0.164218603424673,0.656869181987953,6,1,450023897
0.101408238421165,0.604744679637894,6,1,450023897
0.688201697445448,0.704214742327093,6,1,450023897
0.752694678275847,0.307553169129742,6,1,450023897
0.993894100770372,0.2664174405201,6,1,450023897
0.097588185577324,0.71549375176201,6,1,450023897
0.124933561132219,0.991687293127826,6,1,450023897
0.222933765662671,0.236484505375639,6,1,450023897
0.58205385547638,0.960807453574602,6,1,450023897
0.528776072892336,0.070739006866698,6,1,450023897
0.433109865757638,0.09114949966501,6,1,450023897
0.1167203876498,0.380349883246929,6,1,450023897
0.940841752113529,0.315912518999048,6,1,450023897
0.149539441974189,0.828838029952412,6,1,450023897
0.148838745992059,0.365032454776053,6,1,450023897
0.662036936627023,0.719945806240864,6,1,450023897
0.453076663630805,0.100184755327711,6,1,450023897
0.030717786050759,0.856554611759674,6,1,450023897
0.304567517061481,0.263530132712696,6,1,450023897
0.068604491299537,0.413458219898891,6,1,450023897
0.838073711281169,0.188329418880705,6,1,450023897
0.501577352716465,0.571825521255503,6,1,450023897
0.402502919662184,0.48928070669613,6,1,450023897
0.403906161204756,0.398537083206689,6,1,450023897
0.680514836723565,0.001407510193552,6,1,450023897
0.023179464851553,0.470182094749154,6,1,450023897
0.328033564942645,0.268554492823922,6,1,450023897
0.308626806093536,0.039353872455789,6,1,450023897
0.838774988280558,0.696022804584182,6,1,450023897
0.371868405579739,0.119982766199668,6,1,450023897
0.644561322979085,0.07660420251301,6,1,450023897
0.055415662191923,0.728798360058794,6,1,450023897
0.299110033341241,0.575249668907108,6,1,450023897
0.761785199977295,0.661612935223905,6,1,450023897
0.961147522727758,0.414834277173087,6,1,450023897
0.704877859741885,0.605970671808727,6,1,450023897
0.292112855351044,0.443957732246611,6,1,450023897
0.785313495861513,0.095808409126265,6,1,450023897
0.314380297098393,0.487445084152206,6,1,450023897
0.362701207374938,0.799125002327389,6,1,450023897
0.737843620718207,0.881189958863174,6,1,450023897
0.300363794415232,0.896258539787296,6,1,450023897
0.755869485024305,0.875208695494844,6,1,450023897
0.791824518289748,0.854221387074067,6,1,450023897
0.33604075603494,0.652250004880483,6,1,450023897
0.643402508646847,0.731645522700391,6,1,450023897
0.586775193205566,0.554032125411811,6,1,450023897
0.883553727127791,0.259241441272876,6,1,450023897
0.867818658195946,0.733155339972011,6,1,450023897
0.797131541648952,0.332275822531576,6,1,450023897
0.93077621333392,0.855964442528448,6,1,450023897
0.741531886253603,0.224424665295738,6,1,450023897
0.525258491547794,0.670112574328052,6,1,450023897
0.391725406547409,0.786460244645652,6,1,450023897
0.586884777455457,0.220304012790085,6,1,450023897
0.382469551104032,0.128581353519186,6,1,450023897
0.335298310718669,0.246670570641972,6,1,450023897
0.668531378938315,0.801798788337059,6,1,450023897
0.353513541805903,0.832461983617424,6,1,450023897
0.307541591158976,0.291638341113524,6,1,450023897
0.99432872170096,0.681208459399363,6,1,450023897
0.785139457835512,0.716526465932589,6,1,450023897
0.265201602149528,0.498238585565776,6,1,450023897
0.448356690328829,0.983574065366778,6,1,450023897
0.679900386891419,0.827414099955976,6,1,450023897
0.090728214521971,0.296076528978121,6,1,450023897
0.433405036075744,0.351167952298868,6,1,450023897
0.241406087401212,0.829898885429355,6,1,450023897
0.65594959411195,0.100409681005023,6,1,450023897
0.250592657127183,0.600017054708513,6,1,450023897
0.43275893174659,0.240588430011949,6,1,450023897
0.834897261548646,0.023837174334721,6,1,450023897
0.737948158062857,0.101180382899339,6,1,450023897
0.348760585204662,0.45451743087036,6,1,450023897
0.424216808331113,0.898093890850377,6,1,450023897
0.681879374310061,0.005367209138417,6,1,450023897
0.934383822077531,0.161962624065629,6,1,450023897
0.347603524878789,0.315500982669406,6,1,450023897
0.456473605308873,0.230022820292739,6,1,450023897
0.023566374213505,0.517275380481292,6,1,450023897
0.830977525487965,0.285248074746614,6,1,450023897
0.533348502768268,0.557639572107162,6,1,450023897
0.637078779177941,0.333641236937079,6,1,450023897
0.016763957054715,0.198380620759417,6,1,450023897
0.53404375662415,0.199059490921741,6,1,450023897
0.826397069630378,0.474347076580186,6,1,450023897
0.114645423979287,0.0846756707669,6,1,450023897
0.509307159716872,0.12408565416294,6,1,450023897
0.23940018539336,0.501154886918373,6,1,450023897
0.085357541360667,0.523927390742062,6,1,450023897
0.063561991425837,0.393852534006993,6,1,450023897
0.71741396843292,0.954411094426196,6,1,450023897
0.743232907221112,0.1148161517182,6,1,450023897
0.783697024754445,0.607033702039353,6,1,450023897
0.112612594103314,0.480100028689374,6,1,450023897
0.308862114256512,0.599668643374087,6,1,450023897
0.461323410343421,0.528878351799311,6,1,450023897
0.687919218016474,0.410594736075611,6,1,450023897
0.908912266365478,0.758068932489968,6,1,450023897
0.645894578204032,0.563929810987774,6,1,450023897
0.773043695089663,0.544656101190139,6,1,450023897
0.416174352259541,0.103364878676922,6,1,450023897
0.758563516568155,0.187628518715018,6,1,450023897
0.19176055415064,0.376446194007884,6,1,450023897
0.756525724200916,0.502423040410046,6,1,450023897
0.006207614155587,0.918253878263655,6,1,450023897
0.535440105680423,0.18299381043684,6,1,450023897
0.334797742120075,0.771177800853492,6,1,450023897
0.631411312448112,0.210100872027991,6,1,450023897
0.871551946593508,0.406592595817626,6,1,450023897
0.299504810600436,0.429140342701506,6,1,450023897
0.133962518885502,0.524585348116373,6,1,450023897
0.475589014574488,0.046814001964621,6,1,450023897
0.774872171004328,0.399491124447538,6,1,450023897
0.316066816641609,0.203162893578406,6,1,450023897
0.739714059686803,0.111843098365171,6,1,450023897
0.032323948463312,0.963966375830261,6,1,450023897
0.697365665106193,0.961445365862307,6,1,450023897
0.417385594374205,0.04823424621555,6,1,450023897
0.494158756815925,0.591628380585808,6,1,450023897
0.674186941192007,0.356496313554992,6,1,450023897
0.733126934610644,0.871348423008032,6,1,450023897
0.898026957442085,0.897820345813018,6,1,450023897
0.964361001425099,0.379643878705065,6,1,450023897
0.840189314853284,0.026965909251536,6,1,450023897
0.387381484005985,0.416063037739238,6,1,450023897
0.385378000077495,0.997807965832493,6,1,450023897
0.412726994684522,0.821029239305567,6,1,450023897
0.512529424132908,0.715141134843281,6,1,450023897
0.907495781066811,0.531711291219141,6,1,450023897
0.37672688660513,0.224201344212824,6,1,450023897
0.458367244862371,0.721817972220395,6,1,450023897
0.549357269975288,0.915718998331308,6,1,450023897
0.525669100185127,0.577837848073616,6,1,450023897
0.384313871283363,0.644043762348512,6,1,450023897
0.933344587817094,0.249596128060357,6,1,450023897
0.939963502492197,0.956857768572897,6,1,450023897
0.742214091326193,0.279603029048844,6,1,450023897
0.879759751741901,0.417220669162117,6,1,450023897
0.18771348433241,0.863518689109213,6,1,450023897
0.298798831972005,0.562166788808736,6,1,450023897
0.028331584033031,0.623161806932799,6,1,450023897
0.479277918296909,0.386800255972252,6,1,450023897
0.347257245520426,0.183840403509046,6,1,450023897
0.164730436816221,0.368812032372312,6,1,450023897
0.577286614843765,0.739385196755073,6,1,450023897
0.061076552580149,0.955567838618979,6,1,450023897
0.277829185592482,0.961116738400782,6,1,450023897
0.921941335106653,0.124393527937964,6,1,450023897
0.982891358909092,0.061080157376945,6,1,450023897
0.756356847190533,0.096410570946492,6,1,450023897
0.260204062650478,0.555231719194908,6,1,450023897
0.408879032958495,0.535251068511387,6,1,450023897
0.974201559293274,0.288864214715859,6,1,450023897
0.005313628441292,0.594208197904375,6,1,450023897
0.629345948359325,0.584408516901946,6,1,450023897
0.53165990065041,0.988854398574288,6,1,450023897
0.585332499824401,0.950851244091191,6,1,450023897
0.119544931913989,0.866886662939959,6,1,450023897
0.881998909505028,0.654359349532045,6,1,450023897
0.448335179904969,0.622934107322485,6,1,450023897
0.389300973416285,0.591304390967474,6,1,450023897
0.042276175285084,0.963290434405271,6,1,450023897
0.006506739156571,0.327730611647291,6,1,450023897
0.14042518506922,0.46400950436551,6,1,450023897
0.674799209771344,0.873412619736018,6,1,450023897
0.247805813412433,0.585529896264515,6,1,450023897
0.03876784476465,0.743999865131358,6,1,450023897
0.438127728228634,0.607969698376451,6,1,450023897
0.694807341046714,0.131347041174442,6,1,450023897
0.97157824680728,0.233460286223766,6,1,450023897
0.098231717179922,0.549980538204849,6,1,450023897
0.815607263948962,0.665364147609507,6,1,450023897
0.36595046625049,0.156753247454762,6,1,450023897
0.212290503400682,0.818947937972952,6,1,450023897
0.407843065572083,0.051090988102696,6,1,450023897
0.522770582513582,0.944059044335002,6,1,450023897
0.047506453366078,0.254835976702876,6,1,450023897
0.197438844709536,0.347580586333286,6,1,450023897
0.051840079485356,0.743543781892562,6,1,450023897
0.869935882626988,0.091915451932083,6,1,450023897
0.278971128567428,0.85519220932022,6,1,450023897
0.253711600244304,0.515477752770549,6,1,450023897
0.475312821055284,0.637611753993052,6,1,450023897
0.731800940693302,0.172145802557971,6,1,450023897
0.605086522136556,0.212549174532661,6,1,450023897
0.273634344010709,0.318857381471508,6,1,450023897
0.97942826077651,0.03212697054216,6,1,450023897
0.587116902166654,0.39400497960781,6,1,450023897
0.867239081216439,0.982563361926783,6,1,450023897
0.219873858508536,0.024015093621169,6,1,450023897
0.716227833186546,0.650368823898635,6,1,450023897
0.660473985777006,0.971471840375353,6,1,450023897
0.590133511560118,0.707836725866007,6,1,450023897
0.35860705223386,0.095372416342659,6,1,450023897
0.936904316427864,0.297497469383088,6,1,450023897
0.982605037532416,0.832577947020887,6,1,450023897
0.342648808231797,0.499306557526312,6,1,450023897
0.163360940811709,0.929249944155503,6,1,450023897
0.497463725788793,0.449689147916469,6,1,450023897
0.435613635083229,0.152039458114212,6,1,450023897
0.201782770720123,0.448165011278314,6,1,450023897
0.080730237745115,0.491021960777449,6,1,450023897
0.875678704810589,0.435129077671528,6,1,450023897
0.099532701700958,0.92984839006551,6,1,450023897
0.69859103342823,0.553464827210705,6,1,450023897
0.599378478643019,0.203308531279663,6,1,450023897
0.203239931075616,0.117018853275662,6,1,450023897
0.466619712059135,0.088479804208962,6,1,450023897
0.875026944253615,0.200567139664252,6,1,450023897
0.31372917275894,0.682861629673357,6,1,450023897
0.067011088941421,0.238754028230173,6,1,450023897
0.33979535058914,0.811370748872327,6,1,450023897
0.330588746905523,0.475588010428912,6,1,450023897
0.923753211176666,0.17380121508012,6,1,450023897
0.0832946341408,0.841428394401248,6,1,450023897
0.481631130903613,0.095327564351414,6,1,450023897
0.387679989890997,0.850999643528482,6,1,450023897
0.36225852628598,0.774857709805313,6,1,450023897
0.499013552335356,0.413821267547036,6,1,450023897
0.330292844511004,0.739517625991817,6,1,450023897
0.754589520959699,0.027542614771547,6,1,450023897
0.491088656567776,0.80827705323711,6,1,450023897
0.323716180080441,0.685023838250725,6,1,450023897
0.34884562298537,0.243701783119555,6,1,450023897
0.314997593435699,0.967605467873906,6,1,450023897
0.057636054869381,0.92804461352719,6,1,450023897
0.746310012995315,0.219860949378044,6,1,450023897
0.824327206143478,0.338363799990986,6,1,450023897
0.922913839729309,0.405227764462078,6,1,450023897
0.853076801640029,0.815084212932069,6,1,450023897
0.840430578669192,0.22726456059478,6,1,450023897
0.182995461163652,0.119393049053059,6,1,450023897
0.331953794919344,0.367883036620628,6,1,450023897
0.263732494252056,0.557088526419309,6,1,450023897
0.812351977099819,0.241755134402859,6,1,450023897
0.13815652913159,0.009976576419756,6,1,450023897
0.63785995666689,0.49519760263303,6,1,450023897
0.65696613033998,0.060636952955412,6,1,450023897
0.295345218349361,0.588187137175357,6,1,450023897
0.236979636496993,0.022356991021463,6,1,450023897
0.863173818481814,0.189761806337535,6,1,450023897
0.293017629623151,0.09325750965229,6,1,450023897
0.444390341816017,0.789914926901902,6,1,450023897
0.622705223597728,0.042112274981381,6,1,450023897
0.562964870053651,0.885189812111089,6,1,450023897
0.704185864298192,0.803088647023422,6,1,450023897
0.835149065204334,0.330535422290488,6,1,450023897
0.078652107360398,0.107613825114689,6,1,450023897
0.580523173031466,0.966583957109241,6,1,450023897
0.732762790312873,0.813797587680672,6,1,450023897
0.421103657020019,0.429363549265702,6,1,450023897
0.670430442092744,0.907318979566755,6,1,450023897
0.331921453810293,0.128560470777931,6,1,450023897
0.669126542157042,0.242411109074598,6,1,450023897
0.05276884772742,0.740796941465761,6,1,450023897
0.552766396642433,0.967554302233206,6,1,450023897
0.248353060938369,0.205992213087778,6,1,450023897
0.181399403857223,0.237715290652872,6,1,450023897
0.312882510648391,0.137725987635905,6,1,450023897
0.757344812648766,0.253445692713645,6,1,450023897
0.255152093781262,0.762625085044597,6,1,450023897
0.978076766301868,0.886880272699487,6,1,450023897
0.671481696772708,0.98914556095952,6,1,450023897
0.028076425263512,0.155651899915622,6,1,450023897
0.416401923397234,0.972724157807517,6,1,450023897
0.39503391490645,0.587966390767172,6,1,450023897
0.214770179241852,0.592124664785562,6,1,450023897
0.02019536717503,0.085557440005429,6,1,450023897
0.124038330303519,0.580905913198113,6,1,450023897
0.348316139347183,0.235967963933721,6,1,450023897
0.451683801103671,0.6682902776396,6,1,450023897
0.429593678872931,0.151581176447346,6,1,450023897
0.460353427933836,0.975312634481356,6,1,450023897
0.344118987020829,0.820050810221979,6,1,450023897
0.952059640538718,0.084981475514835,6,1,450023897
0.868798776955413,0.639256942807538,6,1,450023897
0.612806857237117,0.659285511565125,6,1,450023897
0.487364651148275,0.27964001328338,6,1,450023897
0.82031563733306,0.21123041980425,6,1,450023897
0.556000342646209,0.26774244371248,6,1,450023897
0.470050369063695,0.656692387740393,6,1,450023897
0.680280830891581,0.717013887024886,6,1,450023897
0.258546627743126,0.568726043001067,6,1,450023897
0.133532723884336,0.445412404856171,6,1,450023897
0.778071810402377,0.636066600350116,6,1,450023897
0.452388166160922,0.314060639927491,6,1,450023897
0.72294314095475,0.687917027979238,6,1,450023897
0.182219097086709,0.997192721536076,6,1,450023897
0.485365249512826,0.788713088378098,6,1,450023897
0.11330283035027,0.550853842198338,6,1,450023897
0.427439179953459,0.329410173751499,6,1,450023897
0.247983757618317,0.086291405248717,6,1,450023897
0.156033129356803,0.745938047982509,6,1,450023897
0.169760093105586,0.573702996338923,6,1,450023897
0.198495287854099,0.480820408240556,6,1,450023897
0.447138792520601,0.302982831955683,6,1,450023897
0.579726759689602,0.070558435625191,6,1,450023897
0.198265503419608,0.810335470733636,6,1,450023897
0.934923174660904,0.789228682521974,6,1,450023897
0.966751124553109,0.14310135232129,6,1,450023897
0.957331476799489,0.107847294347634,6,1,450023897
0.614779572212232,0.179866029785889,6,1,450023897
0.1766579447358,0.339404089030732,6,1,450023897
0.026496590881018,0.348900849489066,6,1,450023897
0.291302669497769,0.231071672231338,6,1,450023897
0.032842597239969,0.495210168052003,6,1,450023897
0.536384416012858,0.937946326431298,6,1,450023897
0.118406993309521,0.834935924718678,6,1,450023897
0.859559022699018,0.766778788218456,6,1,450023897
0.151545561647571,0.905597593658831,6,1,450023897
0.997923787303551,0.313504875994933,6,1,450023897
0.590916343813414,0.17162172113355,6,1,450023897
0.901838946226127,0.134987206879881,6,1,450023897
0.364753473333806,0.476842061004698,6,1,450023897
0.335286645541819,0.893231079239288,6,1,450023897
0.893612950068052,0.849127834932826,6,1,450023897
0.897426845653492,0.989438908274651,6,1,450023897
0.532987501127568,0.257023786270928,6,1,450023897
0.156298785380429,0.065619325211841,6,1,450023897
0.049103050639928,0.79426322746035,6,1,450023897
0.063155135767757,0.393068649409391,6,1,450023897
0.609371820460896,0.4252406233918,6,1,450023897
0.324706063955642,0.089893693634403,6,1,450023897
0.168392666894793,0.863007922760444,6,1,450023897
0.950588362886829,0.31384695792709,6,1,450023897
0.061051993921662,0.371084539483996,6,1,450023897
0.764664562065991,0.06209625483967,6,1,450023897
0.076193776162362,0.281348083638222,6,1,450023897
0.271295910311254,0.976152849060113,6,1,450023897
0.277490434294055,0.802499217206114,6,1,450023897
0.901522028713026,0.598033335464151,6,1,450023897
0.362560884619618,0.257070407316371,6,1,450023897
0.329119034750489,0.852832539421537,6,1,450023897
0.407045857425997,0.229675449709167,6,1,450023897
0.242797349636407,0.143235734761599,6,1,450023897
0.427264722829982,0.235172411354423,6,1,450023897
0.688339028373133,0.333100494538854,6,1,450023897
0.31324245879614,0.422640192901544,6,1,450023897
0.853263860329006,0.070089654986709,6,1,450023897
0.33330862831029,0.519544468966061,6,1,450023897
0.956652366082356,0.351439031550082,6,1,450023897
0.592135400744624,0.690195918337609,6,1,450023897
0.72804292378944,0.972294099745193,6,1,450023897
0.535994583931994,0.233580335763822,6,1,450023897
0.811859327191783,0.512652672405283,6,1,450023897
0.84217872421984,0.077866094200526,6,1,450023897
0.317614122488905,0.816801108879241,6,1,450023897
0.80394458828725,0.842371915308037,6,1,450023897
0.6511721671699,0.498233521147596,6,1,450023897
0.628001906926935,0.832503474941379,6,1,450023897
0.708647970719689,0.863395410798911,6,1,450023897
0.898484036253668,0.709144908631838,6,1,450023897
0.492049201968398,0.789193942573182,6,1,450023897
0.829501427599461,0.731217064298065,6,1,450023897
0.214567995991125,0.512069287133758,6,1,450023897
0.827792912548246,0.408591340988216,6,1,450023897
0.003461022163522,0.990522778591267,6,1,450023897
0.3176534465212,0.122274335398508,6,1,450023897
0.379747626253776,0.488349089054214,6,1,450023897
0.742231618065291,0.769755305517148,6,1,450023897
0.796495102568303,0.292421372133114,6,1,450023897
0.148453969470152,0.77563462482572,6,1,450023897
0.651248977486792,0.026729818535217,6,1,450023897
0.787247090227846,0.871128326860733,6,1,450023897
0.353205031995336,0.853475597678201,6,1,450023897
0.716392806377371,0.890770291799837,6,1,450023897
0.222009209397212,0.962373714722699,6,1,450023897
0.4802658806852,0.460610185235441,6,1,450023897
0.22261053197041,0.140920116092368,6,1,450023897
0.558867192683765,0.859431626409883,6,1,450023897
0.799380821059848,0.891229325730656,6,1,450023897
0.427980231565629,0.522992043573669,6,1,450023897
0.362754779649311,0.513151328517709,6,1,450023897
0.752941898777593,0.631011837280076,6,1,450023897
0.302932396162112,0.808727207195095,6,1,450023897
0.450433567747778,0.967617397868748,6,1,450023897
0.757724987671266,0.57964498623863,6,1,450023897
0.095861658242869,0.778168482583035,6,1,450023897
0.745415640691224,0.887208631055019,6,1,450023897
0.428311453810417,0.658877939204751,6,1,450023897
0.688542629541475,0.123434804603986,6,1,450023897
0.510722166606702,0.610357428915531,6,1,450023897
0.800805364289173,0.30224322981992,6,1,450023897
0.439844380969922,0.262199810352344,6,1,450023897
0.286829509145359,0.621308492415141,6,1,450023897
0.368706323231396,0.932935619992776,6,1,450023897
0.813318359871591,0.267992324872387,6,1,450023897
0.003728633830869,0.628176920728938,6,1,450023897
0.250156115141038,0.646877239386056,6,1,450023897
0.669291364542299,0.299489119656491,6,1,450023897
0.251317527262107,0.691773722504262,6,1,450023897
0.494471594808534,0.687507555113021,6,1,450023897
0.847978123556536,0.6916749762277,6,1,450023897
0.269833553786663,0.855042211963841,6,1,450023897
0.860007486010964,0.107984495266956,6,1,450023897
0.046567341167912,0.079390440722032,6,1,450023897
0.597067735207388,0.189443680930881,6,1,450023897
0.605936619406864,0.117804447535583,6,1,450023897
0.01682810510589,0.801537897412809,6,1,450023897
0.513909347023452,0.986036411186101,6,1,450023897
0.235345793217544,0.778761053250383,6,1,450023897
0.594010063330873,0.297111158160198,6,1,450023897
0.043451874369009,0.280970701040114,6,1,450023897
0.300846033485417,0.895952212006634,6,1,450023897
0.873020972378448,0.089166525490705,6,1,450023897
0.657423672824366,0.995214455492204,6,1,450023897
0.478291448390242,0.511377258180862,6,1,450023897
0.131285822834886,0.268652429569878,6,1,450023897
0.44994251462043,0.585942326477042,6,1,450023897
0.067664468966055,0.390580273094341,6,1,450023897
0.563423980694988,0.567326269970042,6,1,450023897
0.072257536770837,0.323455887138761,6,1,450023897
0.878072452154003,0.258705291140337,6,1,450023897
0.041902403038904,0.250348132385692,6,1,450023897
0.449838020202984,0.615917037522124,6,1,450023897
0.378332891468884,0.425022854971585,6,1,450023897
0.497983710598801,0.18896628906223,6,1,450023897
0.28837086253544,0.369609780341301,6,1,450023897
0.874909341806979,0.39013078077278,6,1,450023897
0.973316758131759,0.78828911251708,6,1,450023897
0.728290488143172,0.28181277814422,6,1,450023897
0.940968558840164,0.28516289521761,6,1,450023897
0.316012250537914,0.562633837164397,6,1,450023897
0.635611949221678,0.475453306691941,6,1,450023897
0.036916788962109,0.696871557912549,6,1,450023897
0.074488686923902,0.361396060303337,6,1,450023897
0.87417215745054,0.680188766017665,6,1,450023897
0.203664549231982,0.907673830454856,6,1,450023897
0.613109767706845,0.763707250974848,6,1,450023897
0.241881876959044,0.595961522345091,6,1,450023897
0.39166612315837,0.568829447761484,6,1,450023897
0.367895961592325,0.364131211197741,6,1,450023897
0.369103964459474,0.416813281666265,6,1,450023897
0.724958969751541,0.742891554667736,6,1,450023897
0.557477219305947,0.369956822261677,6,1,450023897
0.86552808544556,0.191112777060582,6,1,450023897
0.150342423864254,0.435351170973756,6,1,450023897
0.43994017315151,0.600815187507943,6,1,450023897
0.004509307049771,0.617511035045771,6,1,450023897
0.144707816242353,0.693775344821423,6,1,450023897
0.283161515436425,0.022794834819867,6,1,450023897
0.68925654938194,0.563931043624578,6,1,450023897
0.652468149891121,0.016376777225371,6,1,450023897
0.81433712742947,0.933242347290624,6,1,450023897
0.838845158187561,0.511635831454562,6,1,450023897
0.201010114775843,0.783392900143322,6,1,450023897
0.800315467382667,0.832177461253519,6,1,450023897
0.44601490482603,0.901691881468403,6,1,450023897
0.24295502069913,0.228305775649846,6,1,450023897
0.14749895634679,0.536764079777616,6,1,450023897
0.722201779996885,0.052615189681911,6,1,450023897
0.544496887821222,0.79809150679892,6,1,450023897
0.108842809565213,0.803472558349737,6,1,450023897
0.084213698837218,0.653196972008371,6,1,450023897
0.770784763436904,0.730511972790856,6,1,450023897
0.753079941141832,0.377236446143271,6,1,450023897
0.424251001269212,0.462866015775626,6,1,450023897
0.00071106356778,0.091993750111628,6,1,450023897
0.241838821116738,0.168709159707435,6,1,450023897
0.610316869762054,0.594747160365674,6,1,450023897
0.469908078261442,0.083789962311056,6,1,450023897
0.924771486031481,0.022204949695062,6,1,450023897
0.504062689949085,0.85698097846898,6,1,450023897
0.424468052858004,0.020682628780268,6,1,450023897
0.099024810566955,0.052476253517713,6,1,450023897
0.771246377093677,0.000921594652894,6,1,450023897
0.147990825420572,0.321118292830583,6,1,450023897
0.08209613173113,0.744425656530068,6,1,450023897
0.256597487228282,0.207437517935179,6,1,450023897
0.377001793575997,0.097917707563466,6,1,450023897
0.157915135223444,0.294339313189354,6,1,450023897
0.857210094658178,0.743496488991461,6,1,450023897
0.867424691066522,0.403974693402795,6,1,450023897
0.91336439365791,0.064298912790788,6,1,450023897
0.360723291711308,0.871182944741039,6,1,450023897
0.537364747722751,0.938950614691511,6,1,450023897
0.471743588120687,0.484995403059179,6,1,450023897
0.117476197004856,0.892813783049796,6,1,450023897
0.65555963365442,0.55404151769231,6,1,450023897
0.433122234961074,0.410017625427328,6,1,450023897
0.237392198588851,0.693299925155934,6,1,450023897
0.033964211321146,0.367484077280875,6,1,450023897
0.778215178134743,0.352488739106517,6,1,450023897
0.087281455315982,0.490636858612592,6,1,450023897
0.227403583378117,0.81049047146611,6,1,450023897
0.208331303675543,0.450209902195204,6,1,450023897
0.604152924419614,0.345559469645193,6,1,450023897
0.75028183856606,0.720546250956205,6,1,450023897
0.05193876326424,0.557660222950167,6,1,450023897
0.52347447515527,0.602006414723064,6,1,450023897
0.244074501267686,0.367137306344127,6,1,450023897
0.938187692802396,0.873580806501021,6,1,450023897
0.283463909887148,0.043018679375602,6,1,450023897
0.120736835239964,0.386527956165617,6,1,450023897
0.435934779090236,0.724606328817139,6,1,450023897
0.63965942915771,0.535836594037557,6,1,450023897
0.264078603231447,0.2916088849339,6,1,450023897
0.096899486605398,0.953536138424754,6,1,450023897
0.987310297255821,0.110923310401339,6,1,450023897
0.988317734799258,0.956356937690947,6,1,450023897
0.183901268512873,0.142273600641028,6,1,450023897
0.918519743408349,0.249968004079537,6,1,450023897
0.272028046004983,0.120266580273648,6,1,450023897
0.466907141451311,0.142996603937345,6,1,450023897
0.559417775006481,0.047025948312232,6,1,450023897
0.745021588288638,0.056260505012318,6,1,450023897
0.034960788539136,0.027417696491328,6,1,450023897
0.959665172217341,0.426120611595134,6,1,450023897
0.490699913234563,0.557981246720075,6,1,450023897
0.101944932700743,0.195587637419928,6,1,450023897
0.00889494866024,0.741032466163599,6,1,450023897
0.219303223395042,0.962793773520951,6,1,450023897
0.326399576587908,0.537006123520006,6,1,450023897
0.59575983168018,0.51366633635197,6,1,450023897
0.097377763615485,0.090957137430951,6,1,450023897
0.56500562482465,0.904117082465811,6,1,450023897
0.615425103028044,0.373241109462347,6,1,450023897
0.6116518525786,0.476787579370318,6,1,450023897
0.127449571061387,0.859746575130711,6,1,450023897
0.877852893902657,0.198367444702137,6,1,450023897
0.47420611703417,0.743653029442984,6,1,450023897
0.185684845730333,0.48572873541665,6,1,450023897
0.426167385909123,0.218539894648199,6,1,450023897
0.210075678955464,0.252596777019409,6,1,450023897
0.748452798451176,0.701773508670364,6,1,450023897
0.492747577354674,0.253203541426858,6,1,450023897
0.724826746102046,0.477450745811629,6,1,450023897
0.574545429456775,0.925347022853311,6,1,450023897
0.598316238777422,0.129779588126105,6,1,450023897
0.641690033072363,0.842506033351839,6,1,450023897
0.144786962357631,0.310627684077189,6,1,450023897
0.730908147222271,0.573136857276935,6,1,450023897
0.385855744493469,0.839073117774114,6,1,450023897
0.719056157814366,0.215004329835755,6,1,450023897
0.967619253687691,0.128357281125402,7,1,785200123
0.585153553814166,0.771813264594218,7,1,785200123
0.129159823618826,0.256072307896764,7,1,785200123
0.861877673776273,0.968038667920457,7,1,785200123
0.241684536106083,0.164418325470532,7,1,785200123
0.746127616546869,0.357680027313889,7,1,785200123
0.073076529453542,0.987366851201267,7,1,785200123
0.145228676572265,0.120496998381285,7,1,785200123
0.480837885704425,0.730307338656889,7,1,785200123
0.191782332047754,0.928189313366733,7,1,785200123
0.083043583237488,0.050007335449807,7,1,785200123
0.025060065890079,0.046363689512312,7,1,785200123
0.187597209784247,0.408696317568742,7,1,785200123
0.611719970743037,0.23190420015526,7,1,785200123
0.471762388026718,0.712655002062677,7,1,785200123
0.774089792243567,0.794428958465161,7,1,785200123
0.951795185782184,0.070106638128752,7,1,785200123
0.157735866108647,0.855555100570376,7,1,785200123
0.111604559442036,0.358870147256046,7,1,785200123
0.214765219921362,0.535983033809532,7,1,785200123
0.669719486957223,0.881149663582427,7,1,785200123
0.405283201228351,0.52794997538982,7,1,785200123
0.355442691538201,0.500998542439435,7,1,785200123
0.726656873140131,0.269391842531106,7,1,785200123
0.237923095368118,0.309410538067963,7,1,785200123
0.368709961051106,0.726191805641945,7,1,785200123
0.605979572596099,0.042654156895017,7,1,785200123
0.762702437186661,0.610182655361739,7,1,785200123
0.131861543821859,0.191381299812867,7,1,785200123
0.542923957911976,0.713109262767159,7,1,785200123
0.068732224994799,0.981204162480604,7,1,785200123
0.971957020833295,0.920546486953675,7,1,785200123
0.529512859315758,0.17984949672749,7,1,785200123
0.194142422751511,0.38480711418108,7,1,785200123
0.473827072539936,0.991662740265211,7,1,785200123
0.276506002960922,0.282163082559333,7,1,785200123
0.890136818686007,0.13714866970487,7,1,785200123
0.372382196257797,0.55724259264436,7,1,785200123
0.801762184722261,0.583399795498931,7,1,785200123
0.500196760246683,0.066255012056899,7,1,785200123
0.148329505052122,0.29067684914411,7,1,785200123
0.368347064520142,0.57073366354621,7,1,785200123
0.298293296163544,0.771070884759177,7,1,785200123
0.396845606301176,0.10477693395127,7,1,785200123
0.933529604406784,0.217089467259597,7,1,785200123
0.58736820636339,0.341305858090821,7,1,785200123
0.31359939426151,0.451174543631395,7,1,785200123
0.175575784626917,0.716646483135368,7,1,785200123
0.475132572501507,0.971572719934575,7,1,785200123
0.063054080884968,0.237783733153605,7,1,785200123
0.750884536038071,0.925643341118081,7,1,785200123
0.8709433896752,0.092922763084982,7,1,785200123
0.103368969816621,0.92860378813195,7,1,785200123
0.083306132145608,0.413533052101728,7,1,785200123
0.159571784060083,0.263874871485909,7,1,785200123
0.155506901910941,0.794838948426212,7,1,785200123
0.50610317672238,0.150604213391182,7,1,785200123
0.651356423469016,0.471760291238244,7,1,785200123
0.75824576597471,0.444608823480307,7,1,785200123
0.442496920590008,0.368595075406234,7,1,785200123
0.151708838773757,0.350892397839864,7,1,785200123
0.754483496345021,0.593275424603282,7,1,785200123
0.922500008298926,0.469056821905035,7,1,785200123
0.376242264446331,0.330817444250061,7,1,785200123
0.538177172289344,0.767341903228468,7,1,785200123
0.663062722853694,0.505624241614296,7,1,785200123
0.922845332938421,0.886690503493248,7,1,785200123
0.058008569507919,0.028590599175314,7,1,785200123
0.178614398200529,0.513151348053504,7,1,785200123
0.732607305043926,0.922496828281668,7,1,785200123
0.947835444723685,0.42509490204722,7,1,785200123
0.604905859712852,0.127968541015685,7,1,785200123
0.483284709992852,0.221132540024658,7,1,785200123
0.431456287041494,0.332317848083482,7,1,785200123
0.697566154900733,0.665292805938889,7,1,785200123
0.889521122686834,0.734870922158254,7,1,785200123
0.948354723350751,0.047922814304514,7,1,785200123
0.566765949386966,0.264925409697964,7,1,785200123
0.082704346512507,0.953946753166459,7,1,785200123
0.55793223969352,0.402270975602901,7,1,785200123
0.311496014493277,0.354527968907278,7,1,785200123
0.931460362782583,0.415244507854669,7,1,785200123
0.814202970146219,0.993844453719098,7,1,785200123
0.673759592691825,0.527581158816967,7,1,785200123
0.584501642657914,0.629602132763545,7,1,785200123
0.844797880530411,0.252861355116357,7,1,785200123
0.918858332444868,0.804074446005991,7,1,785200123
0.585911406938792,0.894142630894064,7,1,785200123
0.123073300972992,0.471870399043973,7,1,785200123
0.309209652314712,0.996404762215983,7,1,785200123
0.465865898802964,0.991297680244246,7,1,785200123
0.867679323435592,0.360725176989519,7,1,785200123
0.143934879417128,0.698101192548287,7,1,785200123
0.756066096695204,0.081641056124094,7,1,785200123
0.039530969502254,0.523521783407846,7,1,785200123
0.424840147896508,0.952943586782665,7,1,785200123
0.349429136260233,0.893033779069354,7,1,785200123
0.603028137670498,0.502188477404224,7,1,785200123
0.743290264442948,0.447783810390841,7,1,785200123
0.120420367396031,0.860496706057689,7,1,785200123
0.569753403245562,0.967667952593985,7,1,785200123
0.095639045820807,0.651757493877513,7,1,785200123
0.770200872583803,0.243148019920168,7,1,785200123
0.51377943352799,0.094135637539804,7,1,785200123
0.582990819741665,0.542321539218215,7,1,785200123
0.155813115694537,0.546823367034924,7,1,785200123
0.825052698104106,0.750424934356672,7,1,785200123
0.561668097758022,0.806267019505841,7,1,785200123
0.523093088178942,0.220862343856766,7,1,785200123
0.20987789166577,0.558636819622395,7,1,785200123
0.933260732741038,0.870017648225031,7,1,785200123
0.378918162881777,0.529097970064728,7,1,785200123
0.535971253450235,0.072520588406395,7,1,785200123
0.218825451220925,0.033479714532031,7,1,785200123
0.421693368271859,0.469302054393095,7,1,785200123
0.406419899017239,0.834228677781008,7,1,785200123
0.593850565645396,0.887688251375976,7,1,785200123
0.383429852782398,0.430071213445041,7,1,785200123
0.106592877428708,0.190946691971,7,1,785200123
0.584043122965122,0.167599040272353,7,1,785200123
0.628045831941712,0.024111424698262,7,1,785200123
0.246886130367577,0.853031377513599,7,1,785200123
0.973744627392758,0.103579220126715,7,1,785200123
0.376158509740689,0.863695577323388,7,1,785200123
0.390313369174185,0.909881941273972,7,1,785200123
0.167627845333498,0.111307969099989,7,1,785200123
0.88605087848402,0.386204916414571,7,1,785200123
0.747415217067321,0.592924789178785,7,1,785200123
0.702935806445359,0.519634679535786,7,1,785200123
0.384978987287469,0.68047299217709,7,1,785200123
0.103665769446455,0.487784136758198,7,1,785200123
0.436431145766052,0.746059313217801,7,1,785200123
0.007696273981788,0.390356597417242,7,1,785200123
0.150296481905278,0.197794976277748,7,1,785200123
0.651847513308042,0.453374634873326,7,1,785200123
0.125051954084282,0.509663042222654,7,1,785200123
0.373897728407938,0.993213805156544,7,1,785200123
0.646259865147128,0.368993519245336,7,1,785200123
0.82168415934629,0.358244925763247,7,1,785200123
0.350835260656589,0.636401579794641,7,1,785200123
0.375584032600999,0.527803109299891,7,1,785200123
0.666964091040267,0.415582160728274,7,1,785200123
0.338849041996394,0.04136547769145,7,1,785200123
0.260416116887967,0.164144143976329,7,1,785200123
0.498119143794426,0.455233957354742,7,1,785200123
0.281471786649279,0.441705885603982,7,1,785200123
0.985542473398207,0.579683090249822,7,1,785200123
0.551410235606458,0.587763167973865,7,1,785200123
0.98428008186996,0.336447267611673,7,1,785200123
0.953481256679164,0.349379485737223,7,1,785200123
0.710775465143088,0.194585637807671,7,1,785200123
0.200510796005196,0.23753799961036,7,1,785200123
0.280020709508774,0.792177319454402,7,1,785200123
0.839766484276924,0.181033086708882,7,1,785200123
0.514152281785972,0.531962811631451,7,1,785200123
0.825435632095793,0.868068851546862,7,1,785200123
0.49006179497582,0.650962957708652,7,1,785200123
0.240045348520388,0.01827098596377,7,1,785200123
0.638307410518034,0.507269227847175,7,1,785200123
0.778380557637847,0.711607143131543,7,1,785200123
0.503464366856279,0.601614427910451,7,1,785200123
0.420932267907126,0.815750295278004,7,1,785200123
0.855153935829808,0.156996450956779,7,1,785200123
0.318635433600847,0.499708750992066,7,1,785200123
