0.699341853869938,0.916541850175375,7,1,785200123
0.286631587189702,0.799085168916097,7,1,785200123
0.881098925911891,0.187959830693883,7,1,785200123
0.462018947190089,0.207116167670729,7,1,785200123
0.392867907323681,0.062351983825468,7,1,785200123
0.61902801372766,0.305683445654447,7,1,785200123
0.206382514149269,0.165806396456378,7,1,785200123
0.354788656338789,0.521775899152833,7,1,785200123
0.431735794208687,0.264119148894315,7,1,785200123
0.859830085426395,0.197421553096576,7,1,785200123
0.873696722040655,0.534150519214575,7,1,785200123
0.269682201642815,0.29489745076516,7,1,785200123
0.603225640104348,0.339736785303633,7,1,785200123
0.657423401116378,0.22406395856443,7,1,785200123
0.991240237512307,0.905742951833016,7,1,785200123
0.571746247090788,0.474959971524685,7,1,785200123
0.762035938886699,0.370755761701032,7,1,785200123
0.651089260166759,0.966333663191599,7,1,785200123
0.015365634541968,0.317079980056396,7,1,785200123
0.251609208028158,0.27957304797545,7,1,785200123
0.839035437040038,0.026115862598251,7,1,785200123
0.215245524143201,0.23753968822664,7,1,785200123
0.087974972390903,0.387858704879644,7,1,785200123
0.873854126542349,0.60909747172455,7,1,785200123
0.141091593502682,0.605176498744269,7,1,785200123
0.136365533568502,0.072668027820634,7,1,785200123
0.963820297612592,0.576684838375321,7,1,785200123
0.03814777505931,0.955932881497096,7,1,785200123
0.602132043220508,0.116453032119718,7,1,785200123
0.445231616924366,0.683842158868168,7,1,785200123
0.312865083993594,0.974439011346644,7,1,785200123
0.700782519701919,0.313377843150793,7,1,785200123
0.895595257888642,0.958464827542218,7,1,785200123
0.877179241019696,0.01105954492298,7,1,785200123
0.432863066539922,0.326708339957739,7,1,785200123
0.954286972046508,0.837969126908956,7,1,785200123
0.568426466976485,0.019101519126605,7,1,785200123
0.682988153599296,0.747110098097608,7,1,785200123
0.657310467411536,0.226688765421694,7,1,785200123
0.112761640453008,0.269206155034536,7,1,785200123
0.60677539759491,0.259913506732118,7,1,785200123
0.763076768484003,0.965583177529281,7,1,785200123
0.993928181676991,0.669965249174147,7,1,785200123
0.20059604918922,0.360566969422056,7,1,785200123
0.093551814344417,0.101732969474858,7,1,785200123
0.347656032357421,0.730869140475466,7,1,785200123
0.778829883537979,0.412575359964711,7,1,785200123
0.192223424766005,0.825721878594533,7,1,785200123
0.86799524633973,0.178031836120662,7,1,785200123
0.695498956435087,0.319061734048681,7,1,785200123
0.381532330323123,0.823762985116694,7,1,785200123
0.600569216538236,0.553851379451445,7,1,785200123
0.347415217825745,0.272422649259418,7,1,785200123
0.533982193692238,0.928667798139393,7,1,785200123
0.245964502903605,0.174828082367019,7,1,785200123
0.261849707450473,0.097973909757799,7,1,785200123
0.921257959798391,0.506708889735858,7,1,785200123
0.213055762929631,0.010030023644223,7,1,785200123
0.802631181827171,0.555479033173459,7,1,785200123
0.414376989432809,0.690190451403457,7,1,785200123
0.577656194716795,0.095890824897684,7,1,785200123
0.795797352507667,0.592369720836023,7,1,785200123
0.037087769186426,0.859093521351653,7,1,785200123
0.41902655187526,0.287751830995398,7,1,785200123
0.672618008973189,0.236533126761133,7,1,785200123
0.558207208170694,0.237355185530852,7,1,785200123
0.749882395102223,0.528294520280781,7,1,785200123
0.719023616125105,0.403854761786032,7,1,785200123
0.002011099733189,0.944900599326308,7,1,785200123
0.620900104846996,0.498102223007647,7,1,785200123
0.793121425934072,0.002247349793254,7,1,785200123
0.886704799711684,0.727073553834435,7,1,785200123
0.586498760990144,0.911268208988304,7,1,785200123
0.685350473901543,0.012513303954702,7,1,785200123
0.81881485268262,0.057084229525106,7,1,785200123
0.854910803658812,0.783332992511221,7,1,785200123
0.829583783687468,0.686811734924737,7,1,785200123
0.097347073968311,0.6098609363727,7,1,785200123
0.324157788454836,0.480862431403481,7,1,785200123
0.680666982260786,0.14432909617709,7,1,785200123
0.958916388883526,0.769485106745814,7,1,785200123
0.710313328993317,0.059522301403105,7,1,785200123
0.02890402446574,0.774462569806609,7,1,785200123
0.438807645144343,0.936303901346286,7,1,785200123
0.911022748792568,0.405290947453244,7,1,785200123
0.271149609856455,0.340770818968061,7,1,785200123
0.869988387537355,0.819832930906981,7,1,785200123
0.093200377297841,0.653080516778422,7,1,785200123
0.069609998609456,0.171350396444692,7,1,785200123
0.301253829072451,0.562531042990085,7,1,785200123
0.148553692106546,0.706986178567445,7,1,785200123
0.443226904892844,0.527264527754673,7,1,785200123
0.517604286501104,0.657178365531644,7,1,785200123
0.69537645357566,0.912003438696782,7,1,785200123
0.614538768932089,0.161154986501458,7,1,785200123
0.493176382797471,0.963518371961416,7,1,785200123
0.713077950936865,0.810570861500924,7,1,785200123
0.510966193330319,0.261064689270253,7,1,785200123
0.523983892503865,0.261512375273645,7,1,785200123
0.842207519847959,0.787814552170477,7,1,785200123
0.749222082168184,0.76451014820811,7,1,785200123
0.67066277624478,0.309350419622528,7,1,785200123
0.954209515649818,0.392863400709466,7,1,785200123
0.942536036176004,0.31657418047919,7,1,785200123
0.608520638986102,0.21149431467788,7,1,785200123
0.550592910669153,0.392926230425863,7,1,785200123
0.912025087828978,0.621714173455822,7,1,785200123
0.32350316085317,0.499597024773235,7,1,785200123
0.07128283205235,0.641697491586099,7,1,785200123
0.677125585184546,0.337453207472925,7,1,785200123
0.020123589934717,0.93812464019455,7,1,785200123
0.129181969623727,0.6406892318005,7,1,785200123
0.18868916262168,0.011366694002827,7,1,785200123
0.004743276349926,0.984754507300841,7,1,785200123
0.816818629151755,0.054751307416312,7,1,785200123
0.567177397647092,0.449895232795049,7,1,785200123
0.480508356942369,0.657861882948334,7,1,785200123
0.497685057652586,0.271688982988472,7,1,785200123
0.954279898054446,0.704486151992339,7,1,785200123
0.116276451349739,0.431239626059837,7,1,785200123
0.267640592603129,0.52774533540001,7,1,785200123
0.988017904656765,0.990238205191728,7,1,785200123
0.830423431707928,0.628097832396277,7,1,785200123
0.590604759781566,0.859885907525711,7,1,785200123
0.799643832430279,0.034326490619168,7,1,785200123
0.532792509971369,0.607713043491961,7,1,785200123
0.439613070456685,0.693281869496708,7,1,785200123
0.407945699003931,0.852617612727325,7,1,785200123
0.087399310403906,0.111068638107115,7,1,785200123
0.7429397614703,0.775986230177466,7,1,785200123
0.477328928862759,0.836525515891824,7,1,785200123
0.659878326761905,0.285548689059451,7,1,785200123
0.601072277391718,0.27726386092864,7,1,785200123
0.806564324046237,0.408657078983724,7,1,785200123
0.983959628655463,0.76919396035507,7,1,785200123
0.831390532331301,0.562969086437411,7,1,785200123
0.2435246397652,0.782381877005972,7,1,785200123
0.179291247363347,0.455054371130478,7,1,785200123
0.06287422281468,0.639243906738219,7,1,785200123
0.267623392923865,0.491231737024594,7,1,785200123
0.259335278321785,0.145499944630011,7,1,785200123
0.164322255956622,0.749984125073649,7,1,785200123
0.457930158867676,0.089970853525711,7,1,785200123
0.735403208596424,0.761587411339684,7,1,785200123
0.989584688028245,0.65621918421923,7,1,785200123
0.854857591989263,0.568128076045692,7,1,785200123
0.025573543797646,0.407196374157051,7,1,785200123
0.677217408213035,0.795873613955993,7,1,785200123
0.632559986779343,0.65347422180274,7,1,785200123
0.161539970158246,0.761999395537854,7,1,785200123
0.386687976687523,0.696301523145421,7,1,785200123
0.005290478030981,0.958963521817766,7,1,785200123
0.420536538806161,0.648641990545645,7,1,785200123
0.897576597015876,0.612361663062474,7,1,785200123
0.2933480103316,0.280512630856394,7,1,785200123
0.533416261921851,0.391881642475928,7,1,785200123
0.872792501698478,0.609356215813573,7,1,785200123
0.144195851450385,0.770017597997038,7,1,785200123
0.4956338879181,0.761845962152193,7,1,785200123
0.394202956161885,0.969492098410596,7,1,785200123
0.035012594829672,0.970433606359029,7,1,785200123
0.369094466834654,0.917873601101018,7,1,785200123
0.143663414849575,0.436117181390428,7,1,785200123
0.039386738020904,0.136666073181775,7,1,785200123
0.865237196982849,0.188318180268896,7,1,785200123
0.020531968048311,0.032186397440395,7,1,785200123
0.009997336132782,0.003422017026348,7,1,785200123
0.670870760865944,0.62683422871804,7,1,785200123
0.176513167824218,0.905449949421423,7,1,785200123
0.569728002716614,0.371898165587002,7,1,785200123
0.067574563692655,0.765494418484846,7,1,785200123
0.200145224040899,0.316830979661882,7,1,785200123
0.796402568077636,0.040964026013567,7,1,785200123
0.224219446531238,0.574966139353788,7,1,785200123
0.208333556986799,0.751348337780928,7,1,785200123
0.083745272590039,0.721936188212384,7,1,785200123
0.853505427177194,0.374126710183151,7,1,785200123
0.784833003952764,0.490593282999986,7,1,785200123
0.1376756722839,0.462609599918232,7,1,785200123
0.632402636252393,0.885021083427512,7,1,785200123
0.351153187737165,0.436914555231483,7,1,785200123
0.368929923389654,0.626265854803922,7,1,785200123
0.72992732787486,0.179943703971671,7,1,785200123
0.641547308309442,0.663704393109766,7,1,785200123
0.438428476427308,0.782142708700588,7,1,785200123
0.972578898330826,0.338504646201955,7,1,785200123
0.37995694214109,0.021986339258759,7,1,785200123
0.440815717605482,0.669424903641635,7,1,785200123
0.038668031758511,0.943548920691454,7,1,785200123
0.094313393546982,0.146235510225634,7,1,785200123
0.136102664734312,0.198182465956252,7,1,785200123
0.710221403750487,0.362336845676512,7,1,785200123
0.745604714038249,0.654239346314096,7,1,785200123
0.893129713706954,0.795686078194246,7,1,785200123
0.649567699707918,0.146940260278942,7,1,785200123
0.660644507263771,0.055934253996299,7,1,785200123
0.147304913910783,0.139902317589003,7,1,785200123
0.60338216528296,0.955714419955887,7,1,785200123
0.225438920479267,0.500506406876594,7,1,785200123
0.426296464647906,0.835310587682646,7,1,785200123
0.988057560413056,0.553196591670384,7,1,785200123
0.179231174605596,0.672476136852292,7,1,785200123
0.510485433901945,0.067968777795513,7,1,785200123
0.766815989183201,0.642959840869436,7,1,785200123
0.828371246126898,0.865719945236971,7,1,785200123
0.391301212131353,0.962336082284808,7,1,785200123
0.602893098801161,0.277792719890444,7,1,785200123
0.426652585871151,0.036025482377535,7,1,785200123
0.113235215873056,0.78396491249343,7,1,785200123
0.848204139914348,0.17193098298992,7,1,785200123
0.619091291172866,0.771297370012882,7,1,785200123
0.749394076197942,0.368903268234892,7,1,785200123
0.80880105690265,0.505667201352031,7,1,785200123
0.665584705685168,0.984289118648794,7,1,785200123
0.00282839078634,0.088478212410922,7,1,785200123
0.394694105474941,0.405104392042887,7,1,785200123
0.017640829580985,0.382953756600972,7,1,785200123
0.755344255013932,0.199913474500298,7,1,785200123
0.111651767300768,0.637581887884781,7,1,785200123
0.255455966866227,0.612285143851883,7,1,785200123
0.232738245551309,0.80869616109118,7,1,785200123
0.957698751661133,0.671734472427883,7,1,785200123
0.865949075911696,0.389839923618561,7,1,785200123
0.922929079938528,0.644349296637704,7,1,785200123
0.140368937847267,0.892475993570737,7,1,785200123
0.488727840695029,0.022838568529926,7,1,785200123
0.495706603384958,0.990767236770181,7,1,785200123
0.297374390788414,0.764529502800725,7,1,785200123
0.132026094665505,0.742568229079491,7,1,785200123
0.426070470784439,0.025878994007263,7,1,785200123
0.670141452142239,0.229431864673191,7,1,785200123
0.191954696305965,0.213353971933355,7,1,785200123
0.935547955752595,0.420348846047595,7,1,785200123
0.205424115719521,0.773074890124624,7,1,785200123
0.545363072287875,0.057102244119011,7,1,785200123
0.027506509807067,0.775404570716555,7,1,785200123
0.025602958829998,0.883533165594805,7,1,785200123
0.350503223328095,0.015705061925619,7,1,785200123
0.515221294319482,0.596677978483215,7,1,785200123
0.965849284329034,0.048772772653377,7,1,785200123
0.723689206374575,0.484650900909728,7,1,785200123
0.909113536959311,0.302002579106246,7,1,785200123
0.700496275554482,0.83431079514403,7,1,785200123
0.07928879708622,0.171119561247262,7,1,785200123
0.147804330751028,0.841164255941374,7,1,785200123
0.317998223176043,0.792356634991105,7,1,785200123
0.461587282047119,0.934621475494474,7,1,785200123
0.403970325115813,0.006245602574371,7,1,785200123
0.421941958627192,0.143635475965281,7,1,785200123
0.66911245827838,0.88072752693881,7,1,785200123
0.469855979798349,0.3709193035341,7,1,785200123
0.97473833365408,0.045077932418713,7,1,785200123
0.805571098537713,0.218349764573466,7,1,785200123
0.599982221035074,0.001181519298094,7,1,785200123
0.122780970768686,0.311830299629534,7,1,785200123
0.189158776659841,0.524979332358327,7,1,785200123
0.653254794088079,0.910800200618481,7,1,785200123
0.2808040709052,0.248451504395157,7,1,785200123
0.33807946356322,0.955740256438523,7,1,785200123
0.098360172231886,0.521286811334624,7,1,785200123
0.364564001586083,0.606440606913726,7,1,785200123
0.220941666577465,0.691429753287162,7,1,785200123
0.011952657836702,0.754458985147727,7,1,785200123
0.472349768403957,0.014985240433278,7,1,785200123
0.734443310264159,0.955112803054622,7,1,785200123
0.867475602943739,0.508499051742062,7,1,785200123
0.676610709936173,0.717512124295102,7,1,785200123
0.737461163229689,0.190422594661675,7,1,785200123
0.364184426626783,0.115554380427311,7,1,785200123
0.218462850325463,0.323608461025586,7,1,785200123
0.14223388118076,0.238466524446321,7,1,785200123
0.133589344463833,0.466972871803055,7,1,785200123
0.043163914426501,0.086393305109614,7,1,785200123
0.923561621560885,0.372000095813102,7,1,785200123
0.158525907659485,0.134695568446681,7,1,785200123
0.688869848028288,0.018553000571325,7,1,785200123
0.261501327869605,0.940035538884976,7,1,785200123
0.594678539367639,0.374492749025281,7,1,785200123
0.381015887472901,0.841990775794052,7,1,785200123
0.859457635490822,0.784900068916984,7,1,785200123
0.263793998587042,0.02585217033866,7,1,785200123
0.299293743324081,0.249229195489517,7,1,785200123
0.17726507447668,0.955425760281673,7,1,785200123
0.93206272502112,0.228515072949454,7,1,785200123
0.304084621422135,0.45907180667264,7,1,785200123
0.459120712026383,0.03979296697312,7,1,785200123
0.058134479572211,0.557878911808117,7,1,785200123
0.536898108996829,0.341179286358235,7,1,785200123
0.012218294451488,0.461785053484591,7,1,785200123
0.626756581325817,0.688600916400187,7,1,785200123
0.769270018779601,0.027621072668871,7,1,785200123
0.868696717052752,0.653949771173162,7,1,785200123
0.031744539892459,0.372466915103831,7,1,785200123
0.862979637345665,0.534478205713775,7,1,785200123
0.327961027181781,0.266374243950751,7,1,785200123
0.463453293021975,0.254540107394432,7,1,785200123
0.339521505205952,0.390423547848809,7,1,785200123
0.687349847138605,0.663321357192442,7,1,785200123
0.540528557600109,0.539247942520884,7,1,785200123
0.628547847704558,0.065992556858871,7,1,785200123
0.90717750596947,0.371569578778628,7,1,785200123
0.82476906843108,0.490756069737996,7,1,785200123
0.785399856784897,0.367959102670424,7,1,785200123
0.873906518659642,0.890548089050406,7,1,785200123
0.614587206686733,0.241942265840993,7,1,785200123
0.220656793864936,0.205696028539407,7,1,785200123
0.097024923891201,0.16874200134374,7,1,785200123
0.9418563126921,0.972620312857851,7,1,785200123
0.575517995989553,0.84535865983502,7,1,785200123
0.047397899819468,0.953708582615264,7,1,785200123
0.835791789892436,0.576354302178881,7,1,785200123
0.283330061418503,0.084779749438557,7,1,785200123
0.285602965779197,0.291622185652314,7,1,785200123
0.674718799116556,0.88909404763095,7,1,785200123
0.479096445053921,0.645585540827884,7,1,785200123
0.078077566394588,0.3906545423451,7,1,785200123
0.252796937382028,0.121684646752566,7,1,785200123
0.826647819491516,0.474584471240018,7,1,785200123
0.31872392645903,0.371674482058866,7,1,785200123
0.146539450453551,0.58865392831484,7,1,785200123
0.020471653693987,0.856170226799275,7,1,785200123
0.397716438100336,0.657568387377944,7,1,785200123
0.099696544864127,0.221041097413726,7,1,785200123
0.35103987800185,0.090420780946371,7,1,785200123
0.74330617060679,0.743667365751962,7,1,785200123
0.651057454716259,0.801747642626905,7,1,785200123
0.885745740523218,0.613740003705371,7,1,785200123
0.333954161732942,0.237919289892373,7,1,785200123
0.72612918508859,0.775195136494557,7,1,785200123
0.771056458214884,0.503132590111746,7,1,785200123
0.686563808028806,0.549041282491618,7,1,785200123
0.690508051805,0.813064303859713,7,1,785200123
0.585869102243987,0.28124994714226,7,1,785200123
0.993212587044376,0.669281950112627,7,1,785200123
0.631991391214042,0.81554487260918,7,1,785200123
0.923864315161073,0.343798169078332,7,1,785200123
0.946768288153468,0.677839411173388,7,1,785200123
0.783865258654912,0.490693535996979,7,1,785200123
0.728297576758499,0.477235074303092,7,1,785200123
0.780153378686036,0.960521971509342,7,1,785200123
0.829017810006087,0.177908934857032,7,1,785200123
0.792442697220604,0.183252107403336,7,1,785200123
0.481708286376989,0.576881066462318,7,1,785200123
0.811103889747918,0.806786559968477,7,1,785200123
0.140968700543532,0.534567811968976,7,1,785200123
0.548888658956537,0.630640601433745,7,1,785200123
0.92433955036462,0.248190102156785,7,1,785200123
0.261929811355776,0.258150504304485,7,1,785200123
0.935076309099676,0.132520874455595,7,1,785200123
0.128923787861207,0.305621011237909,7,1,785200123
0.827691876467529,0.678119053018577,7,1,785200123
0.632130002339247,0.453110477567288,7,1,785200123
0.337733545285809,0.99411185573883,7,1,785200123
0.259797576503888,0.099091065888214,7,1,785200123
0.138861723157809,0.61075130293866,7,1,785200123
0.506856564505822,0.890010836325913,7,1,785200123
0.313149942684072,0.516384954906223,7,1,785200123
0.58918734233547,0.935823167193294,7,1,785200123
0.924626745767488,0.334144490258527,7,1,785200123
0.506508555381493,0.093838431963398,7,1,785200123
0.671431894113863,0.005570631819237,7,1,785200123
0.089900395307994,0.305791610689435,7,1,785200123
0.3585605786909,0.341555882861291,7,1,785200123
0.452206715191445,0.606808808710473,7,1,785200123
0.981021246604079,0.325401950020482,7,1,785200123
0.823035710423853,0.089994449599922,7,1,785200123
0.536333904066699,0.108451339827023,7,1,785200123
0.094806052555625,0.806650305532974,7,1,785200123
0.295647719394663,0.225667892353851,7,1,785200123
0.532261273549312,0.309676259969617,7,1,785200123
0.154357577599445,0.67670433858307,7,1,785200123
0.00510216852385,0.306492076073758,7,1,785200123
0.855951908417226,0.167409452088127,7,1,785200123
0.791863510970882,0.677858083808489,7,1,785200123
0.336924405469806,0.9873910435659,7,1,785200123
0.472887679137546,0.94026237240071,7,1,785200123
0.175934944075243,0.71116542364696,7,1,785200123
0.681224784764657,0.082080532779913,7,1,785200123
0.147005767676414,0.153587962380406,7,1,785200123
0.512514981221234,0.587503337729622,7,1,785200123
0.174391006980044,0.784673330657324,7,1,785200123
0.208385520919357,0.377266858258669,7,1,785200123
0.565859093162538,0.114578113319174,7,1,785200123
0.322621684337944,0.341508557015989,7,1,785200123
0.261478954727618,0.396432571881564,7,1,785200123
0.95534691503029,0.117611649919494,7,1,785200123
0.976602791852559,0.362872406689843,7,1,785200123
0.797674752446002,0.774689677639704,7,1,785200123
0.540589525142776,0.611535379207301,7,1,785200123
0.667770700548571,0.106401707910807,7,1,785200123
0.436914656401977,0.685451858339235,7,1,785200123
0.938989924060542,0.305078073405248,7,1,785200123
0.535664033799551,0.856172124367953,7,1,785200123
0.761732140469668,0.89267533937031,7,1,785200123
0.276010033312132,0.110637628395052,7,1,785200123
0.26288235759961,0.917868303665594,7,1,785200123
0.104121083398463,0.867217335977934,7,1,785200123
0.970182421971787,0.593626289060974,7,1,785200123
0.801056051884875,0.501994421657409,7,1,785200123
0.553604824849087,0.74590909492325,7,1,785200123
0.445547389074025,0.853302345157085,7,1,785200123
0.601776860757349,0.671658502730045,7,1,785200123
0.148178098909618,0.490674026594181,7,1,785200123
0.558729928217498,0.263048455155661,7,1,785200123
0.366309006245127,0.683781107592928,7,1,785200123
0.134725012651667,0.544998089431764,7,1,785200123
0.563214924415584,0.687605013660165,7,1,785200123
0.474632284735328,0.094238953692166,7,1,785200123
0.210239236445031,0.171995321480976,7,1,785200123
0.118319061959176,0.160768510053087,7,1,785200123
0.647378439721811,0.366934796199316,7,1,785200123
0.319727085414694,0.696309575724074,7,1,785200123
0.115559490293029,0.769245113520192,7,1,785200123
0.604796591581918,0.909435633954587,7,1,785200123
0.352974570765963,0.062130484432015,7,1,785200123
0.543121218793141,0.413310310934925,7,1,785200123
0.50818918187882,0.23587152416255,7,1,785200123
0.584194231060483,0.509528445096656,7,1,785200123
0.764341384406728,0.766144624027904,7,1,785200123
0.466333374728012,0.660335713969124,7,1,785200123
0.991601179590823,0.105857116447864,7,1,785200123
0.144848071475286,0.741542002310287,7,1,785200123
0.949160858131414,0.677052078402891,7,1,785200123
0.405739041593649,0.239733767589406,7,1,785200123
0.043378790801928,0.011350723555973,7,1,785200123
0.332197499830577,0.159928725655202,7,1,785200123
0.415300235192052,0.68056449641816,7,1,785200123
0.573397029014736,0.043606204284899,7,1,785200123
0.178630827795643,0.183523084090574,7,1,785200123
0.928548394013113,0.162084457062412,7,1,785200123
0.958339641075418,0.010828363849447,7,1,785200123
0.103913511244424,0.646506639531995,7,1,785200123
0.490420575883961,0.696158940642515,7,1,785200123
0.626452055276415,0.043235046829003,7,1,785200123
0.934941776670409,0.780912968545734,7,1,785200123
0.804999888044411,0.542242635216908,7,1,785200123
0.727365412265557,0.268392447504388,7,1,785200123
0.318356124816347,0.916130517659268,7,1,785200123
0.247220296982969,0.32439467252638,7,1,785200123
0.479380867957556,0.028688068773851,7,1,785200123
0.318562978532048,0.692991843063864,7,1,785200123
0.475183779432548,0.624452326851987,7,1,785200123
0.573262921729988,0.539443455857382,7,1,785200123
0.915708705751758,0.994511978701777,7,1,785200123
0.006000290292466,0.206599584547074,7,1,785200123
0.836497251675786,0.028840249336742,7,1,785200123
0.62896553648509,0.676818401227292,7,1,785200123
0.896140200091348,0.111730239661894,7,1,785200123
0.994601932692833,0.368334384927226,7,1,785200123
0.884902230246064,0.294445303679315,7,1,785200123
0.496333665983858,0.26317789779894,7,1,785200123
0.818232480072262,0.187986036653199,7,1,785200123
0.78007374765274,0.263161401823836,7,1,785200123
0.827349148788678,0.058914610459729,7,1,785200123
0.303407421799214,0.101111017190676,7,1,785200123
0.778813925906947,0.682465931052506,7,1,785200123
0.064698288255682,0.096436504117686,7,1,785200123
0.055987702786193,0.609714880814442,7,1,785200123
0.790966283642765,0.537296652276554,7,1,785200123
0.217486334351639,0.639357078234287,7,1,785200123
0.421237783013382,0.496031395098114,7,1,785200123
0.311230908167342,0.449700268084065,7,1,785200123
0.55116980905226,0.440195865830783,7,1,785200123
0.467414785920668,0.542752426809689,7,1,785200123
0.615101831664589,0.088445316702087,7,1,785200123
0.019684720955874,0.879831258006382,7,1,785200123
0.973290757380816,0.57868465810408,7,1,785200123
0.811061361733344,0.846909794476187,7,1,785200123
0.744935016435034,0.165309882693643,7,1,785200123
0.529599866856448,0.47795062096867,7,1,785200123
0.181696745199833,0.343032563104328,7,1,785200123
0.888518846663114,0.185771389746909,7,1,785200123
0.611781404549881,0.506693368840185,7,1,785200123
0.216501624429145,0.602522811186468,7,1,785200123
0.501236509249287,0.999633857986078,7,1,785200123
0.556100931712984,0.515649503187732,7,1,785200123
0.976981997643281,0.677610344832561,7,1,785200123
0.681654367211874,0.300242933180336,7,1,785200123
0.235187423038572,0.920897458422988,7,1,785200123
0.542844866022385,0.694985317410813,7,1,785200123
0.618961187434942,0.364143296380347,7,1,785200123
0.516016541387014,0.246421593362526,7,1,785200123
0.790920216571704,0.481701740475347,7,1,785200123
0.502583093781222,0.255086477496255,7,1,785200123
0.349058742704922,0.565582204185676,7,1,785200123
0.352342817296362,0.597051928468459,7,1,785200123
0.438437180221587,0.563820458684313,7,1,785200123
0.309239893511505,0.365750006012119,7,1,785200123
0.396563409288282,0.708988556863676,7,1,785200123
0.178089441577994,0.881464912578098,7,1,785200123
0.236940197107957,0.859726291477673,7,1,785200123
0.693009368727791,0.249676733295713,7,1,785200123
0.823104402251651,0.002589786864581,7,1,785200123
0.131778969435579,0.31447942072662,7,1,785200123
0.914584817948462,0.417177937749586,7,1,785200123
0.565071112910638,0.549583387582118,7,1,785200123
0.876557162545988,0.594410613916182,7,1,785200123
0.25548073908988,0.156953113596572,7,1,785200123
0.736576640781103,0.11599718394041,7,1,785200123
0.628499637033981,0.401918850918996,7,1,785200123
0.444619351823784,0.352547486207352,7,1,785200123
0.926063439286327,0.003640405224096,7,1,785200123
0.646766157373446,0.018442156051717,7,1,785200123
0.123023934734689,0.221090524287964,7,1,785200123
0.01821364397951,0.33349220895053,7,1,785200123
0.937875722126464,0.12726386878402,7,1,785200123
0.217898470277844,0.784583064163885,7,1,785200123
0.801293414926253,0.448107255717538,7,1,785200123
0.824873369057922,0.254911270918874,7,1,785200123
0.459511502669812,0.257705245528876,7,1,785200123
0.195673915688215,0.594086631539633,7,1,785200123
0.48430636087802,0.767544975973575,7,1,785200123
0.042267381824545,0.5392869064419,7,1,785200123
0.337315636803613,0.425222344891409,7,1,785200123
0.671776152519826,0.265815329616377,7,1,785200123
0.793657331826445,0.546741503062814,7,1,785200123
0.252020173390015,0.744826291696613,7,1,785200123
0.46828708821358,0.746598112584346,7,1,785200123
0.17102365601004,0.516648005851536,7,1,785200123
0.908259554381058,0.501126324859321,7,1,785200123
0.543983948359904,0.450044994734326,7,1,785200123
0.215034761863061,0.283127953541322,7,1,785200123
0.187800989997002,0.550927839459149,7,1,785200123
0.443198786846849,0.83959211166208,7,1,785200123
0.931118201613968,0.908430981222628,7,1,785200123
0.085443181868957,0.349351832401864,7,1,785200123
0.956926220857299,0.421943995935112,7,1,785200123
0.798374711176348,0.393813924455714,7,1,785200123
0.985133837561401,0.03959555611302,7,1,785200123
0.149703794678853,0.901437126625664,7,1,785200123
0.494110482181107,0.856853250685504,7,1,785200123
0.574586060001624,0.485422371493692,7,1,785200123
0.853057507537075,0.573317148332909,7,1,785200123
0.917368173917416,0.884118747488426,7,1,785200123
0.191166224529242,0.486447766390803,7,1,785200123
0.904716107154175,0.53493704405446,7,1,785200123
0.064872604688315,0.412884713593245,7,1,785200123
0.647079600710537,0.665102466791626,7,1,785200123
0.501120062493057,0.671175301871049,7,1,785200123
0.797674304439851,0.666366536143896,7,1,785200123
0.792393180613056,0.534146446343657,7,1,785200123
0.311638841369864,0.935838031593702,7,1,785200123
0.498386880061484,0.364818268052736,7,1,785200123
0.842750536614591,0.811381073520742,7,1,785200123
0.469527156043713,0.986670389701867,7,1,785200123
0.691061006028104,0.707568101652555,7,1,785200123
0.349161024559768,0.707237439415932,7,1,785200123
0.872038261615834,0.066964287786406,7,1,785200123
0.934084709857988,0.813423148479279,7,1,785200123
0.316279168546738,0.281559211907266,7,1,785200123
0.977181093702007,0.287587191007813,7,1,785200123
0.428582791928572,0.310450138564031,7,1,785200123
0.501288494382439,0.955372914149926,7,1,785200123
0.236151117196449,0.322421308778969,7,1,785200123
0.460024675013271,0.269407808630792,7,1,785200123
0.137910827678708,0.325851407749539,7,1,785200123
0.629141762435707,0.457422984532935,7,1,785200123
0.830425847754495,0.413421772046158,7,1,785200123
0.941088759852435,0.819001854050138,7,1,785200123
0.330597609091378,0.945385880618246,7,1,785200123
0.085810495283674,0.542082232904842,7,1,785200123
0.14132553521997,0.722700359315632,7,1,785200123
0.092412854393187,0.528500244587977,7,1,785200123
0.513528029874918,0.960106630319157,7,1,785200123
0.779176190648171,0.367278478343908,7,1,785200123
0.446399647945234,0.659291275417029,7,1,785200123
0.413500278826343,0.775024589364313,7,1,785200123
0.5375076693862,0.803542453485349,7,1,785200123
0.65871509446768,0.534721279078027,7,1,785200123
0.045307156451328,0.647858632378773,7,1,785200123
0.901294535579895,0.207351866235052,7,1,785200123
0.558880345908325,0.2622548809431,7,1,785200123
0.349860393990646,0.665220286902865,7,1,785200123
0.48318326975762,0.401051494862816,7,1,785200123
0.876466453886771,0.801488093446387,7,1,785200123
0.142808066940025,0.717217908105723,7,1,785200123
0.431003655088724,0.607365423671498,7,1,785200123
0.683246986769645,0.318384948079367,7,1,785200123
0.001168835034526,0.176556536163127,7,1,785200123
0.105870090586466,0.669926742374918,7,1,785200123
0.513291596687476,0.095975010471628,7,1,785200123
0.711305396366483,0.890553017980507,7,1,785200123
0.773414521693797,0.112407377561819,7,1,785200123
0.945636787686289,0.557141719586154,7,1,785200123
0.533374552257096,0.926718386163109,7,1,785200123
0.1448114086124,0.238080275634688,7,1,785200123
0.03323419097663,0.460354819329347,7,1,785200123
0.954875145424449,0.108173977393544,7,1,785200123
0.919262808118208,0.963319019232001,7,1,785200123
0.269130902888175,0.163217843822281,7,1,785200123
0.265770413019714,0.888447669539917,7,1,785200123
0.368041609516272,0.748618508639514,7,1,785200123
0.539447116351241,0.543744359061239,7,1,785200123
0.573675520881412,0.343990466390832,7,1,785200123
0.736463715950086,0.152680150160909,7,1,785200123
0.137718964151258,0.804441592386648,7,1,785200123
0.595439713625474,0.101788840356061,7,1,785200123
0.270557485112023,0.549300499971222,7,1,785200123
0.743487429996324,0.835548691587877,7,1,785200123
0.188653192651214,0.510328203305277,7,1,785200123
0.867891748855489,0.07045621976907,7,1,785200123
0.80842273798743,0.003995451340472,7,1,785200123
0.522587059053394,0.743361245293496,7,1,785200123
0.247046757260916,0.076196002213418,7,1,785200123
0.976443965091163,0.383547382791582,7,1,785200123
0.604118342479403,0.282805151000405,7,1,785200123
0.589480945013576,0.403705247069174,7,1,785200123
0.59276441238924,0.31578224607011,7,1,785200123
0.563466233075143,0.141860150133421,7,1,785200123
0.464850804495517,0.362054597662035,7,1,785200123
0.554978129633825,0.354480620383114,7,1,785200123
0.332107982268386,0.591209378303153,7,1,785200123
0.561842670115244,0.260406871480533,7,1,785200123
0.423491280388916,0.708059197504237,7,1,785200123
0.697969560853809,0.165903870377155,7,1,785200123
0.038816016183456,0.077436196565825,7,1,785200123
0.956958411092254,0.163056596622901,7,1,785200123
0.95968394969974,0.531108231730897,7,1,785200123
0.831449464756395,0.386889650575576,7,1,785200123
0.860945057713809,0.600500336451864,7,1,785200123
0.70304414685244,0.841007634193866,7,1,785200123
0.829413985958477,0.583942985722456,7,1,785200123
0.246722366983144,0.857215994389254,7,1,785200123
0.441288329379753,0.553458528679014,7,1,785200123
0.704035085401069,0.841497101748824,7,1,785200123
0.975691189577766,0.133635678779855,7,1,785200123
0.770952622049488,0.076879571136601,7,1,785200123
0.248988323266833,0.643930941965138,7,1,785200123
0.019099937056192,0.003153374281961,7,1,785200123
0.243005544299561,0.985775709713164,7,1,785200123
0.223212478264547,0.574047061807115,7,1,785200123
0.169999523704371,0.477155659325268,7,1,785200123
0.702997063266758,0.004397893347955,7,1,785200123
0.868211096500306,0.689869141206078,7,1,785200123
0.804184784191612,0.463008977036088,7,1,785200123
0.454057312986256,0.2284597862781,7,1,785200123
0.941413040076988,0.041302638768077,7,1,785200123
0.970494217655345,0.304857781746382,7,1,785200123
0.204676938048942,0.633542183879649,7,1,785200123
0.365809800300712,0.90905323123973,7,1,785200123
0.391440679083552,0.201309285503371,7,1,785200123
0.513082641814657,0.353664272341274,7,1,785200123
0.468101835809643,0.263087396803454,7,1,785200123
0.13776815547046,0.97905148522978,7,1,785200123
0.887352405067981,0.349216519037705,7,1,785200123
0.459351494853316,0.845669201531552,7,1,785200123
0.892082695071736,0.59314780261666,7,1,785200123
0.072732195120566,0.311633701938038,7,1,785200123
0.921825235938738,0.591841569106254,7,1,785200123
0.095982416776128,0.496026663374126,7,1,785200123
0.504337428500797,0.161315201424369,7,1,785200123
0.893347316965487,0.762242263715728,7,1,785200123
0.56277371865079,0.637762517068615,7,1,785200123
0.745832344017133,0.520724378764395,7,1,785200123
0.897999019233202,0.930329766274946,7,1,785200123
0.686449120050642,0.846730112187787,7,1,785200123
0.7159470294842,0.618547131288306,7,1,785200123
0.343167926353557,0.636294742613901,7,1,785200123
0.461528488463746,0.005579766322496,7,1,785200123
0.039851620375518,0.282362006698522,7,1,785200123
0.893446391183929,0.187874957181191,7,1,785200123
0.59392183990109,0.143083043914674,7,1,785200123
0.288375946480792,0.882447527544258,7,1,785200123
0.219235764812094,0.395576175551553,7,1,785200123
0.898319365519616,0.96495869196608,7,1,785200123
0.693627410394335,0.220978885929537,7,1,785200123
0.301546891067415,0.414907819371011,7,1,785200123
0.48279435391125,0.650412307189562,7,1,785200123
0.085386808689107,0.638671160998101,7,1,785200123
0.825687756065246,0.816517537827526,7,1,785200123
0.37822916257531,0.946784814610381,7,1,785200123
0.881289264397682,0.80151250273695,7,1,785200123
0.108459085377396,0.298783977872173,7,1,785200123
0.912635573750739,0.750256805419459,7,1,785200123
0.509637429017302,0.29707417609958,7,1,785200123
0.141177879158096,0.425600980588742,7,1,785200123
0.314097813182478,0.810724421243997,7,1,785200123
0.343039844597544,0.923336308774977,7,1,785200123
0.281231064970617,0.540736201400651,7,1,785200123
0.478464339851729,0.83534925132637,7,1,785200123
0.19207902541464,0.300256498797186,7,1,785200123
0.646715918271582,0.752125044948746,7,1,785200123
0.20846193255832,0.776366511919504,7,1,785200123
0.440932298979963,0.629532680303554,7,1,785200123
0.54271449336724,0.064492738754553,7,1,785200123
0.340894931664989,0.209863579704762,7,1,785200123
0.713208054960947,0.322150284817054,7,1,785200123
0.126415151622548,0.383384835807956,7,1,785200123
0.271186999207986,0.47564262720809,7,1,785200123
0.420009013557491,0.104207037039082,7,1,785200123
0.776049757780966,0.031506581148969,7,1,785200123
0.374760341720788,0.233055830714448,7,1,785200123
0.969056159027703,0.693904209313922,7,1,785200123
0.211748491995553,0.469575401753284,7,1,785200123
0.549544127151047,0.669828805855236,7,1,785200123
0.781143387839094,0.358080988480457,7,1,785200123
0.693090847965936,0.255904973792452,7,1,785200123
0.572047205668736,0.203217043108652,7,1,785200123
0.406640381657427,0.46232328429787,7,1,785200123
0.979475625720181,0.028442468511314,7,1,785200123
0.165834342128664,0.666880543129888,7,1,785200123
0.0713520756239,0.250117173227323,7,1,785200123
0.685043908512577,0.511889559799152,7,1,785200123
0.924441840434612,0.218842560124539,7,1,785200123
0.573398980457686,0.893670509383268,7,1,785200123
0.288846080114479,0.389351349811863,7,1,785200123
0.612737540017317,0.887607128671933,7,1,785200123
0.890516514708064,0.864118904169525,7,1,785200123
0.434260651429982,0.721445288108802,7,1,785200123
0.459469742701178,0.271828905235683,7,1,785200123
0.817075760345739,0.080539844769801,7,1,785200123
0.400168554555706,0.021137537629319,7,1,785200123
0.15724266363222,0.802697475204599,7,1,785200123
0.735204393318489,0.90193466108355,7,1,785200123
0.016288020486074,0.357177312404985,7,1,785200123
0.829391542315433,0.483839470780716,7,1,785200123
0.299756410795312,0.370575096785371,7,1,785200123
0.058610229197304,0.270457473275706,7,1,785200123
0.53921686980141,0.86173083761647,7,1,785200123
0.026212149164055,0.107963973367355,7,1,785200123
0.955245684864354,0.778463923785358,7,1,785200123
0.149529194658699,0.917869473747366,7,1,785200123
0.46425782354485,0.890853608493767,7,1,785200123
0.440001588067928,0.426360143088004,7,1,785200123
0.558660970309135,0.088947119574832,7,1,785200123
0.082669335221101,0.196396652300859,7,1,785200123
0.037657200787681,0.657191421436935,7,1,785200123
0.984246733713385,0.93379314499246,7,1,785200123
0.89511988894121,0.153548710696787,7,1,785200123
0.803726561524867,0.734787310646536,7,1,785200123
0.281323917624645,0.108170288859907,7,1,785200123
0.105436884036515,0.67015149920165,7,1,785200123
0.346909625502073,0.87466677850925,7,1,785200123
0.181700403053487,0.859684417734369,7,1,785200123
0.950311954402609,0.616427103656698,7,1,785200123
0.780722365214568,0.980961082838052,7,1,785200123
0.663988225994741,0.591103063005499,7,1,785200123
0.445059843617614,0.977508390941779,7,1,785200123
0.250129310473393,0.608289524574187,7,1,785200123
0.417001707247164,0.584112961190475,7,1,785200123
0.793140412758778,0.778594988356335,7,1,785200123
0.099415408799225,0.170756116152777,7,1,785200123
0.974029844842067,0.446711533482532,7,1,785200123
0.87409280967863,0.321710632042944,7,1,785200123
0.550944607095387,0.506756138345018,7,1,785200123
0.674354022005202,0.512622977163121,7,1,785200123
0.970444494214322,0.135070821236335,7,1,785200123
0.084645293976222,0.225943090386585,7,1,785200123
0.175707064212917,0.343831988451135,7,1,785200123
0.897092508754994,0.85385380430413,7,1,785200123
0.100707588811392,0.658234147643807,7,1,785200123
0.993449544071918,0.777890184063321,7,1,785200123
0.043519833651157,0.650676676884855,7,1,785200123
0.140606362709181,0.085728924123962,7,1,785200123
0.097235092732244,0.027297048303885,7,1,785200123
0.788799028085554,0.488166183272551,7,1,785200123
0.083598129579815,0.455357137040097,7,1,785200123
0.243889749921178,0.133092017231155,7,1,785200123
0.982310630792571,0.344404175389594,7,1,785200123
0.648562155245596,0.178308190951824,7,1,785200123
0.678054055097521,0.34979112617671,7,1,785200123
0.052003163653209,0.181325437147995,7,1,785200123
0.957635659233701,0.454056324762625,7,1,785200123
0.473619761836417,0.591815175401623,7,1,785200123
0.081262451191292,0.099825033215934,7,1,785200123
0.273564981910253,0.891179719630247,7,1,785200123
0.924800171222192,0.997310771773556,7,1,785200123
0.331324726057566,0.213744319220518,7,1,785200123
0.643975285491566,0.910157888700523,7,1,785200123
0.503342930251196,0.605363181169999,7,1,785200123
0.046829869850137,0.935280513647278,7,1,785200123
0.581639544853541,0.427770696888794,7,1,785200123
0.377340865572805,0.535517929190399,7,1,785200123
0.507602156516282,0.800798298885227,7,1,785200123
0.010966445426093,0.858339554898096,7,1,785200123
0.908608722776856,0.389616535482562,7,1,785200123
0.641984135472584,0.679497759165588,7,1,785200123
0.11986565925978,0.290450509742513,7,1,785200123
0.90283685251377,0.647439662310735,7,1,785200123
0.729821545172597,0.245756465737222,7,1,785200123
0.997304124112323,0.372454425454401,7,1,785200123
0.344743769076383,0.928636218174086,7,1,785200123
0.852168141552002,0.303945301248609,7,1,785200123
0.706522003790865,0.576304742270803,7,1,785200123
0.496145035260588,0.269880812337076,7,1,785200123
0.517488506566643,0.82371604491638,7,1,785200123
0.860203837370678,0.01439291743307,7,1,785200123
0.32702208041465,0.190990966845945,7,1,785200123
0.959997084975003,0.062654307264398,7,1,785200123
0.616929538481697,0.312079532436567,7,1,785200123
0.468978262973972,0.76658079166726,7,1,785200123
0.786074091176512,0.657130390338557,7,1,785200123
0.019883389899206,0.440569331605997,7,1,785200123
0.079447548342006,0.197327540939949,7,1,785200123
0.182605046774709,0.08339560929653,7,1,785200123
0.632859228474185,0.188495141027421,7,1,785200123
0.95808915391191,0.300559708719619,7,1,785200123
0.71164146739889,0.008558840897302,7,1,785200123
0.80073602538668,0.690782202847056,7,1,785200123
0.910247697684684,0.773992507026854,7,1,785200123
0.635889285141144,0.141017158282245,7,1,785200123
0.549345926125949,0.281666785907765,7,1,785200123
0.074346817411653,0.186262527678235,7,1,785200123
0.757987295014376,0.675056672630734,7,1,785200123
0.042430981413387,0.833612462869058,7,1,785200123
0.760654962327232,0.117552549484633,7,1,785200123
0.344005213272678,0.024410351442214,7,1,785200123
0.702476471885107,0.670659999137112,7,1,785200123
0.249927170281512,0.214025066729934,7,1,785200123
0.940608249191694,0.52116108525113,7,1,785200123
0.070778932201901,0.385687516020474,7,1,785200123
0.105777875377094,0.678850272273465,7,1,785200123
0.810317378954144,0.182987824112769,7,1,785200123
0.395196378569696,0.275246167473635,7,1,785200123
0.419938556158353,0.745048573105791,7,1,785200123
0.496529177538453,0.633720014242386,7,1,785200123
0.878552032029072,0.259052724138584,7,1,785200123
0.262341053019166,0.352770619265392,7,1,785200123
0.30761230354266,0.206719376427996,7,1,785200123
0.755406892509447,0.746714275057177,7,1,785200123
0.597656551187633,0.774484302127124,7,1,785200123
0.567506714446591,0.121848048135269,7,1,785200123
0.570548594045156,0.92155660315523,7,1,785200123
0.377799822907959,0.531182814922638,7,1,785200123
0.530731619831159,0.155686542026143,7,1,785200123
0.561599753463094,0.8471323824791,7,1,785200123
0.169142851427501,0.153393824721997,7,1,785200123
0.286348065392281,0.219083531914774,7,1,785200123
0.175045517429832,0.979569808479741,7,1,785200123
0.938811566510453,0.241561327522514,7,1,785200123
0.583884637135342,0.810780779240775,7,1,785200123
0.916004224298297,0.448742636932773,7,1,785200123
0.843375102631872,0.747264008069733,7,1,785200123
0.78206168683371,0.072360190774974,7,1,785200123
0.815381568992675,0.510521920233875,7,1,785200123
0.544272547200317,0.352578512133358,7,1,785200123
0.447751729883016,0.566584078681141,7,1,785200123
0.333697353212753,0.07521208374521,7,1,785200123
0.648115991215579,0.489420528763867,7,1,785200123
0.08928286226065,0.423695000690045,7,1,785200123
0.970767821787431,0.184654252394949,7,1,785200123
0.939105511561541,0.680500957428369,7,1,785200123
0.08809094685355,0.930634605260319,7,1,785200123
0.848354889656114,0.790250684107789,7,1,785200123
0.659601134468685,0.062097272815617,7,1,785200123
0.760893859176507,0.305533694381882,7,1,785200123
0.134521485951304,0.521050999484476,7,1,785200123
0.899709829298338,0.776510185508178,7,1,785200123
0.227912311502026,0.430194736564996,7,1,785200123
0.111296770280608,0.216647290217292,7,1,785200123
0.295727614670131,0.306083540444247,7,1,785200123
0.139985057906375,0.879484047665107,7,1,785200123
0.600772279388863,0.522424911213491,7,1,785200123
0.500462809502129,0.215107652798849,7,1,785200123
0.509385253937794,0.158302108988859,7,1,785200123
0.180208204349103,0.540062978336908,7,1,785200123
0.987775728345213,0.42178431113884,7,1,785200123
0.748279679385258,0.650706208438292,7,1,785200123
0.377291177589928,0.42629818392752,7,1,785200123
0.572887039812992,0.337553123433587,7,1,785200123
0.319496806691906,0.215299003603732,7,1,785200123
0.757392988196598,0.516960344187739,7,1,785200123
0.87479866365038,0.580193707543942,7,1,785200123
0.092871444262126,0.486518570347081,7,1,785200123
0.332443369475875,0.397132440632687,7,1,785200123
0.795075332325145,0.631824285302036,7,1,785200123
0.945079374228036,0.92019912172601,7,1,785200123
0.044643356754817,0.764836944771042,7,1,785200123
0.837666066072493,0.711695394098678,7,1,785200123
0.381601401537038,0.15781631031261,7,1,785200123
0.638368637261817,0.664627010800509,7,1,785200123
0.818691351063333,0.25187493663744,7,1,785200123
0.958178406232631,0.878164826852784,7,1,785200123
0.132785981362246,0.965468895333602,7,1,785200123
0.706349444425726,0.983767641876465,7,1,785200123
0.169625975129068,0.505689491836603,7,1,785200123
0.370344126577285,0.887817493374217,7,1,785200123
0.154340672633212,0.594007637888253,7,1,785200123
0.811832137259958,0.796032339598108,7,1,785200123
0.938691922104968,0.058161244577666,7,1,785200123
0.834388078959841,0.81558502081762,7,1,785200123
0.835705658560203,0.813165738140845,7,1,785200123
0.763885699336956,0.392771559805718,7,1,785200123
0.193333551497147,0.35696627723335,7,1,785200123
0.549186955248248,0.337236092571615,7,1,785200123
0.141012913058119,0.040039641953003,7,1,785200123
0.438576874019818,0.208173084915289,7,1,785200123
0.006469790904619,0.533292566459178,7,1,785200123
0.116495928386123,0.393592596964226,7,1,785200123
0.744836979543833,0.114892735408372,7,1,785200123
0.295473524810814,0.300647391779815,7,1,785200123
0.34813481020919,0.624207224782822,7,1,785200123
0.149767785055393,0.693185564394808,7,1,785200123
0.610389572357763,0.189812792082016,7,1,785200123
0.650068360989877,0.362105860712262,7,1,785200123
0.812140655176647,0.12858090390425,7,1,785200123
0.812720369029176,0.994757315943872,7,1,785200123
0.857814271589809,0.734129936038695,7,1,785200123
0.112279378485617,0.321538481552276,7,1,785200123
0.15041812056257,0.025475699870366,7,1,785200123
0.822808932889238,0.361016160830497,7,1,785200123
0.020237690123201,0.910500873990421,7,1,785200123
0.851183161030436,0.859296971325853,7,1,785200123
0.837692072035639,0.633902456978242,7,1,785200123
0.704759522670536,0.825049655986766,7,1,785200123
0.035232958993307,0.825565988234096,7,1,785200123
0.596137279783597,0.398489802917811,7,1,785200123
0.139147519363525,0.942854056439788,7,1,785200123
0.329319598226427,0.160802817273002,7,1,785200123
0.569352409063849,0.409085438680414,7,1,785200123
0.534448331354614,0.389895185966181,7,1,785200123
0.403742568217821,0.290520966641574,7,1,785200123
0.022382274647348,0.69902763087937,7,1,785200123
0.523385049248414,0.925460530318688,7,1,785200123
0.515741323419562,0.95679861115705,7,1,785200123
0.555824784011129,0.521595007733296,7,1,785200123
0.779640186360889,0.380109889359147,7,1,785200123
0.815995637323319,0.371546457175902,7,1,785200123
0.223187253336497,0.216160604248207,7,1,785200123
0.007706834352422,0.001567704236152,7,1,785200123
0.371925620016387,0.485179767894474,7,1,785200123
0.793401100021912,0.26466302929191,7,1,785200123
0.221744670908973,0.842521666078586,7,1,785200123
0.465857921182054,0.116929692494676,7,1,785200123
0.376392657011626,0.736912366405571,7,1,785200123
0.86274106120347,0.574709218097617,7,1,785200123
0.043571631119588,0.691049933133123,7,1,785200123
0.353367264053324,0.140177146881362,7,1,785200123
0.418698143128138,0.71142437233388,7,1,785200123
0.196798242237344,0.804287940453562,7,1,785200123
0.72076453578769,0.546138438062494,7,1,785200123
0.821335720938848,0.588531654324734,7,1,785200123
0.161337188879787,0.752673241073501,7,1,785200123
0.607725351834489,0.470747564936218,7,1,785200123
0.425579621772682,0.311957825102309,7,1,785200123
0.571851845281574,0.455279523421926,7,1,785200123
0.823289906282409,0.83076505633196,7,1,785200123
0.93743452003968,0.494045882626608,7,1,785200123
0.128293736238088,0.211370811195362,7,1,785200123
0.965208771142483,0.942637278081389,7,1,785200123
0.266135257012565,0.035577221525494,7,1,785200123
0.562305603043891,0.244343286758896,7,1,785200123
0.432860506775078,0.809614806555057,7,1,785200123
0.134018023999138,0.575049016483002,7,1,785200123
0.931788546299806,0.647102509568364,7,1,785200123
0.859869540190013,0.253231164253837,7,1,785200123
0.000518166921044,0.929158799209099,7,1,785200123
0.076876537288417,0.821822348048284,7,1,785200123
0.167018668488512,0.973920480600348,7,1,785200123
0.735123127084314,0.842501759207019,7,1,785200123
0.221505316235258,0.772140939613307,7,1,785200123
0.95424314361094,0.608008745670185,7,1,785200123
0.719901452349201,0.401202534241588,7,1,785200123
0.554131289329232,0.174365742324798,7,1,785200123
0.045040778609646,0.816792698906633,7,1,785200123
0.059180828141123,0.342434973741086,7,1,785200123
0.44336510031664,0.339656970997407,7,1,785200123
0.082573332548636,0.477023902840028,7,1,785200123
0.127723919933118,0.304256297667585,7,1,785200123
0.185620901401633,0.341791570789518,7,1,785200123
0.490984449714282,0.016820247445882,7,1,785200123
0.276889201067084,0.449499085141775,7,1,785200123
0.710511640941542,0.382201375600664,7,1,785200123
0.366805416199102,0.779684652383464,7,1,785200123
0.540179744668551,0.302100673170905,7,1,785200123
0.025682034649683,0.099634406671542,7,1,785200123
0.884428220107278,0.221647248835744,7,1,785200123
0.20656409763858,0.539557452694995,7,1,785200123
0.827976609519583,0.00698068191948,7,1,785200123
0.189033539951832,0.519164602026469,7,1,785200123
0.155164363961409,0.6733969115335,7,1,785200123
0.276081909847903,0.600387624514954,7,1,785200123
0.034483262609263,0.351784290024409,7,1,785200123
0.533387892390741,0.349766030633153,7,1,785200123
0.466721662054316,0.28048921043621,7,1,785200123
0.298813744396286,0.834066812969997,7,1,785200123
0.299241251471205,0.54041549459152,7,1,785200123
0.409661005462972,0.943992140778501,7,1,785200123
0.094258692189023,0.713075311804148,7,1,785200123
0.096202048564534,0.343368500378942,7,1,785200123
0.905605979271516,0.634474217042013,7,1,785200123
0.272231054583251,0.475000366945496,7,1,785200123
0.066295010385868,0.942125643507702,7,1,785200123
0.516854318035422,0.719410421433907,7,1,785200123
0.418313281173277,0.168155984093318,7,1,785200123
0.386466518774096,0.498976798754883,7,1,785200123
0.026429382971639,0.718373752090421,7,1,785200123
0.821835936885503,0.847518119837899,7,1,785200123
0.30938828322064,0.19534154198712,7,1,785200123
0.322448260580844,0.72416479962632,7,1,785200123
0.694728323888359,0.172903190517903,7,1,785200123
0.248735296897494,0.140395282482658,7,1,785200123
0.357552794964919,0.710282454486909,7,1,785200123
0.082541423253908,0.990403965614082,7,1,785200123
0.338941376571269,0.605783734866684,7,1,785200123
0.727156850437844,0.327507697969895,7,1,785200123
0.356287416274511,0.633289528654225,7,1,785200123
0.960473971046628,0.713085550376796,7,1,785200123
0.915699240744079,0.779163157426751,7,1,785200123
0.968298932061077,0.179586855539351,7,1,785200123
