0.915704840519001,0.802829560132404,7,1,785200123
0.479577688923462,0.295430605175244,7,1,785200123
0.791851116425818,0.28122080231778,7,1,785200123
0.401272040338433,0.797159144587709,7,1,785200123
0.393390273798991,0.665437264298745,7,1,785200123
0.007847893832175,0.26299722062805,7,1,785200123
0.206097432552576,0.777389258147952,7,1,785200123
0.678814288412523,0.342007617065533,7,1,785200123
0.239365489664897,0.604848250092348,7,1,785200123
0.897478605157346,0.124322843447814,7,1,785200123
0.881074220749759,0.215250321661369,7,1,785200123
0.72505993084235,0.340471669439237,7,1,785200123
0.290332684865412,0.101759507997777,7,1,785200123
0.246528644197884,0.211608375262455,7,1,785200123
0.446045428318031,0.299511509650028,7,1,785200123
0.548017503877079,0.93749174806628,7,1,785200123
0.798354215984638,0.165623634070243,7,1,785200123
0.630375641253868,0.005349721270523,7,1,785200123
0.580359319209832,0.803469514242058,7,1,785200123
0.289413553778106,0.730304665638606,7,1,785200123
0.229124851895144,0.729882836799362,7,1,785200123
0.400613740540394,0.696823562890491,7,1,785200123
0.037825488027666,0.533366493763717,7,1,785200123
0.234558393470287,0.060696148254769,7,1,785200123
0.114992376016807,0.952049373380284,7,1,785200123
0.399051482324802,0.992333282923079,7,1,785200123
0.962168226039113,0.01204589976066,7,1,785200123
0.754890152714505,0.894716804272791,7,1,785200123
0.497883016846491,0.610038112011968,7,1,785200123
0.184465898374157,0.413121407604702,7,1,785200123
0.153713054812387,0.198313739826573,7,1,785200123
0.405853137399341,0.668767635315313,7,1,785200123
0.747288039937326,0.036158127561697,7,1,785200123
0.119769382065743,0.59485485914955,7,1,785200123
0.197462263324955,0.808411730955493,7,1,785200123
0.652767143123654,0.730961466843579,7,1,785200123
0.788467391196783,0.280168989962726,7,1,785200123
0.917245331994513,0.340589092585727,7,1,785200123
0.612716033181041,0.056008474033934,7,1,785200123
0.947343418292848,0.256666470825883,7,1,785200123
0.0260271046619,0.442808332309188,7,1,785200123
0.489508795154162,0.431117611648656,7,1,785200123
0.434394950537619,0.877114962628102,7,1,785200123
0.127504227374451,0.767138210071099,7,1,785200123
0.498026342269122,0.371196931709837,7,1,785200123
0.203848652418135,0.446612959888911,7,1,785200123
0.886220720342722,0.956330623737533,7,1,785200123
0.36316158287591,0.630146056377928,7,1,785200123
0.045770577611436,0.157527271466596,7,1,785200123
0.887607207318771,0.103465361382707,7,1,785200123
0.055910814430447,0.12082624092335,7,1,785200123
0.120611835919901,0.171500762247803,7,1,785200123
0.534446902958973,0.132442316828364,7,1,785200123
0.182253773004993,0.860225516984157,7,1,785200123
0.73254369771313,0.918469920229571,7,1,785200123
0.868202267674773,0.276388956355679,7,1,785200123
0.409758113096787,0.29451025681922,7,1,785200123
0.093808215234264,0.796557574045327,7,1,785200123
0.816250565180738,0.446502277942307,7,1,785200123
0.495925782919548,0.609421081756328,7,1,785200123
0.125711344090302,0.367201787929292,7,1,785200123
0.837271038828653,0.019108559476358,7,1,785200123
0.960390122189251,0.747167405486052,7,1,785200123
0.671600168376073,0.832299090912761,7,1,785200123
0.228717883279245,0.924776161553996,7,1,785200123
0.322715878593181,0.09820070385363,7,1,785200123
0.356362452506798,0.336705410522292,7,1,785200123
0.606288113945284,0.448009738521554,7,1,785200123
0.133160219183189,0.278481937670568,7,1,785200123
0.880700900169894,0.289252596270934,7,1,785200123
0.821218275631304,0.68411317150603,7,1,785200123
0.951614064599406,0.150450300311765,7,1,785200123
0.873582612343403,0.064479255233458,7,1,785200123
0.074655336904306,0.54283576900499,7,1,785200123
0.598219913519896,0.706079410239258,7,1,785200123
0.801634376738542,0.808392476835829,7,1,785200123
0.368661501653294,0.724889211600232,7,1,785200123
0.697897377624987,0.557272569733892,7,1,785200123
0.530510186287462,0.594500250290376,7,1,785200123
0.021917033027976,0.46269100495532,7,1,785200123
0.98211187073994,0.323377198722435,7,1,785200123
0.302939609061219,0.377682061940843,7,1,785200123
0.51804540055239,0.542981641490101,7,1,785200123
0.378486920138081,0.965643130920725,7,1,785200123
0.41568600070771,0.386676004479916,7,1,785200123
0.860738279953549,0.295379699483053,7,1,785200123
0.417948791547919,0.188734870526907,7,1,785200123
0.189293154371138,0.141405206977815,7,1,785200123
0.219420681652404,0.713455251221574,7,1,785200123
0.397542761945516,0.051537329693656,7,1,785200123
0.798440590127726,0.836271306884547,7,1,785200123
0.47085463096032,0.596372692059623,7,1,785200123
0.454289152794729,0.341943091649738,7,1,785200123
0.707001258244548,0.599009740383087,7,1,785200123
0.20650103853126,0.779302864915033,7,1,785200123
0.80274009576064,0.558429751441378,7,1,785200123
0.292414283225781,0.117706830968699,7,1,785200123
0.485179172393209,0.926233940029328,7,1,785200123
0.859422652697322,0.287254070519275,7,1,785200123
0.382538788457232,0.373974728466836,7,1,785200123
0.58999883843026,0.552998253873552,7,1,785200123
0.486146344600974,0.697107364171725,7,1,785200123
0.920407555802506,0.072792399493292,7,1,785200123
0.993978276385732,0.541627794982064,7,1,785200123
0.718129277524872,0.91907031784931,7,1,785200123
0.545789202899279,0.710751487870429,7,1,785200123
0.76836696312396,0.306782843067427,7,1,785200123
0.860845252418658,0.411526941826406,7,1,785200123
0.186609619281637,0.762871177620948,7,1,785200123
0.571504625165884,0.435066791377,7,1,785200123
0.922078203318824,0.497072987716842,7,1,785200123
0.6093660873759,0.929118563862624,7,1,785200123
0.84598087564981,0.289522001058665,7,1,785200123
0.845430970685416,0.117985611032289,7,1,785200123
0.528855991141362,0.797514974552683,7,1,785200123
0.811702843357989,0.05234901696278,7,1,785200123
0.702883224145497,0.301984593533095,7,1,785200123
0.238873323161315,0.230328829987725,7,1,785200123
0.57789423821039,0.563630558316947,7,1,785200123
0.833221456503888,0.721163274771988,7,1,785200123
0.633916425273253,0.639325387882289,7,1,785200123
0.18557851560474,0.244173022722505,7,1,785200123
0.248434334537052,0.221325415223622,7,1,785200123
0.956188041441104,0.508216846599751,7,1,785200123
0.533155172060996,0.304981675424176,7,1,785200123
0.511516867256955,0.000633940897586,7,1,785200123
0.052916492899367,0.765059046328995,7,1,785200123
0.002549660851448,0.329707494042957,7,1,785200123
0.678475362160273,0.726436717132714,7,1,785200123
0.468826076310879,0.170972812957947,7,1,785200123
0.685270170729967,0.45187644802542,7,1,785200123
0.928455877498674,0.845232736326891,7,1,785200123
0.351847748625208,0.837709662565499,7,1,785200123
0.571574444457485,0.564931695201312,7,1,785200123
0.734499900833134,0.507708008100189,7,1,785200123
0.113177275679117,0.425579480802662,7,1,785200123
0.998755116284362,0.92606672939652,7,1,785200123
0.080998750362862,0.290203981646346,7,1,785200123
0.673722851071366,0.912343448776481,7,1,785200123
0.315077083177083,0.81735208896237,7,1,785200123
0.461889164147352,0.434359787208686,7,1,785200123
0.237873776738263,0.016946466880715,7,1,785200123
0.784814213369571,0.579486640256486,7,1,785200123
0.51729250536917,0.88334501324472,7,1,785200123
0.074283546234269,0.160398671739923,7,1,785200123
0.589669277495533,0.851239225684209,7,1,785200123
0.928816839034683,0.498296949721499,7,1,785200123
0.135781507678519,0.047566322443016,7,1,785200123
0.647039065005211,0.544763380688056,7,1,785200123
0.010150935164838,0.57139933852887,7,1,785200123
0.322271079177749,0.652823926957324,7,1,785200123
0.312391739979566,0.323818362746932,7,1,785200123
0.63679746232741,0.988462559224663,7,1,785200123
0.259081206825778,0.231055062027453,7,1,785200123
0.729621701721703,0.78574102881269,7,1,785200123
0.265607719133874,0.056741864779408,7,1,785200123
0.028120092729912,0.391844299663241,7,1,785200123
0.17967673538868,0.382886302068811,7,1,785200123
0.731857195581384,0.322785146406128,7,1,785200123
0.921632300155986,0.754229527593253,7,1,785200123
0.71592742469436,0.356165730487095,7,1,785200123
0.881478187224268,0.426938040865591,7,1,785200123
0.981538668775105,0.024307823553506,7,1,785200123
0.298459051378749,0.64011562095678,7,1,785200123
0.423155990008004,0.739227530941004,7,1,785200123
0.506289051417449,0.837412598004567,7,1,785200123
0.604373896923515,0.180344550352078,7,1,785200123
0.365591467259501,0.806047689047124,7,1,785200123
0.438788793982691,0.506479585621761,7,1,785200123
0.424839552216066,0.271847324570959,7,1,785200123
0.157493125398034,0.415608400372845,7,1,785200123
0.352065596943688,0.09144653180213,7,1,785200123
0.711415605400287,0.06900413133845,7,1,785200123
0.961831695860314,0.816583558282966,7,1,785200123
0.804582829775096,0.420814283638371,7,1,785200123
0.725431835962772,0.070460971732543,7,1,785200123
0.083479131537706,0.549782588325852,7,1,785200123
0.997022236662986,0.872433550466592,7,1,785200123
0.618033508867274,0.176739852869875,7,1,785200123
0.31435276465681,0.77482341108204,7,1,785200123
0.701363534384896,0.669652301421947,7,1,785200123
0.039999218447818,0.434451319466869,7,1,785200123
0.168258005560165,0.487429670456839,7,1,785200123
0.297472728544484,0.031512441267669,7,1,785200123
0.886481628685094,0.194359554656273,7,1,785200123
0.626308794259723,0.769713731543592,7,1,785200123
0.810336466978994,0.888948576775423,7,1,785200123
0.031215798361831,0.544129098084117,7,1,785200123
0.00251661441366,0.134114883694416,7,1,785200123
0.132588271026792,0.747018128926156,7,1,785200123
0.328144074135392,0.25009062143977,7,1,785200123
0.939168080663911,0.096892346601521,7,1,785200123
0.103975064304418,0.137057206047601,7,1,785200123
0.35836182131756,0.322402709218045,7,1,785200123
0.846118226272993,0.631449907894417,7,1,785200123
0.935700800643834,0.510160858626828,7,1,785200123
0.401207026490393,0.768032875449042,7,1,785200123
0.472155010039093,0.934395804462198,7,1,785200123
0.168820781071092,0.219259332952282,7,1,785200123
0.10649041863603,0.226386569800879,7,1,785200123
0.827049791504525,0.614095845029877,7,1,785200123
0.169584466460663,0.812900614235115,7,1,785200123
0.958452222189522,0.400403877160255,7,1,785200123
0.618591836879722,0.655406878035531,7,1,785200123
0.240251355070589,0.408135425675988,7,1,785200123
0.141078827056833,0.455621250508268,7,1,785200123
0.410473660787789,0.295014226431187,7,1,785200123
0.08272120387866,0.657981350342614,7,1,785200123
0.050829999270045,0.612037488922373,7,1,785200123
0.1968873317088,0.775936685897585,7,1,785200123
0.337492968806934,0.313047388274879,7,1,785200123
0.840404350581326,0.796479240965485,7,1,785200123
0.302526105471429,0.150785936042513,7,1,785200123
0.647032295615349,0.676128544995962,7,1,785200123
0.821571256120949,0.551260239529059,7,1,785200123
0.898647283761288,0.2316243360655,7,1,785200123
0.497502435343491,0.238910021919081,7,1,785200123
0.783861563780781,0.049869337860153,7,1,785200123
0.84510617561074,0.09698248265844,7,1,785200123
0.484784808074801,0.394202988289894,7,1,785200123
0.698449388219462,0.490684437309823,7,1,785200123
0.564857446102665,0.467877008291758,7,1,785200123
0.560448067101782,0.555095178490844,7,1,785200123
0.444163724527093,0.810641819220494,7,1,785200123
0.693251061351736,0.75548780515017,7,1,785200123
0.843358187772701,0.050642403434251,7,1,785200123
0.108405148546983,0.364620937577706,7,1,785200123
0.953316624670364,0.711361437317506,7,1,785200123
0.257368822490009,0.369726293340749,7,1,785200123
0.744848212243226,0.282135678886797,7,1,785200123
0.14579430928828,0.721332452138009,7,1,785200123
0.27128282512247,0.300812105465397,7,1,785200123
0.799098213871582,0.766728379640964,7,1,785200123
0.036473690661557,0.768397806272539,7,1,785200123
0.492193393403527,0.172785070793356,7,1,785200123
0.501732320168313,0.81809787709848,7,1,785200123
0.922855770397015,0.636017016631386,7,1,785200123
0.587439131132303,0.194923949970746,7,1,785200123
0.556051535422767,0.20218007570149,7,1,785200123
0.588549438593924,0.767095380882374,7,1,785200123
0.695651846751308,0.073365537839933,7,1,785200123
0.670531311080905,0.797338101399105,8,1,568730109
0.816918870218364,0.324352254562196,8,1,568730109
0.737772817961245,0.912562912942346,8,1,568730109
0.579423843200614,0.159317547819787,8,1,568730109
0.648442604273283,0.716951778316527,8,1,568730109
0.603356652267518,0.898359595543502,8,1,568730109
0.271349460841887,0.919369180114312,8,1,568730109
0.453213458046958,0.624515340370369,8,1,568730109
0.74812997322603,0.0129386104350364,8,1,568730109
0.494475624663211,0.870217141529912,8,1,568730109
0.514726214953281,0.835494918487043,8,1,568730109
0.419422288189303,0.585841631864391,8,1,568730109
0.61476807656273,0.559040226735659,8,1,568730109
0.670971494354128,0.289225162364736,8,1,568730109
0.712274630986863,0.384859920629752,8,1,568730109
0.994828080696221,0.780991317623593,8,1,568730109
0.681945863653255,0.00320203256711604,8,1,568730109
0.312311797110391,0.0994968952876656,8,1,568730109
0.44568620369428,0.870928466314409,8,1,568730109
0.429541952742988,0.779844685741216,8,1,568730109
0.72910979936656,0.6428476124851,8,1,568730109
0.32970348134285,0.00746298368969711,8,1,568730109
0.917587107212198,0.161938017750557,8,1,568730109
0.163870730338525,0.201326785767503,8,1,568730109
0.279858270880592,0.578867660019634,8,1,568730109
0.902968643763131,0.797923442812961,8,1,568730109
0.542579417867498,0.711060793504842,8,1,568730109
0.823377537344711,0.129557561204337,8,1,568730109
0.729779447696716,0.531025562345266,8,1,568730109
0.881290361138446,0.520973631962264,8,1,568730109
0.427377822883822,0.721352907522914,8,1,568730109
0.871855032039324,0.0326313426485623,8,1,568730109
0.72721311928142,0.25677558168472,8,1,568730109
0.227674632751506,0.776639746672071,8,1,568730109
0.643751712773573,0.30467584780514,8,1,568730109
0.352925844087787,0.294096471237312,8,1,568730109
0.659055970754452,0.462841834093747,8,1,568730109
0.396196797135943,0.691514594540207,8,1,568730109
0.949459225686767,0.641298630388118,8,1,568730109
0.619027354192753,0.955478626862081,8,1,568730109
0.65231607477873,0.297399472073935,8,1,568730109
0.73298679119255,0.0531624049300401,8,1,568730109
0.34824561499333,0.528965344515713,8,1,568730109
0.709858431172505,0.0122225430211533,8,1,568730109
0.463241674963069,0.68049849874326,8,1,568730109
0.445720492072919,0.937025422823459,8,1,568730109
0.95637669816382,0.330569540857983,8,1,568730109
0.905045170890361,0.964740866470966,8,1,568730109
0.89196662659714,0.485395163471686,8,1,568730109
0.886180075396445,0.562409101489127,8,1,568730109
0.163395150129072,0.226192757053359,8,1,568730109
0.110901551859223,0.719279914096112,8,1,568730109
0.902196031619506,0.495731531097437,8,1,568730109
0.247181869299447,0.181867857455974,8,1,568730109
0.741852242769111,0.213355803539466,8,1,568730109
0.578017539512933,0.0374498437570052,8,1,568730109
0.490307829091944,0.315695493605531,8,1,568730109
0.656542098030811,0.556752224630286,8,1,568730109
0.998002640039694,0.51055581864876,8,1,568730109
0.430889560026667,0.401928878182051,8,1,568730109
0.839464537442859,0.939125283835243,8,1,568730109
0.124247611154639,0.386128456426196,8,1,568730109
0.690213260040589,0.759525757036288,8,1,568730109
0.262909014871755,0.222298885478504,8,1,568730109
0.390259301758597,0.249080671324315,8,1,568730109
0.746266603206481,0.319579104811063,8,1,568730109
0.99948215032787,0.886775389448401,8,1,568730109
0.0404504739760547,0.306943313566555,8,1,568730109
0.690232949839923,0.849209396590101,8,1,568730109
0.662245949084797,0.0130523706454158,8,1,568730109
0.442935319097923,0.658493582738294,8,1,568730109
0.977169211956426,0.255900480591894,8,1,568730109
0.55987959785804,0.195617582410624,8,1,568730109
0.369577801742664,0.414947727064993,8,1,568730109
0.307210041069666,0.15528150813289,8,1,568730109
0.412850550172982,0.765313418987321,8,1,568730109
0.569181267102731,0.909662270314802,8,1,568730109
0.160739944856155,0.0691571262735278,8,1,568730109
0.0679991378142779,0.559837759019473,8,1,568730109
0.513983913612158,0.750500109684529,8,1,568730109
0.0320124208043935,0.42053681779657,8,1,568730109
0.849588970335722,0.396170046399672,8,1,568730109
0.478497542366228,0.971387098253432,8,1,568730109
0.57682399861207,0.67429578123396,8,1,568730109
0.470590005789949,0.380099201532212,8,1,568730109
0.59012454361305,0.513329059739375,8,1,568730109
0.135161625514441,0.0815211092606694,8,1,568730109
0.384498192369844,0.309858646801207,8,1,568730109
0.254027768118712,0.775002935367716,8,1,568730109
0.165950488775931,0.797028748100514,8,1,568730109
0.659520913825515,0.726628432041867,8,1,568730109
0.163093850036136,0.228942750705092,8,1,568730109
0.68484537114002,0.228093282210674,8,1,568730109
0.175225257858513,0.125508611762771,8,1,568730109
0.715114296122881,0.588791836904636,8,1,568730109
0.0478836404123766,0.84787076094185,8,1,568730109
0.626684463984181,0.831178786724753,8,1,568730109
0.534062327149762,0.303847345212219,8,1,568730109
0.377515778010097,0.000763294538251191,8,1,568730109
0.613325207146728,0.35111969572527,8,1,568730109
0.703531704713472,0.799085873781718,8,1,568730109
0.33790936270269,0.222340303251459,8,1,568730109
0.514959619264881,0.741837842063568,8,1,568730109
0.763085407112374,0.842369276304518,8,1,568730109
0.306291610251582,0.761461464891381,8,1,568730109
0.135543919707374,0.600639490790932,8,1,568730109
0.176104817630284,0.490259938238652,8,1,568730109
0.0498455988111353,0.495737296105878,8,1,568730109
0.0833010225444664,0.22838692030072,8,1,568730109
0.182483833363388,0.647279137091169,8,1,568730109
0.296556488016454,0.786985548686145,8,1,568730109
0.946255038495288,0.463354883519575,8,1,568730109
0.0660955174650102,0.489031281440906,8,1,568730109
0.563851163660325,0.578642491554087,8,1,568730109
0.148036017163051,0.927858510380946,8,1,568730109
0.471917969394071,0.0212362637620371,8,1,568730109
0.084249016448724,0.782338695269877,8,1,568730109
0.580392900142253,0.966262441077588,8,1,568730109
0.641706325302499,0.737376669306053,8,1,568730109
0.56376000362035,0.00907527497295568,8,1,568730109
0.590366241175627,0.123654964657709,8,1,568730109
0.0683554407118638,0.389902344883016,8,1,568730109
0.475408542780838,0.570165682884898,8,1,568730109
0.0665409300587783,0.83204384782246,8,1,568730109
0.701834058682606,0.962827898249431,8,1,568730109
0.72289525886798,0.861994279806768,8,1,568730109
0.883081496850505,0.880910560559997,8,1,568730109
0.881944415308442,0.531378002859266,8,1,568730109
0.143492435141723,0.32642318819254,8,1,568730109
0.710624176987125,0.65060580374182,8,1,568730109
0.0613403840880757,0.449803798479667,8,1,568730109
0.649271539521165,0.337701855704779,8,1,568730109
0.81213366885574,0.691708675138572,8,1,568730109
0.964006974791764,0.707589111920264,8,1,568730109
0.948051440173676,0.158946331283662,8,1,568730109
0.00167980456650785,0.171824711475669,8,1,568730109
0.0242944081712266,0.638749990255772,8,1,568730109
0.297429385478855,0.0599653149621626,8,1,568730109
0.466351543247817,0.952703637976314,8,1,568730109
0.226656319026775,0.421546247973501,8,1,568730109
0.37665421071881,0.919575826671714,8,1,568730109
0.650184176588654,0.750922126663366,8,1,568730109
0.707392948037609,0.311819307606938,8,1,568730109
0.369474957121502,0.251545034581266,8,1,568730109
0.899300169282384,0.694891486598166,8,1,568730109
0.566493945255629,0.303052283129893,8,1,568730109
0.554442455970827,0.0799786881623652,8,1,568730109
0.695471107049726,0.790915939081063,8,1,568730109
0.984577991967874,0.727570308672668,8,1,568730109
0.526013009822991,0.0630957466735831,8,1,568730109
0.221320725686343,0.770497861335803,8,1,568730109
0.668508539905659,0.200824838127928,8,1,568730109
0.011437515198101,0.177213965462479,8,1,568730109
0.453302665744984,0.137019937982599,8,1,568730109
0.951725214730013,0.00880918117280216,8,1,568730109
0.0710577157866004,0.628127866218159,8,1,568730109
0.0582706281709022,0.433079781242922,8,1,568730109
0.16502046978616,0.00988746321809586,8,1,568730109
0.113009828060783,0.525428616580176,8,1,568730109
0.971141673499438,0.142038374206487,8,1,568730109
0.116178306407785,0.350725377421401,8,1,568730109
0.320124632907862,0.318079801411557,8,1,568730109
0.449783689605799,0.334069442643469,8,1,568730109
0.187708973548582,0.362055890258167,8,1,568730109
0.672860212222952,0.166573628717372,8,1,568730109
0.439534300463265,0.426561178864798,8,1,568730109
0.762994937301403,0.881070295028789,8,1,568730109
0.911953370479022,0.046178652377695,8,1,568730109
0.767962152659464,0.250577727664804,8,1,568730109
0.777992059443837,0.490210735769274,8,1,568730109
0.0589318999446258,0.592547076487623,8,1,568730109
0.27793966585646,0.641495520590612,8,1,568730109
0.570841479091248,0.136712590027083,8,1,568730109
0.765550511682653,0.704441133114789,8,1,568730109
0.160432063648158,0.710023105958209,8,1,568730109
0.635389034859675,0.39516489298349,8,1,568730109
0.626211218759149,0.251777546526625,8,1,568730109
0.891951803458126,0.440207731548427,8,1,568730109
0.159186943005435,0.398166616629075,8,1,568730109
0.504061325571847,0.100947827901876,8,1,568730109
0.524339486653576,0.0197280981828349,8,1,568730109
0.165453561596435,0.03143818427389,8,1,568730109
0.0473896056547127,0.324207585016967,8,1,568730109
0.637327536741297,0.203495267397159,8,1,568730109
0.325553411647573,0.733272040563538,8,1,568730109
0.840981502604581,0.646601276042811,8,1,568730109
0.966500641637156,0.961205276745219,8,1,568730109
0.37031606500409,0.578529640795325,8,1,568730109
0.782311420322467,0.993546138255265,8,1,568730109
0.225739236891926,0.551364541511636,8,1,568730109
0.600440538131314,0.740040105038597,8,1,568730109
0.0185566106690285,0.972375929033748,8,1,568730109
0.624723374216197,0.372090480246942,8,1,568730109
0.89711828666262,0.137045162426607,8,1,568730109
0.212953603478925,0.893848888178147,8,1,568730109
0.986312403272308,0.19949508110172,8,1,568730109
0.927383423657988,0.645522741945276,8,1,568730109
0.440505100369633,0.574196614262073,8,1,568730109
0.601970243438733,0.758988319582701,8,1,568730109
0.229601406156455,0.603624480112797,8,1,568730109
0.0552459852348683,0.0230363806325062,8,1,568730109
0.449130628236885,0.0863576859785509,8,1,568730109
0.229170270479461,0.139929356611337,8,1,568730109
0.53304970374184,0.296627112137708,8,1,568730109
0.931263949544321,0.792503662296826,8,1,568730109
0.367162247526907,0.350852637735926,8,1,568730109
0.866706273914736,0.232689156603429,8,1,568730109
0.403829558250631,0.0665085093485143,8,1,568730109
0.639307782227579,0.317183457363682,8,1,568730109
0.582012985033292,0.467917284140665,8,1,568730109
0.451218917817362,0.117415179216917,8,1,568730109
0.352281468964287,0.52108802800082,8,1,568730109
0.417937534303255,0.310724531487959,8,1,568730109
0.52453627789784,0.233977323409446,8,1,568730109
0.987621188567704,0.229464545523524,8,1,568730109
0.196984502690611,0.125265559784234,8,1,568730109
0.0361286570850883,0.663053229324507,8,1,568730109
0.446915768758758,0.639880585850858,8,1,568730109
0.312827390928268,0.00529932580110604,8,1,568730109
0.117481312029535,0.726361573878646,8,1,568730109
0.513588989450596,0.777794246477027,8,1,568730109
0.80975658291009,0.600958578075565,8,1,568730109
0.737529836962607,0.318755468558943,8,1,568730109
0.367413804315995,0.966693152668093,8,1,568730109
0.828984666305248,0.517006420647356,8,1,568730109
0.347079975276714,0.172673642278282,8,1,568730109
0.779323250023306,0.284175337439826,8,1,568730109
0.604658543783895,0.00818692017878764,8,1,568730109
0.258809115519689,0.0942657659356367,8,1,568730109
0.1908725662754,0.675279327133909,8,1,568730109
0.812005945023932,0.367271257410018,8,1,568730109
0.0144481927131768,0.363738734298942,8,1,568730109
0.60182971910774,0.554330045076991,8,1,568730109
0.588795049063703,0.82797042185485,8,1,568730109
0.255410070367099,0.0285344066146447,8,1,568730109
0.773860676527559,0.431652891313489,8,1,568730109
0.247793654574137,0.33374518059443,8,1,568730109
0.024566583251181,0.287986256117759,8,1,568730109
0.721483537171117,0.632898636385462,8,1,568730109
0.505520775200453,0.0156036164188826,8,1,568730109
0.352177397188459,0.351767677091272,8,1,568730109
0.249686936250229,0.101332542143185,8,1,568730109
0.500217492162965,0.683342927535442,8,1,568730109
0.70269114871771,0.695549329613535,8,1,568730109
0.525897310952837,0.0486050571939654,8,1,568730109
0.918686307451337,0.33582661961136,8,1,568730109
0.25319603404482,0.706416566756008,8,1,568730109
0.548882343943261,0.516169102153573,8,1,568730109
0.0823571780285315,0.854707222837655,8,1,568730109
0.78490425522597,0.388455347074659,8,1,568730109
0.230574346674078,0.656763060793413,8,1,568730109
0.574732877841366,0.0298291256697363,8,1,568730109
0.322783509043958,0.361229770556684,8,1,568730109
0.0131354410043634,0.739200771268624,8,1,568730109
0.80660243412302,0.21214382582,8,1,568730109
0.282375505971856,0.443531175123064,8,1,568730109
0.598427550505369,0.378919186372171,8,1,568730109
0.300965353828499,0.882132488786602,8,1,568730109
0.738516530850948,0.00189849408443754,8,1,568730109
0.91361390361183,0.505674588892199,8,1,568730109
0.841616296563247,0.225221281387851,8,1,568730109
0.6243263644035,0.424360066548274,8,1,568730109
0.759014640143501,0.101396691917525,8,1,568730109
0.391304678729209,0.0383969259092678,8,1,568730109
0.24740446485411,0.533005855178934,8,1,568730109
0.426063950124427,0.655847310510918,8,1,568730109
0.509722326392866,0.658928705831042,8,1,568730109
0.115247729198505,0.383168270001407,8,1,568730109
0.48557822091818,0.549464553504187,8,1,568730109
0.961289099008865,0.917120850721482,8,1,568730109
0.566989857992695,0.402408342938652,8,1,568730109
0.127136731135488,0.431879296381233,8,1,568730109
0.113151143952892,0.590190015981412,8,1,568730109
0.688894838236875,0.892834838811834,8,1,568730109
0.605851414881036,0.650369798269947,8,1,568730109
0.291807969182774,0.154828345798423,8,1,568730109
0.532875930587635,0.562588150471238,8,1,568730109
0.0872732124270827,0.326764817495025,8,1,568730109
0.364885738583128,0.537913862062845,8,1,568730109
0.616964519951316,0.343958112756947,8,1,568730109
0.0173592201302601,0.802707960021088,8,1,568730109
0.67367830571165,0.644374720862876,8,1,568730109
0.262736087403634,0.47415219207832,8,1,568730109
0.124885576422789,0.0537107988545209,8,1,568730109
0.375656124622528,0.391329343552738,8,1,568730109
0.943313810827201,0.181822089444087,8,1,568730109
0.0055286623820141,0.15800514867,8,1,568730109
0.0109404534464685,0.14564728640702,8,1,568730109
0.302785021187364,0.750906026942415,8,1,568730109
0.148318610250913,0.587215699132622,8,1,568730109
0.687188671016159,0.701651828334655,8,1,568730109
0.781753009689942,0.044370593062494,8,1,568730109
0.600169911413415,0.560685493622035,8,1,568730109
0.301824442699384,0.637627430247822,8,1,568730109
0.938399977676403,0.129961318479838,8,1,568730109
0.48030244354772,0.516611284706602,8,1,568730109
0.809586388212223,0.0415308573208764,8,1,568730109
0.440533427796319,0.916268526305702,8,1,568730109
0.308134622990411,0.904220684464614,8,1,568730109
0.662665990609789,0.812984735301704,8,1,568730109
0.933688633071209,0.105619129886497,8,1,568730109
0.393592088732722,0.565989088991087,8,1,568730109
0.742070503254374,0.320234634970529,8,1,568730109
0.658727617475259,0.450653647082629,8,1,568730109
0.367084720274049,0.856232119803107,8,1,568730109
0.582033566532291,0.840095220460791,8,1,568730109
0.871457811394801,0.160811603274129,8,1,568730109
0.0535992728083414,0.989934790722998,8,1,568730109
0.0575948296721811,0.901591882582026,8,1,568730109
0.920769963641306,0.588266961131827,8,1,568730109
0.658338758905483,0.42723231436295,8,1,568730109
0.726105625092435,0.610713126694319,8,1,568730109
0.318325468986936,0.372027695675529,8,1,568730109
0.505756205988477,0.829128306261008,8,1,568730109
0.0343085298822841,0.607378006451559,8,1,568730109
0.351697939822985,0.548225409433465,8,1,568730109
0.776830342099077,0.468471761934611,8,1,568730109
0.442485707647952,0.207032903673609,8,1,568730109
0.877485021594912,0.0392451752545404,8,1,568730109
0.333517772225547,0.720764506714421,8,1,568730109
0.92007498583941,0.622462947067404,8,1,568730109
0.659888694619351,0.539257473339128,8,1,568730109
0.449080181526016,0.136433541194448,8,1,568730109
0.138158561554317,0.865236148374826,8,1,568730109
0.422207877139935,0.235120235326168,8,1,568730109
0.844125865817567,0.758937384209863,8,1,568730109
0.239904711977307,0.841578947202928,8,1,568730109
0.836928951645929,0.934657678093177,8,1,568730109
0.425245860513209,0.471944855265844,8,1,568730109
0.29611946286035,0.28621792518223,8,1,568730109
0.534963456450986,0.186625486459853,8,1,568730109
0.134938215783753,0.616641292218568,8,1,568730109
0.0220849976775424,0.234007042533999,8,1,568730109
0.36096591867935,0.0343657726348781,8,1,568730109
0.867109700791916,0.610929865948131,8,1,568730109
0.871588239457992,0.212592844888219,8,1,568730109
0.47330307550403,0.174662416924571,8,1,568730109
0.181843266405012,0.755890759853443,8,1,568730109
0.480927280590568,0.775329270238616,8,1,568730109
0.134312207381487,0.623966985552562,8,1,568730109
0.134562686438565,0.160558360747486,8,1,568730109
0.61781739333577,0.304881967376255,8,1,568730109
0.311505808860548,0.729858603250831,8,1,568730109
0.215538768234539,0.158908688105547,8,1,568730109
0.383265924352472,0.180222310320222,8,1,568730109
0.385084150097328,0.121601208192674,8,1,568730109
0.460631223682773,0.639976595593633,8,1,568730109
0.311814503447359,0.994345029654501,8,1,568730109
0.102452379059144,0.608365351612386,8,1,568730109
0.517647718157544,0.249990459407116,8,1,568730109
0.425314210676493,0.39909981994076,8,1,568730109
0.961745630967411,0.899624289020764,8,1,568730109
0.809688792962725,0.17898526990035,8,1,568730109
0.504426613776035,0.344524375602339,8,1,568730109
0.0590181337155171,0.345235175443836,8,1,568730109
0.866972330449166,0.698794337514362,8,1,568730109
0.118216177477634,0.949192022421324,8,1,568730109
0.74359030589826,0.60155006660286,8,1,568730109
0.315064889990174,0.370635257515087,8,1,568730109
0.315378308975651,0.521650046334995,8,1,568730109
0.833493959911533,0.130719235384238,8,1,568730109
0.950302627019517,0.484378000816335,8,1,568730109
0.734396696551795,0.373408536570168,8,1,568730109
0.507799822335787,0.89616237834085,8,1,568730109
0.530328562915573,0.314228837826207,8,1,568730109
0.686379641178125,0.208424955593473,8,1,568730109
0.397537217961455,0.722462087234052,8,1,568730109
0.0877112555822013,0.710965102684398,8,1,568730109
0.950099882708611,0.263660226531756,8,1,568730109
0.562441449962975,0.30424817939016,8,1,568730109
0.41886534269557,0.891897613826998,8,1,568730109
0.431112438085962,0.926858867207302,8,1,568730109
0.959957760007423,0.67264255724084,8,1,568730109
0.776019999408033,0.281531450811186,8,1,568730109
0.066045434206961,0.0125411688642991,8,1,568730109
0.189869331342859,0.245643590919267,8,1,568730109
0.381468222832111,0.107995300613285,8,1,568730109
0.433149425042512,0.7947739803683,8,1,568730109
0.0859178215630669,0.600821948745844,8,1,568730109
0.805980259191228,0.22657839526262,8,1,568730109
0.918833962599979,0.197942851908333,8,1,568730109
0.860384344873613,0.206639602260833,8,1,568730109
0.0451782399678937,0.905561901526626,8,1,568730109
0.840350376261767,0.242860084588809,8,1,568730109
0.276240363743925,0.594509333219607,8,1,568730109
0.814384278581305,0.710587861980564,8,1,568730109
0.404380439930729,0.906472247786419,8,1,568730109
0.0735666195535762,0.676106448327699,8,1,568730109
0.17909435009468,0.441574818146188,8,1,568730109
0.803000108485388,0.355296176724629,8,1,568730109
0.0270881162956638,0.358164676962136,8,1,568730109
0.744973087357174,0.0706676611820662,8,1,568730109
0.309784510745671,0.843755791736724,8,1,568730109
0.548074694177057,0.0968044272062647,8,1,568730109
0.179654869034189,0.975746732909908,8,1,568730109
0.447973967574415,0.327766432209455,8,1,568730109
0.0542955646850611,0.870605905767436,8,1,568730109
0.352767413012152,0.952052421684523,8,1,568730109
0.707687290211587,0.0804175669240479,8,1,568730109
0.926533088005261,0.216944381077888,8,1,568730109
0.210480331375357,0.98694310431196,8,1,568730109
0.610597871927626,0.293909864390975,8,1,568730109
0.0766731657588207,0.385952993077641,8,1,568730109
0.559086364516541,0.281954038672414,8,1,568730109
0.591507425526094,0.321006412059655,8,1,568730109
0.425898355001458,0.271778114741227,8,1,568730109
0.558633111188143,0.0760572470863987,8,1,568730109
0.0752786357299522,0.684017424464448,8,1,568730109
0.473191287665667,0.35827796587174,8,1,568730109
0.646775912100606,0.855645691223964,8,1,568730109
0.558490214539361,0.811546722627742,8,1,568730109
0.595425306014667,0.0231635679113511,8,1,568730109
0.136734665734316,0.538376114905804,8,1,568730109
0.722004333718264,0.330741930307381,8,1,568730109
0.958481960641453,0.583788932131936,8,1,568730109
0.85508219252903,0.159240113362317,8,1,568730109
0.20729221878148,0.163821033981644,8,1,568730109
0.575565360058886,0.866752050730661,8,1,568730109
0.445811770466313,0.13373069761574,8,1,568730109
0.0202891103444147,0.973052872224867,8,1,568730109
0.312325290517879,0.618292012361957,8,1,568730109
0.203472530857217,0.288806551899164,8,1,568730109
0.0338024175950062,0.985360452620915,8,1,568730109
0.155077035303232,0.356834545759923,8,1,568730109
0.290085197738461,0.789450584397837,8,1,568730109
0.789859641444259,0.414820593644362,8,1,568730109
0.981049939920523,0.296444876645269,8,1,568730109
0.824095689599113,0.319388242329772,8,1,568730109
0.509167403495692,0.685228662529831,8,1,568730109
0.785633638703957,0.197933772233041,8,1,568730109
0.18998021570624,0.0631534915736047,8,1,568730109
0.435396937240323,0.871479431613399,8,1,568730109
0.659369622500562,0.723712673889406,8,1,568730109
0.196199506715163,0.314976117162196,8,1,568730109
0.640669937592218,0.0316242907026081,8,1,568730109
0.254590659502334,0.81540549961838,8,1,568730109
0.680065859234427,0.595282365346154,8,1,568730109
0.320524072642876,0.526557973866275,8,1,568730109
0.505932703107365,0.180478832565456,8,1,568730109
0.845900981692007,0.184626264098801,8,1,568730109
0.514239960202519,0.863422474435861,8,1,568730109
0.701782257980774,0.344190481760774,8,1,568730109
0.0131542215011733,0.835151940950344,8,1,568730109
0.848320956900687,0.445310202689029,8,1,568730109
0.902923346937327,0.232814354393062,8,1,568730109
0.206564891639713,0.20874226364665,8,1,568730109
0.0150561907130786,0.965215308030163,8,1,568730109
0.473727494298152,0.859906727816515,8,1,568730109
0.806914611995336,0.493907316781409,8,1,568730109
0.913272390208594,0.0550233114216772,8,1,568730109
0.121731988207585,0.849689598307659,8,1,568730109
0.792075382569381,0.533349180887934,8,1,568730109
0.379602573454914,0.512527666669246,8,1,568730109
0.884635368829517,0.477156609740717,8,1,568730109
0.857658069087387,0.717326654202837,8,1,568730109
0.808479411303533,0.622326309858002,8,1,568730109
0.11811859580236,0.450424472599365,8,1,568730109
0.746013677219677,0.277405536723074,8,1,568730109
0.823830800721569,0.928058873815756,8,1,568730109
0.891524427649592,0.747704522338018,8,1,568730109
0.345932493690545,0.526198848925992,8,1,568730109
0.494953407446986,0.484169170022349,8,1,568730109
0.467283305152484,0.25801163414469,8,1,568730109
0.393369291452251,0.308742459745098,8,1,568730109
0.462355498390824,0.23510195120952,8,1,568730109
0.44519062000144,0.708893355345096,8,1,568730109
0.831909019240728,0.281779303736908,8,1,568730109
0.207975226326123,0.281114724415414,8,1,568730109
0.102769388789706,0.732677531016269,8,1,568730109
0.300640129801292,0.813069501746583,8,1,568730109
0.236255496804093,0.142153608742078,8,1,568730109
0.548818876391493,0.420238302818106,8,1,568730109
0.615856438260856,0.59750541487983,8,1,568730109
0.675177164239127,0.133694870956335,8,1,568730109
0.928847417174389,0.725411921337515,8,1,568730109
0.253671342440947,0.428163732079049,8,1,568730109
0.412349896439805,0.63629940019155,8,1,568730109
0.733914318978935,0.975353827983928,8,1,568730109
0.913813581620918,0.810887940050001,8,1,568730109
0.0666155380839606,0.577932120555364,8,1,568730109
0.52945064462124,0.280553987157637,8,1,568730109
0.786270942501702,0.695243652551487,8,1,568730109
0.454364150253364,0.18606103256431,8,1,568730109
0.189991396791386,0.0292910507559381,8,1,568730109
0.5904217867612,0.433553681635173,8,1,568730109
0.364948590232734,0.738068578067393,8,1,568730109
0.00415840550228097,0.495663547077847,8,1,568730109
0.426696770858014,0.0431236657531342,8,1,568730109
0.66196037607395,0.34344695601689,8,1,568730109
0.172951057787956,0.87038182451391,8,1,568730109
0.572114400144503,0.858626169210251,8,1,568730109
0.185285560664755,0.695797383178207,8,1,568730109
0.214573813315567,0.00389051042702571,8,1,568730109
0.0352919012253377,0.0933118759718399,8,1,568730109
0.671038666639659,0.691591053171035,8,1,568730109
0.471930638689264,0.0130569190255798,8,1,568730109
0.235331723893766,0.150247520402993,8,1,568730109
0.557727005441037,0.452218559274639,8,1,568730109
0.0801109967002447,0.693353713234834,8,1,568730109
0.920195313451597,0.244490586857908,8,1,568730109
0.238418867922633,0.943622725387902,8,1,568730109
0.846197092195732,0.144494050651135,8,1,568730109
0.14102048683283,0.783735484067934,8,1,568730109
0.954084119257263,0.73794956939256,8,1,568730109
0.678488569984853,0.355450485039949,8,1,568730109
0.229127132584452,0.0150314715030904,8,1,568730109
0.690504571600457,0.190362572105669,8,1,568730109
0.537878522419619,0.018983470891154,8,1,568730109
0.947329274580183,0.346722768320205,8,1,568730109
0.36730286255002,0.427230783953482,8,1,568730109
0.788264669135109,0.712482817812679,8,1,568730109
0.879289358681244,0.0272399182348355,8,1,568730109
0.0541430461176908,0.51533309293591,8,1,568730109
0.88679977355064,0.682905277834603,8,1,568730109
0.848909628452891,0.269522335595409,8,1,568730109
0.78481680358494,0.383437917555726,8,1,568730109
0.659831728423831,0.091174256299932,8,1,568730109
0.627604702882055,0.285536730652488,8,1,568730109
0.890521978935086,0.480917571135799,8,1,568730109
0.459338636570967,0.223072255307517,8,1,568730109
0.932327646258514,0.0518616435055581,8,1,568730109
0.369324345197696,0.763937656704842,8,1,568730109
0.924186391353744,0.88290040711528,8,1,568730109
0.740360428640281,0.539310396740938,8,1,568730109
0.830351892722865,0.233526294050018,8,1,568730109
0.721741350581281,0.208054440233759,8,1,568730109
0.463824909539752,0.877578159995033,8,1,568730109
0.978990282308794,0.128938533396051,8,1,568730109
0.272091453277437,0.296423517273928,8,1,568730109
0.562961690060043,0.01559051384953,8,1,568730109
0.769929459179773,0.530289409761654,8,1,568730109
0.195368996543539,0.231134853048563,8,1,568730109
0.719602154302069,0.682808503407694,8,1,568730109
0.922508488852671,0.0877461315337653,8,1,568730109
0.69919805803229,0.203593891348499,8,1,568730109
0.338303931007861,0.644373681437384,8,1,568730109
0.993591049123708,0.364692414485517,8,1,568730109
0.260641204713751,0.160072118041992,8,1,568730109
0.027086099381715,0.401614375914071,8,1,568730109
0.775010650017637,0.862033950785489,8,1,568730109
0.185408367974553,0.0286165318689964,8,1,568730109
0.0951045267304806,0.105998723825135,8,1,568730109
0.284273324852429,0.552216165842791,8,1,568730109
0.417915378026477,0.213933529159378,8,1,568730109
0.812590687842602,0.0733615218968096,8,1,568730109
0.788791417109611,0.120828018321471,8,1,568730109
0.88173522814248,0.8300861496905,8,1,568730109
0.626706964319523,0.396877658187853,8,1,568730109
0.885311910572928,0.780286270066984,8,1,568730109
0.214971736377759,0.976032961078052,8,1,568730109
0.955382607891216,0.394279465096516,8,1,568730109
0.714625413946673,0.489961745245472,8,1,568730109
0.486404046749474,0.599625062308928,8,1,568730109
0.134258689425283,0.887012740997659,8,1,568730109
0.191073360608134,0.716293511657513,8,1,568730109
0.151568619863374,0.908620616328672,8,1,568730109
0.288886282307792,0.435098562807191,8,1,568730109
0.643179222580279,0.955445755308002,8,1,568730109
0.266124786802568,0.58163355477416,8,1,568730109
0.255628595353134,0.0991454654848005,8,1,568730109
0.397343402386061,0.721197545561271,8,1,568730109
0.63877367417965,0.462965682775719,8,1,568730109
0.871511707208817,0.309073063665859,8,1,568730109
0.701040044144287,0.605895667897793,8,1,568730109
0.593708278565945,0.615264670335305,8,1,568730109
0.302524711629204,0.406674334591328,8,1,568730109
0.485351062881285,0.551179405498994,8,1,568730109
0.542421899446624,0.520665740334792,8,1,568730109
0.751165062306795,0.0435551555974323,8,1,568730109
0.773651667858846,0.59341287348926,8,1,568730109
0.795046618282985,0.280009129741032,8,1,568730109
0.232698810584353,0.455179993461426,8,1,568730109
0.40794195213113,0.900091634615314,8,1,568730109
0.749528392580291,0.778055549176487,8,1,568730109
0.759865187967041,0.685677866585257,8,1,568730109
0.46642111881358,0.725293282125917,8,1,568730109
0.581832070259269,0.988520278334629,8,1,568730109
0.790065082033986,0.336876255196768,8,1,568730109
0.90984405100383,0.324753002049791,8,1,568730109
0.91126977950568,0.275102200157302,8,1,568730109
0.623117351371421,0.123507586724576,8,1,568730109
0.692507144816352,0.336757738077489,8,1,568730109
0.134592242238792,0.015770362996153,8,1,568730109
0.812112150641766,0.796537341997009,8,1,568730109
0.77300636993562,0.833944260672371,8,1,568730109
0.642500665121087,0.934545511947216,8,1,568730109
0.78657421047347,0.69679187812924,8,1,568730109
0.263654894975628,0.778819626148072,8,1,568730109
0.152545526356403,0.428270399223721,8,1,568730109
0.0389130884366882,0.795844359236252,8,1,568730109
0.960357920080468,0.332572324345863,8,1,568730109
0.488604412959344,0.56547417766979,8,1,568730109
0.708399266818212,0.981143899470246,8,1,568730109
0.443992859000412,0.0113197079408174,8,1,568730109
0.0408778463223962,0.216198288048917,8,1,568730109
0.656679736931085,0.492242094831606,8,1,568730109
0.0167390280576099,0.38397049511638,8,1,568730109
0.27771076020516,0.708989525990241,8,1,568730109
0.0966827679608002,0.028590872379719,8,1,568730109
0.33718479808318,0.916874591717566,8,1,568730109
0.057002610832158,0.166625063550219,8,1,568730109
0.824695717045856,0.868447791202484,8,1,568730109
0.781392316791587,0.238600483664791,8,1,568730109
0.773021207016566,0.382685939839247,8,1,568730109
0.952304619794403,0.522983385264232,8,1,568730109
0.0261727696224883,0.249150534686795,8,1,568730109
0.602517520158323,0.0119893235483532,8,1,568730109
0.585972995201603,0.291030771386241,8,1,568730109
0.669927755542629,0.833018139714116,8,1,568730109
0.901624349702395,0.160506101211508,8,1,568730109
0.3281005107734,0.206878062311008,8,1,568730109
0.36448018320164,0.0935803293866924,8,1,568730109
0.116742856103309,0.0521316670196108,8,1,568730109
0.617927871363259,0.0888347042401494,8,1,568730109
0.470929441841831,0.526740964854761,8,1,568730109
0.364765788968091,0.752173321942546,8,1,568730109
0.00472108475048927,0.820981944881332,8,1,568730109
0.164508630868685,0.272991341631616,8,1,568730109
0.687735274893417,0.549619014613092,8,1,568730109
0.793184069182333,0.901767624777941,8,1,568730109
0.841879275180696,0.680934543366223,8,1,568730109
0.739910685881536,0.150862046006791,8,1,568730109
0.194127653537026,0.413379111709419,8,1,568730109
0.872059148316204,0.78711355781811,8,1,568730109
0.7704439272382,0.289390908024935,8,1,568730109
0.0368808999241619,0.35310756263202,8,1,568730109
0.50087336928807,0.844950361270062,8,1,568730109
0.247415968838737,0.923793317592836,8,1,568730109
0.945421243492773,0.766357324401001,8,1,568730109
0.278058343882545,0.433394940984108,8,1,568730109
0.0492389256478099,0.849310543401026,8,1,568730109
0.833620825514681,0.674404123885405,8,1,568730109
0.193175370572101,0.274603696274632,8,1,568730109
0.89765408397044,0.0519017785192881,8,1,568730109
0.78508977850642,0.473932103955915,8,1,568730109
0.649979022462591,0.798468998061461,8,1,568730109
0.640178558722712,0.0464315409762801,8,1,568730109
0.0947191496888329,0.793623705817891,8,1,568730109
0.245939945981197,0.454239809459742,8,1,568730109
0.246301262456547,0.119244933344863,8,1,568730109
0.117732756656095,0.910071805714456,8,1,568730109
0.512798690858748,0.0578695791669848,8,1,568730109
0.930618553999661,0.386282416172494,8,1,568730109
0.798247583678095,0.180039558004279,8,1,568730109
0.499743570558022,0.46483942577635,8,1,568730109
0.333621195386906,0.666377848117454,8,1,568730109
0.0327210384793535,0.452730961081731,8,1,568730109
0.222932301256904,0.464695120768143,8,1,568730109
0.887427724264124,0.013848302501084,8,1,568730109
0.646616721998357,0.988805413605668,8,1,568730109
0.249169515262132,0.534021325078949,8,1,568730109
0.992801027041909,0.277859333711891,8,1,568730109
0.493936568589967,0.519370486330203,8,1,568730109
0.0466082486012311,0.748667030635037,8,1,568730109
0.513540488090525,0.202941995292046,8,1,568730109
0.0170948834221187,0.166626132692955,8,1,568730109
0.188362256334094,0.83397663051342,8,1,568730109
0.680390256579728,0.148799557716947,8,1,568730109
0.919764758772792,0.502927501410254,8,1,568730109
0.841165276275642,0.263830173847162,8,1,568730109
0.261451187344812,0.40956669090414,8,1,568730109
0.199195570419465,0.642082270480153,8,1,568730109
0.0103490871406351,0.066804915127741,8,1,568730109
0.862263954631239,0.966301457077076,8,1,568730109
0.967170814340768,0.680866440977034,8,1,568730109
0.45338590598285,0.160328383090822,8,1,568730109
0.863372482152834,0.220675410445083,8,1,568730109
0.662202051638188,0.831106179673721,8,1,568730109
0.317661986745092,0.38179264326732,8,1,568730109
0.293133102478612,0.225072812900341,8,1,568730109
0.119408401746691,0.707424606716933,8,1,568730109
0.0218803192772428,0.15600504049667,8,1,568730109
0.956525126728146,0.430857201686568,8,1,568730109
0.712023647779464,0.247135176240301,8,1,568730109
0.71319638579517,0.954273704033954,8,1,568730109
0.722244257869225,0.952491259266762,8,1,568730109
0.501444373765501,0.883155421689752,8,1,568730109
0.211992710050075,0.780788212195527,8,1,568730109
0.0731525978711609,0.752328199403448,8,1,568730109
0.252407877077491,0.454925995836205,8,1,568730109
0.30771868458594,0.123250359946621,8,1,568730109
0.651453235146469,0.0438682630801397,8,1,568730109
0.12885474033852,0.818076161394631,8,1,568730109
0.823950969666199,0.425212646072906,8,1,568730109
0.962006572219906,0.173155757755308,8,1,568730109
0.035718300726284,0.663158759602654,8,1,568730109
0.532513334331086,0.884644370095709,8,1,568730109
0.272811487752063,0.81468156419789,8,1,568730109
0.882518578760417,0.285850328396057,8,1,568730109
0.535135004094004,0.797818107434181,8,1,568730109
0.886011951182808,0.15106772732528,8,1,568730109
0.0792342636551597,0.772564516445041,8,1,568730109
0.434917903480905,0.465874723432607,8,1,568730109
0.38628214113161,0.639983701046454,8,1,568730109
0.338502487716451,0.56148546962691,8,1,568730109
0.837139991069888,0.148169517895068,8,1,568730109
0.0595133778401351,0.866643632653171,8,1,568730109
0.00682042257499327,0.368717023326952,8,1,568730109
0.103648595007731,0.688189089707413,8,1,568730109
0.692920751740372,0.0299613732721689,8,1,568730109
0.915233874200661,0.944672661494178,8,1,568730109
0.085263845346955,0.996700258192163,8,1,568730109
0.305326774780556,0.659747785758864,8,1,568730109
0.555419097623477,0.223355592015619,8,1,568730109
0.726524986529381,0.323496009249273,8,1,568730109
0.85901541292189,0.534346860354347,8,1,568730109
0.132330431676367,0.0712185898423465,8,1,568730109
0.750473519204167,0.676721088215379,8,1,568730109
0.496172286871312,0.61710288887404,8,1,568730109
0.500740867461151,0.371521953727876,8,1,568730109
0.920663850306096,0.745728344845505,8,1,568730109
0.968682271064728,0.986401416843329,8,1,568730109
0.40562703942147,0.257968227394607,8,1,568730109
0.932897712269327,0.163757133466545,8,1,568730109
0.90062637466585,0.67203856975404,8,1,568730109
0.825224012850787,0.460084966071908,8,1,568730109
0.672591329801335,0.356610531945373,8,1,568730109
0.841402972854493,0.155503450289899,8,1,568730109
0.542798109459825,0.591568877439713,8,1,568730109
0.270411007202305,0.977107697071108,8,1,568730109
0.437354977471252,0.768496407358697,8,1,568730109
0.370713422253162,0.279671664760986,8,1,568730109
0.221030700949615,0.26030147665693,8,1,568730109
0.738340696573109,0.604631781179769,8,1,568730109
0.374298461357907,0.277526114354196,8,1,568730109
0.035862933642135,0.0158615221599525,8,1,568730109
0.867729306804607,0.25680486943288,8,1,568730109
0.916405177233883,0.742964199253277,8,1,568730109
0.832022407331617,0.648601862199316,8,1,568730109
0.558574285147985,0.0654221863580871,8,1,568730109
0.274315990221105,0.351555352198837,8,1,568730109
0.515379524880985,0.37390470703587,8,1,568730109
0.14328801222806,0.734311397022474,8,1,568730109
0.44000086230427,0.392139031172922,8,1,568730109
0.576487169667799,0.725635411063037,8,1,568730109
0.466067986997549,0.394534480365999,8,1,568730109
0.110138215251549,0.00514545182109138,8,1,568730109
0.0536845950179359,0.976759746448455,8,1,568730109
0.304059633969202,0.651157724242656,8,1,568730109
0.565026137528776,0.466136325335845,8,1,568730109
0.832476180864565,0.45386715488738,8,1,568730109
0.187457347574267,0.388802822274956,8,1,568730109
0.581616249706468,0.38049710161783,8,1,568730109
0.107038862269259,0.543674101597055,8,1,568730109
0.928065685434752,0.829038551202523,8,1,568730109
0.279483613592989,0.603098544251251,8,1,568730109
0.0311294202450925,0.948065386284956,8,1,568730109
0.618060751405004,0.473562134355153,8,1,568730109
0.183796062865441,0.18817523810065,8,1,568730109
0.607063684549936,0.43161031284815,8,1,568730109
0.902205357455446,0.980406827191787,8,1,568730109
0.142318240983245,0.375480735023561,8,1,568730109
0.743214495891593,0.111529747513558,8,1,568730109
0.189198376393807,0.900527556132006,8,1,568730109
0.759236893756111,0.339544779617579,8,1,568730109
0.33199174120324,0.372722823342985,8,1,568730109
0.414029408161758,0.514602999416842,8,1,568730109
0.24114671679185,0.598471401137024,8,1,568730109
0.593000976410578,0.0962014065237633,8,1,568730109
