0.974417687770137,0.581092925896393,8,1,568730109
0.112594002546512,0.800203769364665,8,1,568730109
0.291644271764213,0.0509253694519725,8,1,568730109
0.0325133789753353,0.716107322849002,8,1,568730109
0.13246316550206,0.776878067561928,8,1,568730109
0.186663457208711,0.405293406861069,8,1,568730109
0.0506576234722829,0.36377016807052,8,1,568730109
0.947384787684399,0.0256239281153587,8,1,568730109
0.585573215047313,0.528402998195011,8,1,568730109
0.676851908509475,0.691611605155628,8,1,568730109
0.0737285131768157,0.101098591135751,8,1,568730109
0.212885002450739,0.883485820056338,8,1,568730109
0.0389391266055708,0.737915322718403,8,1,568730109
0.355872632838574,0.619826627899421,8,1,568730109
0.443202414313046,0.0890386923820978,8,1,568730109
0.477876637979731,0.689694879537449,8,1,568730109
0.962159450532299,0.176980266985686,8,1,568730109
0.615158741357457,0.12674043254212,8,1,568730109
0.859357815876955,0.528584432405818,8,1,568730109
0.821659656946832,0.514408521859204,8,1,568730109
0.810605099417709,0.29250680138816,8,1,568730109
0.0788866849493415,0.37438537161951,8,1,568730109
0.0875590951092851,0.64857669057247,8,1,568730109
0.847922519840917,0.865694469771265,8,1,568730109
0.82173598045731,0.7639592655763,8,1,568730109
0.874639239229731,0.286902323730196,8,1,568730109
0.132968779192214,0.72976688642698,8,1,568730109
0.489673658106651,0.0511593038232436,8,1,568730109
0.104220997372623,0.666414664940644,8,1,568730109
0.189274389933398,0.0305924812079628,8,1,568730109
0.457700832072043,0.478564234980167,8,1,568730109
0.868706714817452,0.322706092142962,8,1,568730109
0.765107954589704,0.0830251829408648,8,1,568730109
0.722717678376021,0.951997653525056,8,1,568730109
0.96762682221322,0.017507343226745,8,1,568730109
0.969033889114386,0.0145130317411875,8,1,568730109
0.789209410604216,0.57834520679199,8,1,568730109
0.7044588729889,0.257753129869741,8,1,568730109
0.625427253701522,0.376506706774016,8,1,568730109
0.6626505839574,0.136440660670576,8,1,568730109
0.253567476200858,0.171909202267407,8,1,568730109
0.407180629463536,0.287953867287498,8,1,568730109
0.518133678745216,0.305140678043994,8,1,568730109
0.782161225984336,0.0442680937571911,8,1,568730109
0.62814240704078,0.0550919766074882,8,1,568730109
0.450193105419929,0.540084027897265,8,1,568730109
0.733546008408112,0.342611904188886,8,1,568730109
0.902596755158156,0.626260355282832,8,1,568730109
0.0937325838420195,0.591889937491789,8,1,568730109
0.43235616067762,0.0120536042475643,8,1,568730109
0.0678376636469915,0.480491393677381,8,1,568730109
0.137919303693028,0.305671242011298,8,1,568730109
0.625780521745524,0.597682435151471,8,1,568730109
0.509072424970246,0.30143838514767,8,1,568730109
0.309384235791561,0.878258043630916,8,1,568730109
0.123566674548949,0.879646229083191,8,1,568730109
0.0939809845564561,0.435071791622824,8,1,568730109
0.6384873042169,0.621736221428595,8,1,568730109
0.227618957355337,0.0403196537771793,8,1,568730109
0.0171779443442444,0.311378044095528,8,1,568730109
0.895679328420863,0.554588090727253,8,1,568730109
0.307718941282303,0.509802311038072,8,1,568730109
0.918714149193747,0.3349132735665,8,1,568730109
0.789363968142445,0.0982896234384212,8,1,568730109
0.200246797533738,0.370393942490637,8,1,568730109
0.133111605178183,0.450891105700024,8,1,568730109
0.747955420655165,0.906752737532389,8,1,568730109
0.842294423937315,0.0993285079937891,8,1,568730109
0.0342937116917703,0.681907179894339,8,1,568730109
0.346120166065204,0.0700081670318209,8,1,568730109
0.556220467858123,0.064371882937021,8,1,568730109
0.574532668464808,0.866100373094665,8,1,568730109
0.990750135348943,0.121932997832651,8,1,568730109
0.599510086172967,0.869630271200107,8,1,568730109
0.735987106130373,0.244030846652027,8,1,568730109
0.873321746052484,0.2423687147889,8,1,568730109
0.689395357649105,0.777692071609045,8,1,568730109
0.872503546970414,0.440897174407244,8,1,568730109
0.277003808929626,0.144912933476691,8,1,568730109
0.775241196740532,0.348695799102127,8,1,568730109
0.996635299592125,0.666433339952452,8,1,568730109
0.884026232159876,0.0586545973926267,8,1,568730109
0.350506893791644,0.152347646649096,8,1,568730109
0.998558612227288,0.327682840131335,8,1,568730109
0.853071656932044,0.874331547510081,8,1,568730109
0.627780753398378,0.00241001095951399,8,1,568730109
0.338157597313579,0.327935053537538,8,1,568730109
0.686190757201087,0.899136330908301,8,1,568730109
0.547088106207193,0.474432206538417,8,1,568730109
0.185889474986595,0.788761538375319,8,1,568730109
0.681737783733612,0.952657128855601,8,1,568730109
0.75285584550593,0.0446936644625069,8,1,568730109
0.188784993030036,0.0372034148584186,8,1,568730109
0.401975730032771,0.0222242959628982,8,1,568730109
0.475691300493139,0.423743561883334,8,1,568730109
0.314087288832084,0.40066317187831,8,1,568730109
0.153953210361281,0.685654750012505,8,1,568730109
0.784740516603545,0.258539284835162,8,1,568730109
0.467219078996825,0.847244488024934,8,1,568730109
0.526676094813166,0.0146782751114864,8,1,568730109
0.497643153712374,0.0679164508962327,8,1,568730109
0.414847948854263,0.584091743980967,8,1,568730109
0.898742941043192,0.520386672214333,8,1,568730109
0.869667348565883,0.355458721387288,8,1,568730109
0.926501445996306,0.918148949153749,8,1,568730109
0.725389655276123,0.517168634632957,8,1,568730109
0.749690680018791,0.808327921457354,8,1,568730109
0.91281892055471,0.28313141721917,8,1,568730109
0.307670708615589,0.819570972862885,8,1,568730109
0.435866127600517,0.738234890357353,8,1,568730109
0.582262483759658,0.592409367035869,8,1,568730109
0.932861049871535,0.885102583079298,8,1,568730109
0.108602940415556,0.488303618619918,8,1,568730109
0.038161139649513,0.507067454606871,8,1,568730109
0.999266365374485,0.816435569064041,8,1,568730109
0.2464459663071,0.881202113776878,8,1,568730109
0.458927818263575,0.97057045843082,8,1,568730109
0.767828315669314,0.488562894776636,8,1,568730109
0.031883814395377,0.292029893770865,8,1,568730109
0.565341102029877,0.146822618695196,8,1,568730109
0.251695226692686,0.0401981403269183,8,1,568730109
0.857875949893635,0.558090314201744,8,1,568730109
0.759734555203193,0.428263674821156,8,1,568730109
0.610365752721182,0.464724239931561,8,1,568730109
0.0469906985997017,0.233378291490855,8,1,568730109
0.624903368858545,0.300376381742327,8,1,568730109
0.057996617944009,0.0308692987755661,8,1,568730109
0.740467453202718,0.350809923025658,8,1,568730109
0.327315634810485,0.0297254249104748,8,1,568730109
0.471552017800096,0.529515679594679,8,1,568730109
0.806200408399375,0.27666766687529,8,1,568730109
0.763512040382783,0.323309777419163,8,1,568730109
0.561436366233557,0.263618145219549,8,1,568730109
0.693205731256848,0.567368493076366,8,1,568730109
0.0124217325938822,0.117243931479046,8,1,568730109
0.797599058908548,0.803129025537469,8,1,568730109
0.314687341320341,0.507644512292067,8,1,568730109
0.47453781737818,0.480377839846351,8,1,568730109
0.206014187028154,0.895457929569761,8,1,568730109
0.364391947805151,0.00973945318904645,8,1,568730109
0.278176349906675,0.492554279671075,8,1,568730109
0.606987036570813,0.466411465620912,8,1,568730109
0.995370827382231,0.584401337195191,8,1,568730109
0.778429105502479,0.240507182228792,8,1,568730109
0.585334030175762,0.0476295836006315,8,1,568730109
0.0776180587698665,0.314738207747103,8,1,568730109
0.339005169208884,0.0979397582952535,8,1,568730109
0.584269342014653,0.00302350421405251,8,1,568730109
0.255688061019766,0.00824998465115545,8,1,568730109
0.00574443420339321,0.187300574687557,8,1,568730109
0.154934863472618,0.595859662051702,8,1,568730109
0.318182358948278,0.37820116105008,8,1,568730109
0.44959546494939,0.146422824556375,8,1,568730109
0.768864149019347,0.151021864932451,8,1,568730109
0.338010991296986,0.781142811292368,8,1,568730109
0.904806781266527,0.799762377000373,8,1,568730109
0.948431405586727,0.852627472393746,8,1,568730109
0.575596855658533,0.650644418083449,8,1,568730109
0.730395555352543,0.488613061388307,8,1,568730109
0.00255968288283981,0.269692877538831,8,1,568730109
0.406729702209652,0.410958886012628,8,1,568730109
0.164033432977328,0.907609080489476,8,1,568730109
0.560214070301303,0.780142513757551,8,1,568730109
0.0285081653510164,0.992631501533767,8,1,568730109
0.950001750729633,0.379321172474472,8,1,568730109
0.88452401842464,0.780028413688856,8,1,568730109
0.799315487420499,0.419178729263185,8,1,568730109
0.283055246633667,0.0743534260203131,8,1,568730109
0.787400082689034,0.385961790042616,8,1,568730109
0.0854660773437939,0.866999365762407,8,1,568730109
0.112787940602914,0.81410193592541,8,1,568730109
0.488053970116209,0.119633036008274,8,1,568730109
0.34002367968652,0.247031987954906,8,1,568730109
0.68625465889756,0.368738798629139,8,1,568730109
0.269450315173645,0.245049544796213,8,1,568730109
0.205303234925337,0.173902012245693,8,1,568730109
0.947472196369579,0.792825907648724,8,1,568730109
0.476555206202452,0.420123688974659,8,1,568730109
0.0355843789869703,0.486804555007384,8,1,568730109
0.204829996604592,0.859771202612474,8,1,568730109
0.675256519897268,0.288172390668599,8,1,568730109
0.95448505332606,0.340687379042032,8,1,568730109
0.0952423179970419,0.626748784478449,8,1,568730109
0.777451902988649,0.684504959390584,8,1,568730109
0.0956733364466782,0.254894816155851,8,1,568730109
0.788366512662951,0.456298508238823,8,1,568730109
0.901923613288068,0.8264838886855,8,1,568730109
0.710951224863405,0.787670997789875,8,1,568730109
0.0177484463560837,0.17259315360856,8,1,568730109
0.663577043877488,0.323242390080761,8,1,568730109
0.539097775063515,0.174906095512318,8,1,568730109
0.837898114311612,0.504748677080174,8,1,568730109
0.447402218113315,0.830472908439063,8,1,568730109
0.0259898966004637,0.79271584264083,8,1,568730109
0.510665828748377,0.404523403870775,8,1,568730109
0.20298016727167,0.348517551062574,8,1,568730109
0.541909963491474,0.601804132317032,8,1,568730109
0.0723604683625165,0.361740175521613,8,1,568730109
0.819616053250207,0.891439434967213,8,1,568730109
0.732311994354638,0.792503848984325,8,1,568730109
0.234963577731692,0.955204234167653,8,1,568730109
0.982412740810788,0.698123048015949,8,1,568730109
0.787678047803558,0.654917965403143,8,1,568730109
0.375482955938372,0.159387215029368,8,1,568730109
0.243268039625762,0.840124476023989,8,1,568730109
0.918386146861237,0.103250795251856,8,1,568730109
0.942570568112544,0.266142739455361,8,1,568730109
0.159899980400476,0.101434208256221,8,1,568730109
0.785909250967559,0.551053572427981,8,1,568730109
0.710684458681454,0.992915936658677,8,1,568730109
0.609834690918265,0.4512719962429,8,1,568730109
0.872726524070678,0.82103491893703,8,1,568730109
0.879947088163697,0.712391805362056,8,1,568730109
0.640356258540624,0.881275911733252,8,1,568730109
0.559275046204598,0.70870687961397,8,1,568730109
0.841471914517247,0.39491522589628,8,1,568730109
0.122118234150558,0.780080131733937,8,1,568730109
0.209531526873296,0.864143047362392,8,1,568730109
0.382160297712367,0.270194179871036,8,1,568730109
0.259396246026201,0.603747402361073,8,1,568730109
0.394132225811182,0.485615230539772,8,1,568730109
0.320854580886528,0.362898553916763,8,1,568730109
0.400633620171688,0.45849636073705,8,1,568730109
0.96651145302332,0.834445468115678,8,1,568730109
0.381697783838529,0.409207835364914,8,1,568730109
0.868089064915887,0.661959647009645,8,1,568730109
0.57035235355202,0.494078208373683,8,1,568730109
0.966453082895316,0.44101407175106,8,1,568730109
0.0460500120564715,0.368202168494143,8,1,568730109
0.661343423184206,0.483092183948504,8,1,568730109
0.0701234368359422,0.0530562979609401,8,1,568730109
0.767062680577781,0.627581979005533,8,1,568730109
0.829679355684219,0.185161557051632,8,1,568730109
0.511543692857958,0.265905398755,8,1,568730109
0.694734780221757,0.170762436136264,8,1,568730109
0.279104417077548,0.840816406402372,8,1,568730109
0.862056574473597,0.224551827290462,8,1,568730109
0.922121387237082,0.482137236264534,8,1,568730109
0.249119260448826,0.474523601721149,8,1,568730109
0.806013330928656,0.798528215728443,8,1,568730109
0.910992694729292,0.638678675216491,8,1,568730109
0.409731821152906,0.247953615898555,8,1,568730109
0.660053811954405,0.00978911350658751,8,1,568730109
0.886860633540597,0.97771914580719,8,1,568730109
0.911759225982724,0.0140548256635964,8,1,568730109
0.257494088999701,0.366563819769069,8,1,568730109
0.310125163090693,0.700956451624941,8,1,568730109
0.500906751248493,0.394735085110097,8,1,568730109
0.722637813451434,0.975592868687264,8,1,568730109
0.300052400337607,0.734816520236721,8,1,568730109
0.294723119354702,0.192912786822765,8,1,568730109
0.708340049950428,0.554938666288193,8,1,568730109
0.369606672389628,0.863911128660418,8,1,568730109
0.804091166066766,0.655721504161251,8,1,568730109
0.654033922259088,0.851340355525625,8,1,568730109
0.976768526258295,0.609432298442741,8,1,568730109
0.120139775840607,0.743315852360243,8,1,568730109
0.875073215319718,0.851566790178803,8,1,568730109
0.268035264663522,0.164090644689336,8,1,568730109
0.405501322332022,0.65166101796687,8,1,568730109
0.340983243543213,0.97354744673462,8,1,568730109
0.731489524978394,0.632106254129412,8,1,568730109
0.274629289096342,0.296443245287071,8,1,568730109
0.655442916652872,0.814346747668465,8,1,568730109
0.214732954208164,0.853578137282692,8,1,568730109
0.373442386153306,0.475198553276653,8,1,568730109
0.513181551191981,0.256142242051458,8,1,568730109
0.719431716875508,0.425997331773345,8,1,568730109
0.764731192613725,0.627177762552654,8,1,568730109
0.801270743083144,0.281715502808305,8,1,568730109
0.037003656097947,0.389915057840564,8,1,568730109
0.633235435499954,0.329038525416799,8,1,568730109
0.729102045374127,0.491956763784651,8,1,568730109
0.882934516576401,0.0460065242761498,8,1,568730109
0.259702167466777,0.195998000527346,8,1,568730109
0.1979494313582,0.0665540144908938,8,1,568730109
0.367232660093236,0.117716848233333,8,1,568730109
0.592624928374076,0.422783977522577,8,1,568730109
0.923105463486845,0.600033432784716,8,1,568730109
0.582744017686155,0.419235630452126,8,1,568730109
0.0362141542536536,0.142836408670471,8,1,568730109
0.798713314432983,0.461993320427868,8,1,568730109
0.108267831709284,0.900544386343614,8,1,568730109
0.647736319912745,0.573078568421072,8,1,568730109
0.836970388012769,0.917192957649452,8,1,568730109
0.630788686931459,0.602700160576475,8,1,568730109
0.88176026197304,0.0314125431502306,8,1,568730109
0.560627438199005,0.991667100580182,8,1,568730109
0.639265006973999,0.888752309508202,8,1,568730109
0.266770801980197,0.6368581825352,8,1,568730109
0.486423380688206,0.362390646577671,8,1,568730109
0.963501610297325,0.375797680066326,8,1,568730109
0.356684945654417,0.474610304532191,8,1,568730109
0.383897281087657,0.0232136424142353,8,1,568730109
0.250332603073241,0.166696274754953,8,1,568730109
0.662118569519595,0.136101598001393,8,1,568730109
0.214742461328023,0.678845632400244,8,1,568730109
0.963433127699145,0.957776513930165,8,1,568730109
0.549062084552405,0.102307620915727,8,1,568730109
0.891636601719084,0.300940219904743,8,1,568730109
0.958948349687868,0.741673009046425,8,1,568730109
0.71100296910189,0.961586806026356,8,1,568730109
0.904877254447108,0.485568014786376,8,1,568730109
0.418131118651704,0.833497940695847,8,1,568730109
0.283044901056123,0.717443194254243,8,1,568730109
0.555311829498184,0.870946613907062,8,1,568730109
0.618359041681414,0.179959955834775,8,1,568730109
0.994651880039976,0.583126552425404,8,1,568730109
0.941186472733864,0.299464712398088,8,1,568730109
0.225034665641312,0.351251896921423,8,1,568730109
0.193751312691546,0.703149664064684,8,1,568730109
0.596991203252508,0.0727232405376652,8,1,568730109
0.595096244437898,0.116905524462119,8,1,568730109
0.454389153125616,0.148568714337639,8,1,568730109
0.324677130401869,0.31505932875311,8,1,568730109
0.375608289641383,0.843459876169412,8,1,568730109
0.591919465835787,0.0421037793204926,8,1,568730109
0.453629929339403,0.740664551974912,8,1,568730109
0.13100184517974,0.285746265297455,8,1,568730109
0.329881218149388,0.122038894345146,8,1,568730109
0.142007751068936,0.0111970769663228,8,1,568730109
0.620373683520624,0.094892816035703,8,1,568730109
0.0131868321395237,0.0922724377473054,8,1,568730109
0.840994909702887,0.703892913766877,8,1,568730109
0.58845451535208,0.0943752891123841,8,1,568730109
0.779691024839565,0.732589738453985,8,1,568730109
0.29227234283533,0.850332662886847,8,1,568730109
0.928763726231422,0.31910823127347,8,1,568730109
0.0361949521188898,0.634373808080668,8,1,568730109
0.945357182626643,0.465176524580898,8,1,568730109
0.62242996519721,0.744213791909434,8,1,568730109
0.484744017143488,0.0838087434463972,8,1,568730109
0.766196838056868,0.974646295737331,8,1,568730109
0.304261897799241,0.994770132763677,8,1,568730109
0.383951264168134,0.525115762818372,8,1,568730109
0.297558810687324,0.223960156887009,8,1,568730109
0.667202272841645,0.48861420454465,8,1,568730109
0.481995804644216,0.33538604518215,8,1,568730109
0.516573226975744,0.418891688639927,8,1,568730109
0.964371953392852,0.0272206316621157,8,1,568730109
0.823187472723438,0.0866981392223753,8,1,568730109
0.342173444170503,0.878379599212368,8,1,568730109
0.114602877488465,0.134297445637767,8,1,568730109
0.861080240598563,0.256334430558463,8,1,568730109
0.388044814925248,0.583117360796005,8,1,568730109
0.326644858260394,0.46679611249746,8,1,568730109
0.611672852489616,0.762717430292994,8,1,568730109
0.225449870790443,0.974521254472034,8,1,568730109
0.496739866326933,0.271446247162354,8,1,568730109
0.293070383396195,0.957136531090216,8,1,568730109
0.734056564605691,0.141848343407716,8,1,568730109
0.101461388843023,0.91604408452048,8,1,568730109
0.369440760318591,0.891238791820461,8,1,568730109
0.736943861704451,0.957348648558433,8,1,568730109
0.375142746755986,0.391500611359061,8,1,568730109
0.106477714258254,0.637335732965197,8,1,568730109
0.316582115766167,0.892730670296341,8,1,568730109
0.969969822782918,0.978668800044685,8,1,568730109
0.728937113075149,0.299085501532618,8,1,568730109
0.108579706437455,0.814096318024845,8,1,568730109
0.0764119369693272,0.239998276241118,8,1,568730109
0.674360656932872,0.30955313927174,8,1,568730109
0.426081801183089,0.957063416484122,8,1,568730109
0.156548817307752,0.831686153025861,8,1,568730109
0.789056143342627,0.616869990202526,8,1,568730109
0.748231412229151,0.960055442147239,8,1,568730109
0.931949631371231,0.952631388345031,8,1,568730109
0.332105862508372,0.228147721999126,8,1,568730109
0.0331680907467975,0.529739871536991,8,1,568730109
0.290969784611747,0.736314365395951,8,1,568730109
0.459472038002572,0.706167224678488,8,1,568730109
0.0297301626047057,0.983460227176104,8,1,568730109
0.859035821894013,0.614058313659667,8,1,568730109
0.589791959610657,0.575706652683144,8,1,568730109
0.1527981500579,0.677929062669862,8,1,568730109
0.649511122886356,0.502515141144093,8,1,568730109
0.978135186655571,0.923772888356324,8,1,568730109
0.494250783970744,0.240938962298255,8,1,568730109
0.131184134442784,0.762600504301384,8,1,568730109
0.161352191709834,0.64702544629323,8,1,568730109
0.662399088158891,0.00310646814543247,8,1,568730109
0.886905245597684,0.289236666885061,8,1,568730109
0.501233199932774,0.749935004174338,8,1,568730109
0.689600929898358,0.617159288928177,8,1,568730109
0.414803120490139,0.568391874661497,8,1,568730109
0.475291268104213,0.768179462614936,8,1,568730109
0.560106184188735,0.439060775826833,8,1,568730109
0.414054319139862,0.84010041192614,8,1,568730109
0.688807264118822,0.399530649860957,8,1,568730109
0.330672843807683,0.79468710252633,8,1,568730109
0.869680310613419,0.728738205448464,8,1,568730109
0.687446422415953,0.525837415345432,8,1,568730109
0.902420808613831,0.150059253067937,8,1,568730109
0.913418135277838,0.207398912099249,8,1,568730109
0.0935861346029006,0.962908437132064,8,1,568730109
0.950877428823329,0.742239567772859,8,1,568730109
0.237804470711099,0.561566629867319,8,1,568730109
0.12508966781547,0.567264853930391,8,1,568730109
0.847079966277562,0.787193525034485,8,1,568730109
0.434398744238012,0.773966719518171,8,1,568730109
0.579310312451965,0.0123164819106742,8,1,568730109
0.600808234631337,0.608681827577549,8,1,568730109
0.0846316173496211,0.253015900328055,8,1,568730109
0.3203986493888,0.970304381455837,8,1,568730109
0.672916782266454,0.289180750671756,8,1,568730109
0.132518640468673,0.304412281856673,8,1,568730109
0.500854936118777,0.369299269719567,8,1,568730109
0.660655239073195,0.334459092833405,8,1,568730109
0.512223643301329,0.626274345337198,8,1,568730109
0.4378855065995,0.872625283376824,8,1,568730109
0.789153345787106,0.981566760371246,8,1,568730109
0.397242998017189,0.298198140227274,8,1,568730109
0.308801139001956,0.511374380625439,8,1,568730109
0.73535605870186,0.479397838272563,8,1,568730109
0.854179046761688,0.162582976402272,8,1,568730109
0.393774243747178,0.3348411646321,8,1,568730109
0.157283818218306,0.46716938105113,8,1,568730109
0.21581847360972,0.271523964020818,8,1,568730109
0.287460805623439,0.60628480989102,8,1,568730109
0.501819884677182,0.0712286523427696,8,1,568730109
0.11831084612432,0.449232574163936,8,1,568730109
0.555710680544139,0.0720861081788735,8,1,568730109
0.758600799094033,0.787431208859185,8,1,568730109
0.190165691065695,0.04544735141004,8,1,568730109
0.238263654361033,0.475578287150716,8,1,568730109
0.923760556262795,0.613157339699355,8,1,568730109
0.320654664446597,0.998858929574606,8,1,568730109
0.849180352593516,0.402163653530676,8,1,568730109
0.818680000866706,0.922571559389128,8,1,568730109
0.793214953366818,0.22259598018726,8,1,568730109
0.260855597157679,0.717403457642128,8,1,568730109
0.857510609959099,0.577945196174252,8,1,568730109
0.923717223921667,0.177129893115302,8,1,568730109
0.309070317058914,0.923689982130571,8,1,568730109
0.425125620705638,0.284237961762074,8,1,568730109
0.978630414173584,0.951615363960015,8,1,568730109
0.925976998679277,0.963937962671586,8,1,568730109
0.766099695712902,0.663271240782638,8,1,568730109
0.930696773022843,0.698884188249752,8,1,568730109
0.943312989576317,0.390057993050855,8,1,568730109
0.197399674632679,0.824199852587263,8,1,568730109
0.83611497348695,0.308862941643505,8,1,568730109
0.477437269578737,0.472554022004926,8,1,568730109
0.0749485110643342,0.0514172074523662,8,1,568730109
0.430139482327655,0.201337286668911,8,1,568730109
0.622766507351241,0.246110432986252,8,1,568730109
0.193153901319614,0.58227192720927,8,1,568730109
0.694657862345659,0.60331865652119,8,1,568730109
0.363469906815091,0.729729086082925,8,1,568730109
0.925950690529052,0.312452937752716,8,1,568730109
0.274536875588034,0.209284965366983,8,1,568730109
0.744947610044688,0.236314621658119,8,1,568730109
0.606005642887338,0.986464521339706,8,1,568730109
0.82181765123403,0.541090695654961,8,1,568730109
0.465184503993647,0.225635909241257,8,1,568730109
0.341261573833149,0.350702377788622,8,1,568730109
0.5805132804388,0.3384566656015,8,1,568730109
0.0934415309447563,0.827136954721383,8,1,568730109
0.258478993711927,0.758424788063305,8,1,568730109
0.172378056351002,0.904344421302343,8,1,568730109
0.387877097411321,0.0752877239251222,8,1,568730109
0.807002339207726,0.230261508213183,8,1,568730109
0.094019792350359,0.395661041169872,8,1,568730109
0.523382781260003,0.299318920407265,8,1,568730109
0.00544204460798259,0.310550418315606,8,1,568730109
0.962975384026254,0.683344516197076,8,1,568730109
0.752951340139769,0.748112881445018,8,1,568730109
0.35916446785679,0.0548453395336739,8,1,568730109
0.270136392231528,0.101093222845871,8,1,568730109
0.34620435042263,0.223337259839551,8,1,568730109
0.235689282343154,0.774059482157622,8,1,568730109
0.650828296762668,0.42049266792322,8,1,568730109
0.0686843674033666,0.861445044818682,8,1,568730109
0.832902448683271,0.236792883659374,8,1,568730109
0.759051590263862,0.86529109079579,8,1,568730109
0.629695063758888,0.325858543993071,8,1,568730109
0.0501468172085433,0.492004355621952,8,1,568730109
0.235386359711789,0.753068850593705,8,1,568730109
0.622769469999017,0.199505109810193,8,1,568730109
0.562730668365905,0.128013280941848,8,1,568730109
0.359052671995627,0.614196226729939,8,1,568730109
0.0751753786092897,0.863052918534652,8,1,568730109
0.346329341418144,0.326558782893327,8,1,568730109
0.111683879091795,0.943701425727982,8,1,568730109
0.730245736129017,0.906389821335161,8,1,568730109
0.920948376199651,0.256789969732091,8,1,568730109
0.710003270622586,0.584433428188696,8,1,568730109
0.254127192792874,0.0503688325910647,8,1,568730109
0.695181796897554,0.583960852911259,8,1,568730109
0.0691185815389757,0.275275164141108,8,1,568730109
0.190754688998953,0.277082930784355,8,1,568730109
0.157811717975022,0.41550430466399,8,1,568730109
0.17588694766062,0.689464552913045,8,1,568730109
0.743253778207231,0.238876089051637,8,1,568730109
0.553868904098881,0.756763283659186,8,1,568730109
0.630556755971575,0.710563888578361,8,1,568730109
0.458950112649847,0.279661463699258,8,1,568730109
0.722301871427605,0.321565272549942,8,1,568730109
0.190195029399528,0.895598201659034,8,1,568730109
0.751394296673444,0.220685425286652,8,1,568730109
0.0144090382959163,0.350728208590851,8,1,568730109
0.519861972898496,0.461426517059885,8,1,568730109
0.841372138163003,0.0210012295532902,8,1,568730109
0.4209640067674,0.774009073534931,8,1,568730109
0.966317344625694,0.451604729466514,8,1,568730109
0.295078160920609,0.665738848309468,8,1,568730109
0.26909762414024,0.706139527481912,8,1,568730109
0.216721625166608,0.733820508878551,8,1,568730109
0.472479330136567,0.00651234487251706,8,1,568730109
0.0202211608059966,0.151386304876801,8,1,568730109
0.092191766957304,0.929103852140788,8,1,568730109
0.619981213763522,0.186907327382632,8,1,568730109
0.222736899384109,0.88829215906396,8,1,568730109
0.571618485702368,0.505169577861952,8,1,568730109
0.838326975342714,0.341517230694149,8,1,568730109
0.523162616258923,0.335095384876128,8,1,568730109
0.201941062488238,0.106884694400314,8,1,568730109
0.579460718410528,0.625842023195198,8,1,568730109
0.781936463047826,0.688934355496097,8,1,568730109
0.220147944120672,0.590321581952274,8,1,568730109
0.205868147503766,0.776372848930531,8,1,568730109
0.481426458104072,0.613881584891533,8,1,568730109
0.674263247996266,0.454516937684645,8,1,568730109
0.480028496645182,0.140490110826579,8,1,568730109
0.872842421407295,0.0410114690657459,8,1,568730109
0.631967472201627,0.274958131980254,8,1,568730109
0.35067188003511,0.211880315387614,8,1,568730109
0.193742363815422,0.118083278388236,8,1,568730109
0.275074764285968,0.0435388892530453,8,1,568730109
0.361960310213997,0.587297435448958,8,1,568730109
0.0340766619746313,0.979761373889703,8,1,568730109
0.174626322209321,0.877824117143073,8,1,568730109
0.49347357034691,0.357412882191134,8,1,568730109
0.543625505103351,0.0433115769662971,8,1,568730109
0.141945615442391,0.250326889400742,8,1,568730109
0.581042415574698,0.711292512288165,8,1,568730109
0.274343111935977,0.0258756416341885,8,1,568730109
0.665519480139025,0.494471579007221,8,1,568730109
0.460517750447248,0.216925469752844,8,1,568730109
0.401538995781645,0.174967282190161,8,1,568730109
0.751907683888139,0.216290040944993,8,1,568730109
0.979544177785806,0.105444897648674,8,1,568730109
0.157143778268213,0.82578184960111,8,1,568730109
0.143762619447486,0.972107435804207,8,1,568730109
0.0348549710287449,0.460457831118198,8,1,568730109
0.321036263569284,0.327000825216566,8,1,568730109
0.338882040584212,0.00962576538642956,8,1,568730109
0.505469391880982,0.0195935283453315,8,1,568730109
0.250589114632507,0.236266188805391,8,1,568730109
0.25193686645359,0.66121044566933,8,1,568730109
0.538313159533678,0.3784243606623,8,1,568730109
0.98511486264016,0.40100506225129,8,1,568730109
0.322736464523074,0.665130200172872,8,1,568730109
0.395919363292822,0.442263975665478,8,1,568730109
0.92668710394051,0.192352764407334,8,1,568730109
0.710713113077688,0.940878912760368,8,1,568730109
0.663908630897683,0.744435024861245,8,1,568730109
0.487916070464906,0.603279478319116,8,1,568730109
0.159978652281907,0.453944276963401,8,1,568730109
0.876010873995263,0.231351183689784,8,1,568730109
0.938094172750341,0.830753838854856,8,1,568730109
0.133571000357154,0.484716598934121,8,1,568730109
0.382889387739146,0.510799244143945,8,1,568730109
0.0857117649403252,0.444332339169391,8,1,568730109
0.0792300739087599,0.889933888233823,8,1,568730109
0.2425490165153,0.749413045917888,8,1,568730109
0.482432640343756,0.0122659807519616,8,1,568730109
0.231541405886517,0.761071693573978,8,1,568730109
0.208468162646976,0.376343228808034,8,1,568730109
0.788922515026008,0.445697723651878,8,1,568730109
0.194503476276987,0.0628978216548859,8,1,568730109
0.53117068502252,0.446753812084555,8,1,568730109
0.5847589440837,0.635948600428046,8,1,568730109
0.911969948576856,0.165327187367294,8,1,568730109
0.0935906643479383,0.447621372257188,8,1,568730109
0.84793430008855,0.900645556556906,8,1,568730109
0.70225023823262,0.499533356919113,8,1,568730109
0.847093940343678,0.708743633935429,8,1,568730109
0.285882819257142,0.345919931073946,8,1,568730109
0.26312920084868,0.637197722132591,8,1,568730109
0.620788048984051,0.949151013706705,8,1,568730109
0.460353157258734,0.861912354184197,8,1,568730109
0.464939096697394,0.60355572991947,8,1,568730109
0.256507688781878,0.966905394970158,8,1,568730109
0.287551072570476,0.636299908738865,8,1,568730109
0.980409359899896,0.574656309973416,8,1,568730109
0.601201851884734,0.175873520176886,8,1,568730109
0.586288431093086,0.446081875372894,8,1,568730109
0.858194601180166,0.93160971217924,8,1,568730109
0.47300445073905,0.895428696742038,8,1,568730109
0.359045031481153,0.446976958290841,8,1,568730109
0.546665752308596,0.765664588889494,8,1,568730109
0.454691915883764,0.126958785286515,8,1,568730109
0.62672826873468,0.00968044866008211,8,1,568730109
0.481745527881847,0.443878261534218,8,1,568730109
0.868787920917821,0.649681223835861,8,1,568730109
0.908496865945152,0.98618871482174,8,1,568730109
0.539813187564093,0.0389603151459137,8,1,568730109
0.852187942021574,0.545661418543056,8,1,568730109
0.0204449350116882,0.439487055854441,8,1,568730109
0.883299302856048,0.0250246754301093,8,1,568730109
0.00747983906328287,0.762202290613661,8,1,568730109
0.842089517458547,0.572277167718544,8,1,568730109
0.368090007416756,0.0246669072097578,8,1,568730109
0.0394607210593856,0.32965870310106,8,1,568730109
0.0688959605668584,0.519959069182563,8,1,568730109
0.804368152480299,0.0537406648728647,8,1,568730109
0.954321235413381,0.125281988322783,8,1,568730109
0.530038113573979,0.0445113621895854,8,1,568730109
0.0901255541178241,0.358110345982825,8,1,568730109
0.388137099025425,0.770940253402553,8,1,568730109
0.883301855076183,0.861613742059212,8,1,568730109
0.233369571918968,0.340985534865518,8,1,568730109
0.758233122687613,0.234760869037556,8,1,568730109
0.38438364531893,0.906008931724561,8,1,568730109
0.732065205138408,0.365757981362525,8,1,568730109
0.436380632704382,0.453880628522135,8,1,568730109
0.198516254282668,0.861390982722856,8,1,568730109
0.784849719640786,0.790718213429291,8,1,568730109
0.325782978406956,0.182273921229899,8,1,568730109
0.437015571188242,0.0872043697241658,8,1,568730109
0.984696016182448,0.0525076619669582,8,1,568730109
0.169931472419772,0.409093022609961,8,1,568730109
0.741923913956127,0.586395922911498,8,1,568730109
0.10607977997298,0.156609833060467,8,1,568730109
0.297497777871806,0.617160530905724,8,1,568730109
0.901373931198133,0.379918102800088,8,1,568730109
0.558463060135786,0.958164545121663,8,1,568730109
0.687236536593746,0.389857899466641,8,1,568730109
0.418750362886516,0.974018772296241,8,1,568730109
0.567505421668846,0.410417647444812,8,1,568730109
0.736166446843069,0.878216916075637,8,1,568730109
0.219766907222115,0.0160670931332243,8,1,568730109
0.186912394238549,0.533539263673687,8,1,568730109
0.15766234026275,0.539015182021834,8,1,568730109
0.179419419069502,0.037199098537017,8,1,568730109
0.301793686718945,0.777416355158143,8,1,568730109
0.802561959134348,0.466995064665578,8,1,568730109
0.68205021640638,0.321774472148545,8,1,568730109
0.440901830236292,0.496113816364569,8,1,568730109
0.131126904625244,0.197934607980937,8,1,568730109
0.904404137897772,0.505486501690948,8,1,568730109
0.664868166932437,0.346594342153,8,1,568730109
0.608203331661192,0.349097331971862,8,1,568730109
0.816242111633043,0.33162253987726,8,1,568730109
0.77405689859407,0.518944691722913,8,1,568730109
0.744025306948124,0.22338108140137,8,1,568730109
0.0323840119217504,0.123295183267381,8,1,568730109
0.293001644642181,0.944732955528123,8,1,568730109
0.411615251490906,0.902767441078959,8,1,568730109
0.157513807267784,0.855322388945801,8,1,568730109
0.67074484666007,0.624225221629647,8,1,568730109
0.832306334481281,0.849887821553816,8,1,568730109
0.17815354707805,0.712810100032099,8,1,568730109
0.916684294687818,0.98196694893518,8,1,568730109
0.3778362284667,0.788751726949823,8,1,568730109
0.0281053767956498,0.575701234077923,8,1,568730109
0.591848672664017,0.64427340809172,8,1,568730109
0.412151594037763,0.233488567593948,8,1,568730109
0.709879851005596,0.0255536246199313,8,1,568730109
0.244126381732992,0.399959981906383,8,1,568730109
0.304288825553668,0.825552469538559,8,1,568730109
0.0324307841040818,0.308790371490314,8,1,568730109
0.58147703652461,0.54586699741197,8,1,568730109
0.447971619763566,0.137652744948914,8,1,568730109
0.939979641732313,0.483801982419151,8,1,568730109
0.277534342367549,0.459457492603999,8,1,568730109
0.168821986060327,0.484310160584553,8,1,568730109
0.394107460608523,0.4092543663934,8,1,568730109
0.353923549641843,0.265246895190681,8,1,568730109
0.46091254604613,0.635123148581634,8,1,568730109
0.523078349376294,0.756761246686728,8,1,568730109
0.864948524920949,0.087228512033078,8,1,568730109
0.0829496268276793,0.668238119696579,8,1,568730109
0.531063036686621,0.521638014638876,8,1,568730109
0.935255371763686,0.303511367032075,8,1,568730109
0.426039833215796,0.893827848710941,8,1,568730109
0.199730604032246,0.196753616935906,8,1,568730109
0.974458388977866,0.184191276282539,8,1,568730109
0.650214586973662,0.454361945838276,8,1,568730109
0.535584019081261,0.931002580680304,8,1,568730109
0.250990921511393,0.373226394129384,8,1,568730109
0.418020660092667,0.913606226951631,8,1,568730109
0.531963018956854,0.326125147021884,8,1,609822556
0.933956251339123,0.132885272778976,8,1,609822556
0.994337850829413,0.484870896900552,8,1,609822556
0.595988949293892,0.964438702926956,8,1,609822556
0.135678073759749,0.0822089800957624,8,1,609822556
0.905058615372329,0.0189333832147123,8,1,609822556
0.959657757496462,0.547846278268335,8,1,609822556
0.691383302176301,0.034859978604759,8,1,609822556
0.986571690468448,0.662266635923696,8,1,609822556
0.381748273030525,0.333745258717637,8,1,609822556
0.00847261256212306,0.364006520444788,8,1,609822556
0.443848019441746,0.40551113434332,8,1,609822556
0.752168854572963,0.886172765968395,8,1,609822556
0.876475318688952,0.0934027214554656,8,1,609822556
0.059296692465522,0.279568313010192,8,1,609822556
0.458130494892085,0.0858948299096571,8,1,609822556
0.742495019719822,0.719576521601172,8,1,609822556
0.944228005808211,0.248420320275623,8,1,609822556
0.90021954050084,0.730361611778648,8,1,609822556
0.603368094975438,0.687557953304734,8,1,609822556
0.186143320994193,0.443729898799168,8,1,609822556
0.31306390314327,0.46856902749346,8,1,609822556
0.426459836709974,0.739939758712069,8,1,609822556
0.593198247384945,0.831234807729098,8,1,609822556
0.101816499634816,0.337737136017391,8,1,609822556
0.429168706464411,0.659257225613565,8,1,609822556
0.599020930964652,0.308468401096101,8,1,609822556
0.416885151437164,0.803532066599685,8,1,609822556
0.0914814426214221,0.334113607403331,8,1,609822556
0.7491955761572,0.775258531493322,8,1,609822556
0.0531348727352761,0.0968488449636506,8,1,609822556
0.47998575815413,0.0937314747766624,8,1,609822556
0.982929370302855,0.898724320032756,8,1,609822556
0.744830662166048,0.769115892279429,8,1,609822556
0.219094846184128,0.343810003034114,8,1,609822556
0.552933538307672,0.0329781486639353,8,1,609822556
0.338227431483146,0.0963837634951346,8,1,609822556
0.688123107892217,0.913560452450036,8,1,609822556
0.192630181616559,0.945396823001181,8,1,609822556
0.343585406278486,0.947829989691441,8,1,609822556
0.930196642990617,0.686786774226857,8,1,609822556
0.227445416346536,0.705356056990706,8,1,609822556
0.445404268459226,0.994503070288888,8,1,609822556
0.602589776333964,0.162114765269957,8,1,609822556
0.803738941993078,0.721286353118453,8,1,609822556
0.34163598649979,0.368736378620012,8,1,609822556
0.190652349997653,0.793356522383033,8,1,609822556
0.0661706405358284,0.848965936192835,8,1,609822556
0.656284903938806,0.124921317363575,8,1,609822556
0.719075053699047,0.816660077588734,8,1,609822556
0.878514581830504,0.887029493698038,8,1,609822556
0.11101886693948,0.549563667850844,8,1,609822556
0.884939972280065,0.563174809164747,8,1,609822556
0.672365664918186,0.374588625281236,8,1,609822556
0.465652687493248,0.137576417614492,8,1,609822556
0.410522345957877,0.698796752248462,8,1,609822556
0.585344360539495,0.864925018661347,8,1,609822556
0.555922074971704,0.32039944128934,8,1,609822556
0.851617538280475,0.74041305661218,8,1,609822556
0.964942458226191,0.275866784801299,8,1,609822556
0.719485775319489,0.269029639992292,8,1,609822556
0.917534075284654,0.0331447684972117,8,1,609822556
0.108484865661381,0.281228526151994,8,1,609822556
0.925965603337554,0.375420501352698,8,1,609822556
0.520712567222969,0.213174379752037,8,1,609822556
0.642952916576948,0.111395401725658,8,1,609822556
0.677013630986375,0.360659892390152,8,1,609822556
0.355099484324356,0.986902935168512,8,1,609822556
0.898191950423683,0.965179367431814,8,1,609822556
0.902602135258264,0.41534955345156,8,1,609822556
0.978162265984848,0.608574992587302,8,1,609822556
0.285890842281305,0.380848871369341,8,1,609822556
0.660834270927184,0.926527094970595,8,1,609822556
0.0755142303241156,0.82661835009459,8,1,609822556
0.211745013955119,0.874966992023068,8,1,609822556
0.554236174645289,0.200651115081303,8,1,609822556
0.232577990565583,0.335024818908628,8,1,609822556
0.876785630393687,0.973941017683968,8,1,609822556
0.261503094441165,0.825294011067786,8,1,609822556
0.748190283488147,0.458062189795347,8,1,609822556
0.0919106068793778,0.989037540898017,8,1,609822556
0.567219585722069,0.421759355739912,8,1,609822556
0.648406158405587,0.628583106687081,8,1,609822556
0.442598744149798,0.530352471874181,8,1,609822556
0.83033289376917,0.550340697554699,8,1,609822556
0.552887958772545,0.230464128063883,8,1,609822556
0.834134122533458,0.302941959774886,8,1,609822556
0.978329365931989,0.478341690865342,8,1,609822556
0.985840193996869,0.585666976729039,8,1,609822556
0.039325548824606,0.153822125656028,8,1,609822556
0.601416040765616,0.333324028624876,8,1,609822556
0.723250106861638,0.306700296398825,8,1,609822556
0.764950893192499,0.151085569718077,8,1,609822556
0.471218090535371,0.533722058155619,8,1,609822556
0.10403709376626,0.804044199395454,8,1,609822556
0.884744616237841,0.129725064655843,8,1,609822556
0.159184230909944,0.826699078344114,8,1,609822556
0.860442186802881,0.392211800623583,8,1,609822556
0.816212736035378,0.683891086347163,8,1,609822556
0.0947874565669409,0.256693611036984,8,1,609822556
0.296085558111107,0.849554054544109,8,1,609822556
0.905832362977343,0.380722321538215,8,1,609822556
0.913319357307667,0.204976080736885,8,1,609822556
0.927588935704458,0.0763918427477135,8,1,609822556
0.975391940204368,0.932713420389874,8,1,609822556
0.0916200611848179,0.630523508639642,8,1,609822556
0.211088659081775,0.0159516023784132,8,1,609822556
0.142361729328645,0.223984074052952,8,1,609822556
0.101538125610626,0.461048747712525,8,1,609822556
0.121186741505752,0.736147030489745,8,1,609822556
0.608184026436994,0.477128913641514,8,1,609822556
0.26245294297633,0.621066210844533,8,1,609822556
0.279931184043186,0.0407110710588423,8,1,609822556
0.811426948639459,0.689294841812781,8,1,609822556
0.733908547670351,0.413618110715285,8,1,609822556
0.867807346764816,0.807211221248549,8,1,609822556
0.528350384111469,0.629000843643628,8,1,609822556
0.508004839890695,0.898419289397499,8,1,609822556
0.984956651314835,0.745971526278831,8,1,609822556
0.119646920172593,0.332892510612939,8,1,609822556
0.712250717057946,0.240385355489605,8,1,609822556
0.467369619721647,0.387102443485106,8,1,609822556
0.460115758454798,0.406454577062373,8,1,609822556
0.439908036348379,0.287972182898824,8,1,609822556
0.635274425009308,0.841432698589388,8,1,609822556
0.581304323280094,0.268815123945411,8,1,609822556
0.371418474781806,0.36500707063229,8,1,609822556
0.458428100808818,0.0936541185821702,8,1,609822556
0.891369455347867,0.585938098409122,8,1,609822556
0.0919780512928496,0.755033903427407,8,1,609822556
0.235561925885091,0.0397828383846148,8,1,609822556
0.154947708299697,0.204006542772015,8,1,609822556
0.195800354119306,0.365458405375978,8,1,609822556
0.289226271093652,0.654862267238258,8,1,609822556
0.854499558693384,0.0838044859212188,8,1,609822556
0.585800287633945,0.0493582134475536,8,1,609822556
0.167710189899827,0.65054051629288,8,1,609822556
0.622895446227221,0.97318368004032,8,1,609822556
0.294874447276483,0.394769737260586,8,1,609822556
0.507638206521875,0.868028913358522,8,1,609822556
0.837453384941494,0.480483131140817,8,1,609822556
0.237419117212071,0.307908921947087,8,1,609822556
0.729043930843301,0.117990346450111,8,1,609822556
0.691249366270573,0.758541227719511,8,1,609822556
0.099605133041555,0.45805014958661,8,1,609822556
0.921042783746372,0.852189002058638,8,1,609822556
0.208135444413243,0.467707707458249,8,1,609822556
0.775223521760972,0.896260308798816,8,1,609822556
0.629943047846293,0.312938927645616,8,1,609822556
0.095918055936691,0.710496924152287,8,1,609822556
0.551098187701908,0.154622921672243,8,1,609822556
0.552920851546367,0.310831895583382,8,1,609822556
0.00726486680504657,0.213721554430122,8,1,609822556
0.122963848861569,0.139248959831203,8,1,609822556
0.872325521307773,0.546016913174182,8,1,609822556
0.630124828969662,0.670488662262061,8,1,609822556
0.0813732568766072,0.849957138426682,8,1,609822556
0.132037866278446,0.970348230695742,8,1,609822556
0.751848723062759,0.275655939749528,8,1,609822556
0.585597735061335,0.00262610535089491,8,1,609822556
0.93860762245015,0.572552484501232,8,1,609822556
0.253020638186248,0.578413245258053,8,1,609822556
0.525787002887527,0.892867760660372,8,1,609822556
0.689689776655163,0.308532536476225,8,1,609822556
0.768153994624099,0.293907535525752,8,1,609822556
0.752939151194024,0.445971721711669,8,1,609822556
0.571385335489395,0.846018587059525,8,1,609822556
0.136002276692008,0.733781143410566,8,1,609822556
0.612744663313716,0.767393076617769,8,1,609822556
0.402469882314548,0.967520024991534,8,1,609822556
0.261625167297436,0.126583463776647,8,1,609822556
0.908406384929446,0.655867088966961,8,1,609822556
0.854914734018267,0.825292977819335,8,1,609822556
0.0600401042709189,0.344682037158641,8,1,609822556
0.63358585107958,0.692149151730806,8,1,609822556
0.324237612391259,0.689999443650071,8,1,609822556
0.765750176275867,0.458024350767795,8,1,609822556
0.958357877720476,0.667588643686386,8,1,609822556
0.247691932440944,0.57755216915976,8,1,609822556
0.93845798541049,0.963067262698791,8,1,609822556
0.963741804291999,0.0660664784579543,8,1,609822556
0.755604153859413,0.0878890690467093,8,1,609822556
0.513772801829829,0.492218581082442,8,1,609822556
0.113177990723878,0.472748228102364,8,1,609822556
0.0260106435518912,0.73879685577927,8,1,609822556
0.954039367636315,0.00269816181604043,8,1,609822556
0.319167893959659,0.690147270217287,8,1,609822556
0.603076252010612,0.468022299182466,8,1,609822556
0.272637418760999,0.568231990481612,8,1,609822556
0.933497037396454,0.842193463109167,8,1,609822556
0.0674243036261251,0.147898283630963,8,1,609822556
0.101926933171502,0.931117466713006,8,1,609822556
0.031500506967491,0.641616581488471,8,1,609822556
0.742519143896816,0.557513220499126,8,1,609822556
0.542145625562995,0.290456867959154,8,1,609822556
0.574875526290792,0.553477090099103,8,1,609822556
0.182362503568565,0.583026192171002,8,1,609822556
0.894280307239361,0.999026165766082,8,1,609822556
0.811368502131858,0.754439229502278,8,1,609822556
0.527335438240451,0.600360806952489,8,1,609822556
0.397550234579347,0.540408452725404,8,1,609822556
0.29443030171814,0.570384893294663,8,1,609822556
0.398531822207544,0.532848336830416,8,1,609822556
0.153202549879651,0.408726735541665,8,1,609822556
0.567000921449108,0.250589381041986,8,1,609822556
0.51625254395354,0.278608498056139,8,1,609822556
0.577415283837757,0.77641592573873,8,1,609822556
0.510835743570185,0.166488573366109,8,1,609822556
0.746334408341297,0.139490030910192,8,1,609822556
0.32759657913893,0.540961222006525,8,1,609822556
0.403254809702826,0.8075036704188,8,1,609822556
0.495381840764253,0.0199341512698035,8,1,609822556
0.151553441424125,0.999947219712806,8,1,609822556
0.532953840097961,0.34259680038707,8,1,609822556
0.484951388589458,0.978477227973055,8,1,609822556
0.138403922049141,0.620286578469086,8,1,609822556
0.824983683158821,0.213754479074896,8,1,609822556
0.0968977473499129,0.182016697579937,8,1,609822556
0.380456732791265,0.153842267416978,8,1,609822556
0.13164420770897,0.92335231040614,8,1,609822556
0.284765256872034,0.391971819384672,8,1,609822556
0.990946716837809,0.792083535231662,8,1,609822556
0.569037902981514,0.634606514997115,8,1,609822556
0.148892226161808,0.786714549049655,8,1,609822556
0.939013956451431,0.264267051588906,8,1,609822556
0.446175181142944,0.0252937241472628,8,1,609822556
0.315460693457189,0.209645270958656,8,1,609822556
0.847578434522849,0.729896174340858,8,1,609822556
0.839557502204247,0.196121200848136,8,1,609822556
0.833524381975715,0.657615098269036,8,1,609822556
0.678568648111754,0.137043937041291,8,1,609822556
0.760796076975577,0.0665157451936347,8,1,609822556
0.0778635190999442,0.929737817501289,8,1,609822556
0.151089560689663,0.560939083767585,8,1,609822556
0.545477613424995,0.417695705245908,8,1,609822556
0.8019060532882,0.0644771653742326,8,1,609822556
0.117492138031665,0.0120886885589702,8,1,609822556
0.427069241172258,0.046837543198353,8,1,609822556
0.29230128592812,0.865853409151583,8,1,609822556
0.437784859407778,0.845080289617258,8,1,609822556
0.952488715352876,0.112345480411693,8,1,609822556
0.636576459219435,0.282033412369032,8,1,609822556
0.0130882421204142,0.895766643316661,8,1,609822556
0.0210498444462512,0.0283532599366572,8,1,609822556
0.799370776276857,0.0790736484255123,8,1,609822556
0.0267677305281557,0.321308523624106,8,1,609822556
0.458704440338041,0.784897805052441,8,1,609822556
0.323443218337503,0.0713206806576636,8,1,609822556
0.417984945384738,0.0963357666102675,8,1,609822556
0.22566031679259,0.54870438899373,8,1,609822556
0.848675155537884,0.55065878151396,8,1,609822556
0.643831482218913,0.708667257063684,8,1,609822556
0.970635270960527,0.386837670855011,8,1,609822556
0.000928152492504664,0.574393845410683,8,1,609822556
0.684720506059557,0.31396818726583,8,1,609822556
0.815737623251168,0.981745542452902,8,1,609822556
0.645643171046905,0.832914716181008,8,1,609822556
0.290759918844817,0.345097921923554,8,1,609822556
0.757602430376055,0.873464125191483,8,1,609822556
0.738237821835567,0.577190482720613,8,1,609822556
0.703551052899044,0.801600218820167,8,1,609822556
0.344109584281814,0.904602768992889,8,1,609822556
0.419293079231414,0.341527210595056,8,1,609822556
0.400441378543737,0.734552802549267,8,1,609822556
0.865151282528197,0.698352322137487,8,1,609822556
0.240104044223421,0.230185651667667,8,1,609822556
0.555789787033213,0.168845213880174,8,1,609822556
0.560988185242028,0.680638806640348,8,1,609822556
0.255245020311824,0.267583400631916,8,1,609822556
0.769821195776307,0.0199218143662465,8,1,609822556
0.267109114563225,0.799954230712766,8,1,609822556
0.629659003348019,0.425824807128606,8,1,609822556
0.661771774394165,0.795192158289482,8,1,609822556
0.171650934195569,0.636253760555368,8,1,609822556
0.749253493585193,0.355977078039725,8,1,609822556
0.631412858144601,0.655434146165388,8,1,609822556
0.917887937988469,0.650721564298822,8,1,609822556
0.583677220598721,0.498795759525033,8,1,609822556
0.633733941027435,0.439485070652684,8,1,609822556
0.788100399419561,0.561794311348232,8,1,609822556
0.997811000448549,0.738907650342417,8,1,609822556
0.718148734285304,0.657959576804435,8,1,609822556
0.259655276085376,0.743326207188725,8,1,609822556
0.605846502913036,0.794614687458847,8,1,609822556
0.111864465518336,0.154002815530633,8,1,609822556
0.66784463729782,0.248599742766876,8,1,609822556
0.0583057041547113,0.441856009089175,8,1,609822556
0.879574465173316,0.964051834254858,8,1,609822556
0.882925354977821,0.326059298962933,8,1,609822556
0.882772042731737,0.476414215715617,8,1,609822556
0.146017191197687,0.539948865335695,8,1,609822556
0.942213382481364,0.704979359020376,8,1,609822556
0.774499068050025,0.415702109586149,8,1,609822556
0.35661157393168,0.0747377745614237,8,1,609822556
0.518256481698926,0.748515492462002,8,1,609822556
0.243763357447495,0.500208048218385,8,1,609822556
0.875403148433602,0.526945260778853,8,1,609822556
0.759808346595915,0.489777541498236,8,1,609822556
0.71593269563138,0.602946311756642,8,1,609822556
0.262501571965986,0.469402807034437,8,1,609822556
0.846851624943688,0.829400255419228,8,1,609822556
0.33271753709307,0.697881756246715,8,1,609822556
0.315268440509289,0.430239467169681,8,1,609822556
0.139121192320225,0.635387689098218,8,1,609822556
0.340819873943691,0.773754265563514,8,1,609822556
0.445185756382735,0.0113602826833983,8,1,609822556
0.918425058552723,0.190619212223553,8,1,609822556
0.415849730649297,0.955076877157684,8,1,609822556
0.700935124594508,0.327878253470303,8,1,609822556
0.430416634834689,0.902657848101058,8,1,609822556
0.136893278613216,0.626369512741865,8,1,609822556
0.543267946925131,0.247972162088285,8,1,609822556
0.517280647697126,0.0858274612397851,8,1,609822556
0.0173359955445083,0.649580013232653,8,1,609822556
0.242946296259273,0.58284848609196,8,1,609822556
0.299904468462668,0.551854300935457,8,1,609822556
0.0960333575064567,0.412161674902146,8,1,609822556
