0.143019643636578,0.194035603910154,8,1,609822556
0.36706716431449,0.837463625924824,8,1,609822556
0.445865618442621,0.461470108412387,8,1,609822556
0.418803719042833,0.984555306068184,8,1,609822556
0.401655685835066,0.38642455469509,8,1,609822556
0.870784530392041,0.124725465611072,8,1,609822556
0.0447587934569009,0.152788962270111,8,1,609822556
0.196975729595183,0.69605767540177,8,1,609822556
0.653611441350447,0.842768542834904,8,1,609822556
0.944484093326987,0.778089903196602,8,1,609822556
0.580109926236196,0.00276417788042771,8,1,609822556
0.147121524099593,0.147452500582602,8,1,609822556
0.539679027366649,0.25275599065554,8,1,609822556
0.278180135319667,0.460859753206643,8,1,609822556
0.906052124871626,0.00885870438488023,8,1,609822556
0.562852569065103,0.183634661419035,8,1,609822556
0.536872924041659,0.92211771156737,8,1,609822556
0.124874701821483,0.453654782706305,8,1,609822556
0.985564726478615,0.443425057744811,8,1,609822556
0.906429256734662,0.660283545330821,8,1,609822556
0.632508925369496,0.525847394765095,8,1,609822556
0.132900180539677,0.251382847232104,8,1,609822556
0.410461981059342,0.220685815349912,8,1,609822556
0.67843042062828,0.875831566625896,8,1,609822556
0.277098253872098,0.121115572078527,8,1,609822556
0.131469029692997,0.82457569840021,8,1,609822556
0.48506759063587,0.64037658062893,8,1,609822556
0.146571844837952,0.618211734428041,8,1,609822556
0.0816873012881834,0.305381729883732,8,1,609822556
0.079220295791596,0.0593594094894474,8,1,609822556
0.513176764640971,0.0614197191739505,8,1,609822556
0.628853131572534,0.990378607106102,8,1,609822556
0.716507360778877,0.253781785698484,8,1,609822556
0.816489056580246,0.949963637509483,8,1,609822556
0.236549226712431,0.923096825252767,8,1,609822556
0.139881366971165,0.599772987435157,8,1,609822556
0.138428452769953,0.942552464468706,8,1,609822556
0.705880917959553,0.609221839854182,8,1,609822556
0.495686371557722,0.86088372444177,8,1,609822556
0.0862081350680661,0.819942722002005,8,1,609822556
0.343250067362572,0.808011570293827,8,1,609822556
0.792705321830115,0.60381378362049,8,1,609822556
0.262532728904356,0.498311494446932,8,1,609822556
0.803866616988951,0.177013434930812,8,1,609822556
0.233446671040443,0.669884926823875,8,1,609822556
0.557567431642103,0.262395444705565,8,1,609822556
0.664589135124385,0.215506763406104,8,1,609822556
0.659172814124384,0.455350073847284,8,1,609822556
0.357821684073118,0.686138303916068,8,1,609822556
0.406297366526121,0.979656669869229,8,1,609822556
0.744544821570424,0.202426296938695,8,1,609822556
0.982918915704855,0.677783093039259,8,1,609822556
0.431676704303051,0.474572460397964,8,1,609822556
0.793672469882113,0.497508870844614,8,1,609822556
0.310861123985171,0.400984015494928,8,1,609822556
0.399859909926657,0.796753119606136,8,1,609822556
0.93908354585687,0.946956297252178,8,1,609822556
0.994854192394338,0.101635141327137,8,1,609822556
0.150135487862833,0.652760443492218,8,1,609822556
0.159112160917557,0.0713528525927094,8,1,609822556
0.0728829378781397,0.904452775888625,8,1,609822556
0.4310465181361,0.540809505406867,8,1,609822556
0.381425322496681,0.357227840310943,8,1,609822556
0.120679675008279,0.83262035955385,8,1,609822556
0.257080555579386,0.25663753967573,8,1,609822556
0.674743407408466,0.912360632322828,8,1,609822556
0.574828624904567,0.146345699982181,8,1,609822556
0.369095642138476,0.492632882288508,8,1,609822556
0.203194697383913,0.675145029396825,8,1,609822556
0.0809456663473336,0.512592968009758,8,1,609822556
0.522359901642093,0.898448122818863,8,1,609822556
0.986246883869769,0.542357213570768,8,1,609822556
0.518456148881981,0.663517796453055,8,1,609822556
0.0280553890943107,0.176218993858881,8,1,609822556
0.862861925774241,0.743264156568426,8,1,609822556
0.363973189026052,0.672812861573599,8,1,609822556
0.853630515363338,0.997054185883942,8,1,609822556
0.302055405233927,0.16891853882741,8,1,609822556
0.418537480340731,0.416858949651074,8,1,609822556
0.329173820848244,0.312007397412709,8,1,609822556
0.592746138631782,0.921973793392489,8,1,609822556
0.721159697453345,0.165569708075986,8,1,609822556
0.975793537974402,0.967086820593009,8,1,609822556
0.686186215891061,0.291031854828621,8,1,609822556
0.850214010458145,0.23395248372123,8,1,609822556
0.980484308878115,0.031631196223282,8,1,609822556
0.303073941581098,0.900641733858822,8,1,609822556
0.0898772816247204,0.648164698502995,8,1,609822556
0.0199125130008451,0.599515064683983,8,1,609822556
0.875506727490704,0.898394038245519,8,1,609822556
0.722932408427673,0.488450507391369,8,1,609822556
0.538338029444399,0.313088388810308,8,1,609822556
0.00110376790464173,0.00853319829683885,8,1,609822556
0.665840812067209,0.156441395200238,8,1,609822556
0.328693489212816,0.103548642391543,8,1,609822556
0.924534924622994,0.541169464568224,8,1,609822556
0.943862957520034,0.548001698927474,8,1,609822556
0.508431274318709,0.279235243837635,8,1,609822556
0.659102530813615,0.358497181049998,8,1,609822556
0.779819823027463,0.66890270160869,8,1,609822556
0.151367559704636,0.161333097793072,8,1,609822556
0.0512846940824661,0.143345379000088,8,1,609822556
0.635175176728469,0.334004897697678,8,1,609822556
0.120672342327028,0.488942645018073,8,1,609822556
0.781724135212862,0.29774536903043,8,1,609822556
0.439596794380885,0.135378821915901,8,1,609822556
0.822874802825234,0.579991686239221,8,1,609822556
0.672791942319215,0.642899114046891,8,1,609822556
0.558806986591274,0.836887994623617,8,1,609822556
0.304811356864856,0.0518392960758196,8,1,609822556
0.101391043268841,0.909310169889526,8,1,609822556
0.338378536561296,0.265674390734981,8,1,609822556
0.954905197618037,0.599244821372733,8,1,609822556
0.81774983222542,0.54677152597604,8,1,609822556
0.854470849708014,0.179822454837346,8,1,609822556
0.949128824475347,0.587001900100359,8,1,609822556
0.511511852475085,0.743301865382593,8,1,609822556
0.27621288701752,0.93503565954273,8,1,609822556
0.296844561427069,0.383255734498057,8,1,609822556
0.135971063358127,0.0235740703243916,8,1,609822556
0.50973498443821,0.0997337714354662,8,1,609822556
0.750246605208854,0.117568792938496,8,1,609822556
0.897599302589347,0.904588394098565,8,1,609822556
0.0750586724716813,0.393820643366744,8,1,609822556
0.193136431732165,0.952633672476976,8,1,609822556
0.260984307736836,0.591514547002863,8,1,609822556
0.145570430110148,0.929628170314932,8,1,609822556
0.429112432412491,0.00311760189729604,8,1,609822556
0.213919416786585,0.855951690904763,8,1,609822556
0.419009469661127,0.859774422414811,8,1,609822556
0.110749370350907,0.382480953135485,8,1,609822556
0.672555815906227,0.850856575236564,8,1,609822556
0.197603892250718,0.498361404389717,8,1,609822556
0.468684666256848,0.96361863584423,8,1,609822556
0.465866052499354,0.977438917470345,8,1,609822556
0.170383249129653,0.250531558832315,8,1,609822556
0.403996218410716,0.398788067038778,8,1,609822556
0.968440603260603,0.946969426362322,8,1,609822556
0.58966449916529,0.175060596497295,8,1,609822556
0.426853113230826,0.823024626165983,8,1,609822556
0.438102805378923,0.319254227316855,8,1,609822556
0.222546028716113,0.881960882581387,8,1,609822556
0.980665669775068,0.0393682448809178,8,1,609822556
0.191705398567668,0.129082328021789,8,1,609822556
0.918066712872828,0.605647119280844,8,1,609822556
0.253233476450913,0.889403609539037,8,1,609822556
0.727768234313467,0.691269469680197,8,1,609822556
0.0485593473616528,0.231137329255508,8,1,609822556
0.940725110591201,0.26050258728308,8,1,609822556
0.0799448832496819,0.0438412519663984,8,1,609822556
0.137570298656036,0.0259086420667396,8,1,609822556
0.52995735083258,0.230063841933901,8,1,609822556
0.150248239896301,0.561460695706614,8,1,609822556
0.0284749871680523,0.395823178980053,8,1,609822556
0.645723025491625,0.914368388484905,8,1,609822556
0.67024672090026,0.976421216520691,8,1,609822556
0.6963171276671,0.655097185674339,8,1,609822556
0.813583915561976,0.211132699439981,8,1,609822556
0.00754598276582996,0.432048439658968,8,1,609822556
0.365827821091859,0.194549883473254,8,1,609822556
0.258071426402606,0.649753421012114,8,1,609822556
0.302486789377942,0.0351059277530639,8,1,609822556
0.258616773540568,0.239838058139428,8,1,609822556
0.22812536350626,0.573650877705762,8,1,609822556
0.816474655923583,0.41582815649042,8,1,609822556
0.454758563441234,0.842534883220607,8,1,609822556
0.519861355722438,0.322286299495537,8,1,609822556
0.989971489903283,0.805203127633306,8,1,609822556
0.386808101453271,0.351044183501974,8,1,609822556
0.186528972595085,0.484534187057419,8,1,609822556
0.940201277384015,0.495300835382488,8,1,609822556
0.659483405200012,0.151160364892233,8,1,609822556
0.433455106402015,0.716977535198542,8,1,609822556
0.346202911203121,0.524391092209048,8,1,609822556
0.902163427293837,0.16522542712678,8,1,609822556
0.824339968056178,0.869624155258907,8,1,609822556
0.322378863402651,0.44489623170787,8,1,609822556
0.433354988769268,0.653000308843177,8,1,609822556
0.407353713896012,0.643797550333382,8,1,609822556
0.423415082988797,0.511380136606811,8,1,609822556
0.721772354639841,0.062416811781788,8,1,609822556
0.676470400912247,0.307540823618051,8,1,609822556
0.797993919748715,0.00552756509800867,8,1,609822556
0.904532382436348,0.743186034359987,8,1,609822556
0.0422886971760708,0.35439462018237,8,1,609822556
0.306958075645831,0.577146953321686,8,1,609822556
0.620377798252875,0.311970706514362,8,1,609822556
0.243838382774819,0.310825904280425,8,1,609822556
0.597100356017564,0.601490001716877,8,1,609822556
0.86922750570669,0.33246716733423,8,1,609822556
0.0727521253382934,0.152460677527075,8,1,609822556
0.365803669512903,0.880046609503841,8,1,609822556
0.235037091000211,0.32217867120205,8,1,609822556
0.0766508179540182,0.182769650800663,8,1,609822556
0.313814912877481,0.689255045529819,8,1,609822556
0.963533268188145,0.824836988171935,8,1,609822556
0.160091035301554,0.55401377939975,8,1,609822556
0.843665067802766,0.752548749397092,8,1,609822556
0.451633045257567,0.525593950039291,8,1,609822556
0.487379846918774,0.676657318361873,8,1,609822556
0.00160255717089841,0.516501239946051,8,1,609822556
0.637871748052054,0.71452830713292,8,1,609822556
0.0174522656153289,0.277337549235651,8,1,609822556
0.0148655654855308,0.178362836853565,8,1,609822556
0.393866801521686,0.0369823144606123,8,1,609822556
0.678145554530332,0.11899009689291,8,1,609822556
0.699668368556538,0.268055572540365,8,1,609822556
0.445383263894628,0.195599903627181,8,1,609822556
0.85267860872394,0.0392558378468966,8,1,609822556
0.529031953843093,0.859022897416646,8,1,609822556
0.814257611987641,0.222242743052853,8,1,609822556
0.945037786849567,0.490386618844064,8,1,609822556
0.0600984473516029,0.281411811264856,8,1,609822556
0.0964026807145721,0.737991498257408,8,1,609822556
0.142582042334308,0.738178338044426,8,1,609822556
0.451936770734176,0.247383293398712,8,1,609822556
0.670215389879887,0.726181103443874,8,1,609822556
0.141141039851222,0.518840465283117,8,1,609822556
0.131941338115991,0.33875213602333,8,1,609822556
0.824587601890578,0.804826184164551,8,1,609822556
0.720245304612999,0.0781430128881289,8,1,609822556
0.602572774665455,0.669246771345828,8,1,609822556
0.781471292132254,0.792221522597129,8,1,609822556
0.188244157650059,0.731584582138341,8,1,609822556
0.478840478619229,0.841523815873582,8,1,609822556
0.439824581714721,0.725770625634546,8,1,609822556
0.452655858528599,0.0609524443032621,8,1,609822556
0.0717797456137719,0.33950965476762,8,1,609822556
0.48014965703224,0.614742773306581,8,1,609822556
0.0578593501992177,0.180081956487208,8,1,609822556
0.547304823415212,0.235522413382789,8,1,609822556
0.409952650168694,0.22674495305356,8,1,609822556
0.544664617101833,0.948968913783275,8,1,609822556
0.962030009499799,0.781988671836938,8,1,609822556
0.67625261552466,0.0275480028436847,8,1,609822556
0.280518809534668,0.686793293153814,8,1,609822556
0.42699462917909,0.35000635722349,8,1,609822556
0.871918910781438,0.51610502682318,8,1,609822556
0.470968510522915,0.558864552947803,8,1,609822556
0.476168356968149,0.142201287327503,8,1,609822556
0.988699629590005,0.218981905993221,8,1,609822556
0.332014782631181,0.400832226876458,8,1,609822556
0.212957747741207,0.632075859417514,8,1,609822556
0.683454267186355,0.0526327329307561,8,1,609822556
0.589364442938489,0.360778819084212,8,1,609822556
0.868861868185792,0.168633641918146,8,1,609822556
0.0804531996952242,0.13364828061874,8,1,609822556
0.177304189731382,0.302006422671304,8,1,609822556
0.0347075181767187,0.775386496832196,8,1,609822556
0.0648764134021631,0.36303423915442,8,1,609822556
0.309538593611857,0.0428783194462357,8,1,609822556
0.110237109235015,0.568783718021647,8,1,609822556
0.706912281724296,0.419453553554469,8,1,609822556
0.980046065547316,0.615956973760005,8,1,609822556
0.956624682438165,0.819648646176862,8,1,609822556
0.207210596830573,0.897158913968473,8,1,609822556
0.814604885755267,0.683144846692154,8,1,609822556
0.176275000488784,0.866100453229064,8,1,609822556
0.584273713915726,0.497304185441263,8,1,609822556
0.687264020141867,0.690719394734368,8,1,609822556
0.108791078360985,0.866213456251432,8,1,609822556
0.759120449480259,0.44479066225162,8,1,609822556
0.319321236671865,0.230043665393553,8,1,609822556
0.474027905346463,0.852557126186687,8,1,609822556
0.743727370146101,0.598089563506277,8,1,609822556
0.593390095722274,0.641376690257257,8,1,609822556
0.196560237837064,0.459837904006204,8,1,609822556
0.638166845695918,0.970062479712808,8,1,609822556
0.862240834899022,0.632319241474061,8,1,609822556
0.333063675278455,0.737118505966502,8,1,609822556
0.689882302029979,0.57045049725298,8,1,609822556
0.180170160427586,0.989020222034514,8,1,609822556
0.0223489426312051,0.415681309801049,8,1,609822556
0.0780856815857272,0.99232447253819,8,1,609822556
0.808024729368851,0.91883346484407,8,1,609822556
0.152550051891033,0.817916049275971,8,1,609822556
0.21946215965424,0.896631409374586,8,1,609822556
0.163746723064116,0.282983088109184,8,1,609822556
0.569590729443312,0.630067802525892,8,1,609822556
0.407760281994904,0.916915187523329,8,1,609822556
0.761620913147926,0.119369767051264,8,1,609822556
0.0138584609832757,0.37137479435219,8,1,609822556
0.237343687034799,0.88279588674176,8,1,609822556
0.647759379666785,0.432918747926959,8,1,609822556
0.741372821503496,0.644090192255686,8,1,609822556
0.898226183544236,0.0520368904931576,8,1,609822556
0.328450574980767,0.44586643040915,8,1,609822556
0.590804598708722,0.964229575206657,8,1,609822556
0.0597507426072967,0.631181342160317,8,1,609822556
0.831421400566975,0.614683877750732,8,1,609822556
0.472001940624285,0.659723995113038,8,1,609822556
0.79095205511207,0.194157535298008,8,1,609822556
0.83654497557184,0.6408472047179,8,1,609822556
0.470337207538441,0.225987482942608,8,1,609822556
0.505273184075102,0.985904884592584,8,1,609822556
0.241612230592086,0.0902385401021668,8,1,609822556
0.264132394721356,0.524737708923756,8,1,609822556
0.759488663259436,0.282527807912437,8,1,609822556
0.211786117312605,0.0528271515100052,8,1,609822556
0.122097879489668,0.295277904624245,8,1,609822556
0.932016633201152,0.339878771582444,8,1,609822556
0.889969402060792,0.836485080854693,8,1,609822556
0.306558981690238,0.97360370584931,8,1,609822556
0.974074503793468,0.541902927186274,8,1,609822556
0.947479296825924,0.243116495667394,8,1,609822556
0.249202442581431,0.896568984724326,8,1,609822556
0.198213203710293,0.0669221285618615,8,1,609822556
0.582470223205839,0.300877824117875,8,1,609822556
0.171706430992598,0.18633658068945,8,1,609822556
0.501600668761475,0.248011015677021,8,1,609822556
0.562882394683713,0.532073987658882,8,1,609822556
0.176742276665805,0.665448063139161,8,1,609822556
0.586224975622041,0.0740748693318054,8,1,609822556
0.49314165129999,0.627416776949595,8,1,609822556
0.724391802019985,0.282530427225248,8,1,609822556
0.592038968048425,0.498428554795025,8,1,609822556
0.478985807010568,0.498731663601294,8,1,609822556
0.0975909672279034,0.374910466811433,8,1,609822556
0.828720875473667,0.186095848433178,8,1,609822556
0.991635493249173,0.347339429682864,8,1,609822556
0.911571628069552,0.0807731003823164,8,1,609822556
0.330914084668327,0.678322738696878,8,1,609822556
0.275767770815777,0.0477135766116898,8,1,609822556
0.742688475223767,0.0301009397508372,8,1,609822556
0.707462736190908,0.337186925831585,8,1,609822556
0.653583562805895,0.0369126738135037,8,1,609822556
0.124833191697505,0.702022408268212,8,1,609822556
0.0933860927682533,0.943561143297554,8,1,609822556
0.901529004252496,0.200993196211724,8,1,609822556
0.401825506782474,0.779600079579855,8,1,609822556
0.930242294669145,0.251408750424517,8,1,609822556
0.309878991263981,0.123453581755173,8,1,609822556
0.169770670088766,0.867992208531836,8,1,609822556
0.353668909201933,0.393988288886916,8,1,609822556
0.488399422914484,0.902168478681473,8,1,609822556
0.123127846307421,0.297369132666136,8,1,609822556
0.959697216520913,0.293085761074347,8,1,609822556
0.100670992479922,0.0936567452247583,8,1,609822556
0.177909621059952,0.0397273992861478,8,1,609822556
0.0472054606393897,0.391821872280587,8,1,609822556
0.918537999783592,0.623835822049895,8,1,609822556
0.385726465037562,0.218077940419727,8,1,609822556
0.653359785371001,0.166630330726905,8,1,609822556
0.115883664617948,0.965106309733686,8,1,609822556
0.406759581623266,0.87095347395398,8,1,609822556
0.237948745097756,0.86677102664214,8,1,609822556
0.588737364245093,0.00904771484871336,8,1,609822556
0.0999420346092679,0.302826870963711,8,1,609822556
0.985907857673094,0.888468292028711,8,1,609822556
0.70683968487984,0.666140908302175,8,1,609822556
0.936581473973085,0.920693976421263,8,1,609822556
0.303449982735141,0.0462024840732678,8,1,609822556
0.405714658052806,0.549340949179122,8,1,609822556
0.0510406462670199,0.301415945957399,8,1,609822556
0.217373194432861,0.0747015415457231,8,1,609822556
0.57554639194008,0.175930368230406,8,1,609822556
0.675799177478001,0.815586166578676,8,1,609822556
0.849661258308881,0.440132309092513,8,1,609822556
0.406564098580475,0.0893596459082184,8,1,609822556
0.905335100911119,0.327489809090036,8,1,609822556
0.823586124217701,0.446199295785573,8,1,609822556
0.631052963421629,0.433802394301323,8,1,609822556
0.937783676203958,0.0800360746999011,8,1,609822556
0.811099119011181,0.23868315917363,8,1,609822556
0.584659578004821,0.483175301978424,8,1,609822556
0.82329847891048,0.0234065072426832,8,1,609822556
0.145963810268488,0.451107855368009,8,1,609822556
0.537037880297892,0.585701289619155,8,1,609822556
0.0393260104907203,0.554121131092828,8,1,609822556
0.716982595200235,0.99907840587568,8,1,609822556
0.365665043021513,0.587389615404429,8,1,609822556
0.0731165175921893,0.423799280757964,8,1,609822556
0.606626055572155,0.378344006587419,8,1,609822556
0.837856866460331,0.360868449455858,8,1,609822556
0.298259667000815,0.662506023105148,8,1,609822556
0.422681190830763,0.328785939291272,8,1,609822556
0.783423198243116,0.659424006286479,8,1,609822556
0.0702184405684196,0.891925591645904,8,1,609822556
0.77451482524134,0.266812214461266,8,1,609822556
0.606001197862201,0.957519997568967,8,1,609822556
0.900126854317436,0.514768230264449,8,1,609822556
0.725558891771155,0.706594363881021,8,1,609822556
0.10916707023565,0.158143056193447,8,1,609822556
0.60161551902961,0.7087872191093,8,1,609822556
0.267277937437715,0.239290766573149,8,1,609822556
0.758396738232852,0.719170340649842,8,1,609822556
0.610391912031259,0.129308519786785,8,1,609822556
0.307653801546099,0.291556444055821,8,1,609822556
0.0300435696094343,0.810673463444183,8,1,609822556
0.20698633015026,0.211559101143093,8,1,609822556
0.25170183255946,0.260189711662256,8,1,609822556
0.551256436226946,0.605356781031689,8,1,609822556
0.936196825463196,0.102092083386102,8,1,609822556
0.633526098809362,0.795882403521059,8,1,609822556
0.979294117752213,0.147505900879308,8,1,609822556
0.902120455588041,0.948335052447743,8,1,609822556
0.719635587833667,0.837471498427995,8,1,609822556
0.930131030209036,0.831159451332888,8,1,609822556
0.193017399225326,0.305640765206898,8,1,609822556
0.798458327839448,0.871227150019401,8,1,609822556
0.828474857333362,0.538896065842092,8,1,609822556
0.770033361992295,0.335584872035947,8,1,609822556
0.307288414810531,0.194448314727214,8,1,609822556
0.307477165928488,0.277783733724391,8,1,609822556
0.304118140202107,0.0975262778190009,8,1,609822556
0.464861402273337,0.835568125361041,8,1,609822556
0.707184569746884,0.707301543194316,8,1,609822556
0.137570434994023,0.19604437661808,8,1,609822556
0.257273105754002,0.766271474360124,8,1,609822556
0.42921746525558,0.743297372750737,8,1,609822556
0.272642440339897,0.859057102358673,8,1,609822556
0.443555330312515,0.18076743441689,8,1,609822556
0.368898607121399,0.317318736893442,8,1,609822556
0.0844755972927684,0.570919782473392,8,1,609822556
0.244465570171307,0.699835745062818,8,1,609822556
0.720266857176526,0.611153317935413,8,1,609822556
0.609379245454466,0.393166684974079,8,1,609822556
0.0235244708262892,0.137855440817134,8,1,609822556
0.484746942979216,0.766253116895158,8,1,609822556
0.713457637388283,0.109857199702867,8,1,609822556
0.0449299218631491,0.600391597039678,8,1,609822556
0.402570813767814,0.686054815312256,8,1,609822556
0.50079466026567,0.792732097214409,8,1,609822556
0.851753961390992,0.621876420441011,8,1,609822556
0.986707349043499,0.853976286924546,8,1,609822556
0.673481335939303,0.669133103035233,8,1,609822556
0.320713322380012,0.64843073537884,8,1,609822556
0.698509423456853,0.298190155249865,8,1,609822556
0.759705146807965,0.855372062975285,8,1,609822556
0.363357520457699,0.918450642362407,8,1,609822556
0.799658262175649,0.0163426145244321,8,1,609822556
0.118199185915411,0.325359567851103,8,1,609822556
0.133022129722852,0.695688806318797,8,1,609822556
0.857044017114312,0.216901218674457,8,1,609822556
0.562216374124664,0.557286374001906,8,1,609822556
0.941195061677058,0.399488844268296,8,1,609822556
0.217555298658254,0.219177512015374,8,1,609822556
0.0357391605597885,0.28901493524391,8,1,609822556
0.221312040537319,0.736585126999246,8,1,609822556
0.177912193250544,0.814542081788851,8,1,609822556
0.947416508384603,0.469508825533816,8,1,609822556
0.967736263746983,0.955822644196344,8,1,609822556
0.396390668533795,0.884076835474295,8,1,609822556
0.240690761755715,0.409400879397894,8,1,609822556
0.492005761220909,0.272051727265952,8,1,609822556
0.214721926855742,0.344045020686877,8,1,609822556
0.213560338001411,0.461609663793748,8,1,609822556
0.597711172253674,0.503038391474317,8,1,609822556
0.238191540301168,0.133650691613055,8,1,609822556
0.20889620665278,0.469842357002346,8,1,609822556
0.281861101656065,0.260308153668532,8,1,609822556
0.155536214493738,0.451198548909367,8,1,609822556
0.306822108063571,0.0637736473059967,8,1,609822556
0.692351750635399,0.956412367602558,8,1,609822556
0.672627667123067,0.0228184341980784,8,1,609822556
0.875628049711149,0.0100896047756471,8,1,609822556
0.756715966657438,0.033293433943375,8,1,609822556
0.898438927039934,0.589416647802563,8,1,609822556
0.863495283707766,0.520668253343168,8,1,609822556
0.286209329288854,0.62185563265279,8,1,609822556
0.0804779426406768,0.402729961530921,8,1,609822556
0.34947493710159,0.575886669492667,8,1,609822556
0.0623954247754677,0.00576440026543779,8,1,609822556
0.442297051211884,0.711180483323723,8,1,609822556
0.82282170159584,0.475789965999211,8,1,609822556
0.690646216929916,0.447206085361701,8,1,609822556
0.517006284493653,0.492244084630275,8,1,609822556
0.597657098609282,0.878597339274037,8,1,609822556
0.553455436071804,0.707265007871002,8,1,609822556
0.315702900284301,0.141254190345029,8,1,609822556
0.862591404233117,0.802354096652222,8,1,609822556
0.587745588912109,0.80047330880198,8,1,609822556
0.0822586050857081,0.625165397544646,8,1,609822556
0.852974184935299,0.844143440226024,8,1,609822556
0.699324741072935,0.560923505447278,8,1,609822556
0.395795873506736,0.570786172805115,8,1,609822556
0.862297868767538,0.422914032851161,8,1,609822556
0.903458299875309,0.13356219994424,8,1,609822556
0.301625721673988,0.945020154770373,8,1,609822556
0.0429963055080869,0.0546305702087029,8,1,609822556
0.508766761367888,0.390179893922489,8,1,609822556
0.304555094735083,0.38656771655878,8,1,609822556
0.856572338581352,0.760759811957137,8,1,609822556
0.968973680466639,0.0562014772434369,8,1,609822556
0.878905126884957,0.728057134924041,8,1,609822556
0.117399856835139,0.324046796369034,8,1,609822556
0.625929812075004,0.171615598782632,8,1,609822556
0.982259746212098,0.866321817243723,8,1,609822556
0.79098191151157,0.458496337946532,8,1,609822556
0.513384472137341,0.928073934483718,8,1,609822556
0.535803256832913,0.166199835187143,8,1,609822556
0.400981613986389,0.706640331908883,8,1,609822556
0.909076762770187,0.492481919173026,8,1,609822556
0.839611848841799,0.00114805424137199,8,1,609822556
0.830881368259902,0.285677368607537,8,1,609822556
0.886210735572154,0.0359340416287195,8,1,609822556
0.26826548361788,0.891975366010505,8,1,609822556
0.208023597067167,0.41839329183664,8,1,609822556
0.231272955787547,0.910624967146039,8,1,609822556
0.759282942616479,0.391900991786239,8,1,609822556
0.475002131403218,0.101315050751964,8,1,609822556
0.784142135010101,0.59325308124899,8,1,609822556
0.472319051505806,0.286248866371431,8,1,609822556
0.181552736596317,0.280477356961004,8,1,609822556
0.376204395674251,0.267718525270008,8,1,609822556
0.346249606891628,0.751149839543359,8,1,609822556
0.595773899708638,0.87676967981561,8,1,609822556
0.464979671984769,0.934483129255076,8,1,609822556
0.728740216343438,0.323371207562245,8,1,609822556
0.176136858093964,0.312593876222305,8,1,609822556
0.419263055571275,0.723832452272061,8,1,609822556
0.256572980605614,0.184927207510542,8,1,609822556
0.204817036197662,0.896761569565437,8,1,609822556
0.622952985458819,0.683688957084935,8,1,609822556
0.776246699002772,0.0836392347843982,8,1,609822556
0.463400895223814,0.165870892333849,8,1,609822556
0.778503464054853,0.801823444891694,8,1,609822556
0.041470305545233,0.976074653864533,8,1,609822556
0.885296431707677,0.470213007898868,8,1,609822556
0.813464880569515,0.822253379461964,8,1,609822556
0.066666323839818,0.422780538712462,8,1,609822556
0.926743611769453,0.170274270190743,8,1,609822556
0.860275464218507,0.88430443080185,8,1,609822556
0.450933552118645,0.0144340012889428,8,1,609822556
0.716931353446502,0.925150896833124,8,1,609822556
0.5576269091983,0.518436735737077,8,1,609822556
0.865189363783836,0.110300044188589,8,1,609822556
0.0206171326645121,0.81797951612183,8,1,609822556
0.369045758857086,0.551550365463559,8,1,609822556
0.669506371860153,0.25523110701255,8,1,609822556
0.762339041163114,0.468833406833137,8,1,609822556
0.892276554397759,0.647442805747692,8,1,609822556
0.643789182381854,0.948530621817236,8,1,609822556
0.849491139658252,0.30774175697984,8,1,609822556
0.447467755435293,0.132908052079216,8,1,609822556
0.649902984489413,0.548565375523126,8,1,609822556
0.274616164295317,0.539648477924279,8,1,609822556
0.954472660024679,0.854168886519516,8,1,609822556
0.614822141769133,0.254853941310696,8,1,609822556
0.747556612399343,0.0896017819837001,8,1,609822556
0.0895371426157379,0.234494116483733,8,1,609822556
0.518541312690695,0.826415921307932,8,1,609822556
0.582407580795411,0.97415126405922,8,1,609822556
0.488122361941405,0.700963680864122,8,1,609822556
0.146059104235236,0.195670466047214,8,1,609822556
0.655416210792317,0.398089087600245,8,1,609822556
0.131465264804438,0.705410588631745,8,1,609822556
0.83728435749234,0.610108547305233,8,1,609822556
0.214964851554455,0.620954458628418,8,1,609822556
0.0739640279743432,0.422704087374258,8,1,609822556
0.457850318783397,0.275100500407808,8,1,609822556
0.809549225502788,0.583523629128208,8,1,609822556
0.202450533521625,0.504134577576718,8,1,609822556
0.103573340476095,0.40609135567841,8,1,609822556
0.305819542328125,0.917667095586722,8,1,609822556
0.901699567443055,0.611488161426561,8,1,609822556
0.0802152683224575,0.489562228696736,8,1,609822556
0.012434194983463,0.952899147758006,8,1,609822556
0.589550052514087,0.0215935580906716,8,1,609822556
0.172109815712892,0.0681609327834432,8,1,609822556
0.3313241734562,0.871058156644912,8,1,609822556
0.384179077931463,0.8030764466761,8,1,609822556
0.797775626137029,0.96878557863385,8,1,609822556
0.346512576306025,0.733602555989277,8,1,609822556
0.301537179060795,0.503469439495581,8,1,609822556
0.195223800245826,0.939445624225645,8,1,609822556
0.880652036375854,0.435012881414456,8,1,609822556
0.402005914976948,0.701994255564665,8,1,609822556
0.0525205549331342,0.324883211645518,8,1,609822556
0.712701291620057,0.928549044471258,8,1,609822556
0.0763788544836053,0.0181433702521989,8,1,609822556
0.625643990493514,0.886248328383644,8,1,609822556
0.302480634382922,0.0794605776493436,8,1,609822556
0.38031001848999,0.714635078566349,8,1,609822556
0.410212288593141,0.390532290120731,8,1,609822556
0.960514307680369,0.549952028447932,8,1,609822556
0.986792860996333,0.825115779297653,8,1,609822556
0.39478649394152,0.462046973583574,8,1,609822556
0.457529886359903,0.693382932105701,8,1,609822556
0.453934936159152,0.476484030239336,8,1,609822556
0.64614371148662,0.589098085436731,8,1,609822556
0.571249897996966,0.379866119390185,8,1,609822556
0.888563266078132,0.110892396474362,8,1,609822556
0.109415188253934,0.6485278157295,8,1,609822556
0.101294397164497,0.794522020010058,8,1,609822556
0.36692160947969,0.247632492737107,8,1,609822556
0.572038150089523,0.105394497386888,8,1,609822556
0.321311566784817,0.91994660849249,8,1,609822556
0.627497772433401,0.221504276750454,8,1,609822556
0.387181009773728,0.0481342807648559,8,1,609822556
0.96712858284083,0.275924312351931,8,1,609822556
0.426258707348789,0.0554962812531903,8,1,609822556
0.161201033031733,0.847755028288606,8,1,609822556
0.182690973268869,0.771719201325017,8,1,609822556
0.627085100661475,0.510552381253271,8,1,609822556
0.250334498934088,0.0880042048284251,8,1,609822556
0.78153092067494,0.90932902850075,8,1,609822556
0.960397748720068,0.246074663125541,8,1,609822556
0.923901828682594,0.604759119289758,8,1,609822556
0.0569195470523791,0.45641306243344,8,1,609822556
0.538200761783743,0.190233264093489,8,1,609822556
0.289692954251977,0.713858095296255,8,1,609822556
0.331310633497999,0.414465040567708,8,1,609822556
0.845387353675582,0.822818874827036,8,1,609822556
0.579443484548309,0.00274460254687003,8,1,609822556
0.956715208776386,0.149881746664709,8,1,609822556
0.740659173193164,0.0105593609333532,8,1,609822556
0.53129209726978,0.779059278381777,8,1,609822556
0.802289942474726,0.488224336241929,8,1,609822556
0.420548428787581,0.315435708535141,8,1,609822556
0.911531265738527,0.040747532347333,8,1,609822556
0.773159072051032,0.827943363347385,8,1,609822556
0.419114371558728,0.605031620604755,8,1,609822556
0.209612746610193,0.435385637896184,8,1,609822556
0.0444226846137725,0.696782909887752,8,1,609822556
0.938325460139382,0.681229839181105,8,1,609822556
0.643514793352914,0.821856265272898,8,1,609822556
0.6989149613419,0.465576665355806,8,1,609822556
0.0106327896257365,0.342865656853987,8,1,609822556
0.314702163865013,0.0155535054102969,8,1,609822556
0.850369953119823,0.293485966810906,8,1,609822556
0.421908046853087,0.403312412001638,8,1,609822556
0.257446953539024,0.0416700426500602,8,1,609822556
0.207733985732529,0.362242964099014,8,1,609822556
0.198668305140981,0.507315085139173,8,1,609822556
0.151365122149715,0.944231215750474,8,1,609822556
0.17143745161132,0.773004976059915,8,1,609822556
0.973853888103714,0.793776120596262,8,1,609822556
0.491308377369438,0.454544490852573,8,1,609822556
0.809322204905847,0.434672993225395,8,1,609822556
0.170871900870279,0.716108739697555,8,1,609822556
0.990698156578696,0.902897615490758,8,1,609822556
0.617384821295262,0.236588405450918,8,1,609822556
0.355824030754378,0.448986590764681,8,1,609822556
0.355635127834411,0.339778728744675,8,1,609822556
0.357628189646487,0.585586378216529,8,1,609822556
0.478831779036931,0.916153630353785,8,1,609822556
0.102476000389271,0.453886558311484,8,1,609822556
0.581546944784973,0.339115186022752,8,1,609822556
0.543622880741772,0.25191019909552,8,1,609822556
0.937573336059391,0.515676661769609,8,1,609822556
0.375496807874076,0.464932777059714,8,1,609822556
0.153099387885761,0.744659333683159,8,1,609822556
0.569827238287726,0.723291945649011,8,1,609822556
0.715344860297227,0.0126985310505416,8,1,609822556
0.865916027970534,0.388162121040303,8,1,609822556
0.652069649520043,0.268717626243184,8,1,609822556
0.775798390530114,0.570654442208936,8,1,609822556
0.810700390696194,0.515712639645521,8,1,609822556
0.535966239210003,0.131336597871589,8,1,609822556
0.103955295465835,0.074904494484441,8,1,609822556
0.69456974334136,0.00223571829166413,8,1,609822556
0.265692131263449,0.836371787277972,8,1,609822556
0.504683026518077,0.667526120976182,8,1,609822556
0.976575921790722,0.207813615051672,8,1,609822556
0.22314252561483,0.483582767617409,8,1,609822556
0.32932580074177,0.645334967167727,8,1,609822556
0.521101532270494,0.541882400828173,8,1,609822556
0.230837062414642,0.627383058698862,8,1,609822556
0.814595935023514,0.253501524547278,8,1,609822556
0.650610753665541,0.86717996993107,8,1,609822556
0.826630204368136,0.0623353508290325,8,1,609822556
0.0984784967994519,0.603846768793583,8,1,609822556
0.929083736475982,0.945053936710532,8,1,609822556
0.35670554636869,0.88656570834574,8,1,609822556
0.54147179340738,0.636865397078878,8,1,609822556
0.712561716554102,0.99832399416368,8,1,609822556
0.605343677245447,0.460066500573245,8,1,609822556
0.508371376280898,0.448446778302795,8,1,609822556
0.963989573083514,0.953334459207792,8,1,609822556
0.570810286852073,0.878390255921611,8,1,609822556
0.77582950685119,0.666183590169825,8,1,609822556
0.470555881960633,0.876523143454577,8,1,609822556
0.697892546583892,0.16447060631694,8,1,609822556
0.0812397630147847,0.0935287271067065,8,1,609822556
0.618329467019823,0.918550135986704,8,1,609822556
0.543897172726546,0.153400470340612,8,1,609822556
0.980450501763058,0.217887028386302,8,1,609822556
0.184192229551249,0.631196232231029,8,1,609822556
0.280904099245794,0.742203162261715,8,1,609822556
0.662254398352416,0.251218535861295,8,1,609822556
0.760867053844615,0.0603888687061647,8,1,609822556
0.0505273983272865,0.901147354714683,8,1,609822556
0.867317353298897,0.338630992458135,8,1,609822556
0.428355873643679,0.484540999564332,8,1,609822556
0.447525992102548,0.47361797770009,8,1,609822556
0.574082567423253,0.836915757669132,8,1,609822556
0.924312792062246,0.0965956912867236,8,1,609822556
0.119230679358268,0.0514131850170596,8,1,609822556
0.0802921526792564,0.0193217355444082,8,1,609822556
0.573457314079567,0.901844337313758,8,1,609822556
0.855869988596615,0.556609359802775,8,1,609822556
0.328280041628314,0.723057282247312,8,1,609822556
0.150750090528446,0.163052098882154,8,1,609822556
0.914175622733066,0.920076474236688,8,1,609822556
0.189315857794806,0.136140233520548,8,1,609822556
0.632767830483109,0.580440881443699,8,1,609822556
0.0326791130493378,0.440012212333688,8,1,609822556
0.678513269449105,0.703922008925521,8,1,609822556
0.589001053920144,0.0607506314487498,8,1,609822556
0.256552881921014,0.356659315481667,8,1,609822556
0.185279404304262,0.876617370516572,8,1,609822556
0.137313125932569,0.757955926978075,8,1,609822556
0.868256185282982,0.675454753620804,8,1,609822556
0.285004501426042,0.678847368335557,8,1,609822556
0.394074561271209,0.396462665892317,8,1,609822556
0.241209406437789,0.652498784610809,8,1,609822556
0.117126378708196,0.0340602907044669,8,1,609822556
0.892778660737303,0.286846894665052,8,1,609822556
0.876622149584525,0.772122747264276,8,1,609822556
0.602066398447633,0.246057416741175,8,1,609822556
0.926423122537137,0.15117724043766,8,1,609822556
0.294679796691703,0.272075668030386,8,1,609822556
0.170495312293273,0.352524666282126,8,1,609822556
0.937115594044432,0.70866160918616,8,1,609822556
0.575350101396372,0.863218964703921,8,1,609822556
0.336889331540054,0.762478953432279,8,1,609822556
0.000300230529939327,0.744928436512882,8,1,609822556
0.848627367339299,0.723808261865524,8,1,609822556
0.146792154515611,0.0335787396297107,8,1,609822556
0.165325792359243,0.0282425812551788,8,1,609822556
0.346540155966804,0.87051048027099,8,1,609822556
0.990414279911763,0.898704187604515,8,1,609822556
0.099329754844165,0.44927699014722,8,1,609822556
0.312286927961244,0.629703880702818,8,1,609822556
0.744356640386665,0.221855638926249,8,1,609822556
0.872028835344763,0.688988747813162,8,1,609822556
0.882866752473653,0.0118447378905506,8,1,609822556
0.218183756117275,0.683804485922241,8,1,609822556
0.676996020893395,0.0773213237511072,8,1,609822556
0.984485508445227,0.249241623074073,8,1,609822556
0.214985421226671,0.491950064963186,8,1,609822556
0.0711568279587196,0.551700808654985,8,1,609822556
0.122815878668643,0.338020730997727,8,1,609822556
0.21413088163051,0.429124828920558,8,1,609822556
0.53418129410795,0.762010892421603,8,1,609822556
0.955575512128404,0.91322421931761,8,1,609822556
0.52959195413756,0.0841349038838519,8,1,609822556
0.568743015323072,0.452295637167917,8,1,609822556
0.339571451594259,0.786045066628439,8,1,609822556
0.217507020571781,0.151601257536959,8,1,609822556
0.607490596754278,0.93570353065921,8,1,609822556
0.0452344040085118,0.353427366018661,8,1,609822556
0.820978743724202,0.551432885796499,8,1,609822556
0.93982121847041,0.682314331450131,8,1,609822556
0.40505390387963,0.689015119616611,8,1,609822556
0.887499941201798,0.993360954501623,8,1,609822556
0.730175277068688,0.448657665964676,8,1,609822556
0.642184251681791,0.915544800218918,8,1,609822556
0.120494864513161,0.0953425897883813,8,1,609822556
0.448149026597428,0.60413741900045,8,1,609822556
0.305067980925133,0.371920807738656,8,1,609822556
0.933685940182981,0.658618979997351,8,1,609822556
0.91021653075138,0.456893988272524,8,1,609822556
0.043767994351473,0.764516454265681,8,1,609822556
0.278806187004555,0.257159843069591,8,1,609822556
0.913097858374418,0.582999629028423,8,1,609822556
0.984816596122249,0.176477645506931,8,1,609822556
0.479369484615801,0.563735157987857,8,1,609822556
0.131840755574657,0.113018606995888,8,1,609822556
0.00908820742224603,0.763162279162141,8,1,609822556
0.481007034507235,0.262537501423431,8,1,609822556
0.407235865759331,0.80150465973673,8,1,609822556
0.89243004474441,0.278038729936467,8,1,609822556
0.736258434320724,0.0236354273301722,8,1,609822556
0.985014579022031,0.659178839262325,8,1,609822556
0.414547512511435,0.693861140070809,8,1,609822556
0.20367696756653,0.785537165050092,8,1,609822556
0.886844399044642,0.00516488434697937,8,1,609822556
0.874594912824703,0.0788646449350281,8,1,609822556
0.212811239671806,0.320323636585342,8,1,609822556
0.31071637948342,0.856866191991776,8,1,609822556
0.120889461904188,0.625464526019169,8,1,609822556
0.301579314532467,0.663758396056818,8,1,609822556
0.395158505533876,0.0782929412467599,8,1,609822556
0.229420586918679,0.487215146531663,8,1,609822556
0.636289637130324,0.403941685579592,8,1,609822556
0.044850563425916,0.246692334715495,8,1,609822556
0.305321784136513,0.521333439512413,8,1,609822556
0.455608134546979,0.715811702520739,8,1,609822556
0.717012651664111,0.531667559060353,8,1,609822556
0.290816999939907,0.0526622917046975,8,1,609822556
0.139552797795739,0.177603628226819,8,1,609822556
0.0569770003285117,0.512858214377553,8,1,609822556
0.37889535537555,0.587086992691267,8,1,609822556
0.95821930223477,0.789711190813766,8,1,609822556
0.426312479579761,0.85281293539308,8,1,609822556
0.221238065373953,0.786117709819447,8,1,609822556
0.428603005089912,0.869439177526253,8,1,609822556
0.127386870277933,0.321360080613702,8,1,609822556
0.0657898020664973,0.336587787990018,8,1,609822556
0.853092553045858,0.562508240997885,8,1,609822556
0.88688423873969,0.0233566665703755,8,1,609822556
0.412400617306743,0.740680537045108,8,1,609822556
0.981824509080386,0.648575462173361,8,1,609822556
0.233507180642464,0.268167674328421,8,1,609822556
0.391836174098283,0.368394804468605,8,1,609822556
0.744257500235347,0.178643786071676,8,1,609822556
0.83285604381458,0.378315529681099,8,1,609822556
0.190198638855977,0.994766247528498,8,1,609822556
0.57973281606298,0.895556359492259,8,1,609822556
0.247300712132751,0.739211306656578,8,1,609822556
0.186206343124814,0.586892964191706,8,1,609822556
0.437399355250745,0.906257003326081,8,1,609822556
0.650364019390532,0.843497625385367,8,1,609822556
0.941936855950721,0.298393383764047,8,1,609822556
0.300961636727538,0.813928697244362,8,1,609822556
0.261872435189407,0.534289739622169,8,1,609822556
0.404808413152208,0.175542132243076,8,1,609822556
0.683587836274789,0.695050135544927,8,1,609822556
0.285507150534402,0.47208273430236,8,1,609822556
0.399259937946638,0.344829055346643,8,1,609822556
0.640268392604649,0.450171675171036,8,1,609822556
0.49417788482172,0.184975515975301,8,1,609822556
0.99092798595503,0.733088081698866,8,1,609822556
0.824827040033751,0.108243962378989,8,1,609822556
0.0517694509798421,0.442178070466977,8,1,609822556
0.0888310465225826,0.937464145665432,8,1,609822556
0.279794577642522,0.19860013448952,8,1,609822556
0.601943360420217,0.386213841779913,8,1,609822556
0.434745470611503,0.0655841226662002,8,1,609822556
0.917194475415488,0.882212471334227,8,1,609822556
0.81581420927563,0.142060412334455,8,1,609822556
0.865690997343082,0.581901908879738,8,1,609822556
0.518349406109683,0.74473596020849,8,1,609822556
0.574162194716811,0.133430191538833,8,1,609822556
0.636324622900715,0.475269497235447,8,1,609822556
0.505538220413858,0.084707748790315,8,1,609822556
0.866631553194034,0.387722975785644,8,1,609822556
0.0652463580355536,0.216738597818743,8,1,609822556
0.48323333397242,0.0907220684420267,8,1,609822556
0.882928375105901,0.418704832238128,8,1,609822556
0.229462196688297,0.596371071513474,8,1,609822556
0.784032458872225,0.787246179390163,8,1,609822556
0.584199543334841,0.640850371217167,8,1,609822556
0.113335579441519,0.593490040036911,8,1,609822556
0.280040248560573,0.934127147501481,8,1,609822556
0.511304297992375,0.0829772688107768,8,1,609822556
0.293266977094176,0.0355517515274375,8,1,609822556
0.983591916728534,0.539277984878394,8,1,609822556
0.918927709187906,0.0707264082603107,8,1,609822556
0.989464145098409,0.744865959663658,8,1,609822556
0.787625834938707,0.354787917751106,8,1,609822556
0.365885632084126,0.308858105746971,8,1,609822556
0.824603949999801,0.766017173622705,8,1,609822556
0.525719297878121,0.297925597186548,8,1,609822556
0.596881439878321,0.863972269834613,8,1,609822556
0.747908024192586,0.697883103595101,8,1,609822556
0.104158021079466,0.54847887415628,8,1,609822556
0.0260013537548307,0.820613071234849,8,1,609822556
0.278223270927328,0.784110188749854,8,1,609822556
0.142307073124305,0.464750163980279,8,1,609822556
0.372155415537734,0.413822875166735,8,1,609822556
0.80484405894784,0.36520870788738,8,1,609822556
0.28242020727628,0.733579189208285,8,1,609822556
0.914394306873122,0.296785015426048,8,1,609822556
0.902149466749162,0.175475656792534,8,1,609822556
0.317318215324842,0.424096413352093,8,1,609822556
0.0924186314658728,0.787953827412366,8,1,609822556
0.606329751523383,0.830510755704006,8,1,609822556
0.308915281389647,0.844614646882063,8,1,609822556
0.211479368746304,0.416928335601802,8,1,609822556
0.132449142170891,0.634710516761374,8,1,609822556
0.270737614342359,0.995180642511434,8,1,609822556
0.377031602804994,0.421838356952931,8,1,609822556
0.215366921266047,0.217651243529596,8,1,609822556
0.951747964313393,0.269158273821217,8,1,609822556
0.595515513629378,0.0915138587294768,8,1,609822556
0.801143416736728,0.629713082630037,8,1,609822556
0.911522816802982,0.31891833705446,8,1,609822556
0.743940914783455,0.387615599074886,8,1,609822556
0.620936850963479,0.802933151576812,8,1,609822556
0.190882499394097,0.326231559269516,8,1,609822556
0.977126789273521,0.0886304312180934,8,1,609822556
0.816956268927152,0.341802353308742,8,1,609822556
0.873850931185648,0.0905296041800474,8,1,609822556
0.023700233211275,0.387745310221546,8,1,609822556
0.935598551025937,0.628840347986414,8,1,609822556
0.186263441752459,0.000532604832424788,8,1,609822556
0.664742690528427,0.955196594921595,8,1,609822556
0.468978254623255,0.323040481484903,8,1,609822556
0.138915309594162,0.446222066607431,8,1,609822556
0.103853194593251,0.0397784688280103,8,1,609822556
0.510089345074887,0.982757363619684,8,1,609822556
0.788780193984153,0.963296548154707,8,1,609822556
0.0524218111826462,0.972608886742048,8,1,609822556
0.352212214191128,0.988535575432278,8,1,609822556
0.00381795587130185,0.753185376639424,8,1,609822556
0.322877432219292,0.31495281582546,8,1,609822556
0.793345080848143,0.603383855364276,8,1,609822556
0.860371383913229,0.7491557527624,8,1,609822556
0.935961830793569,0.649515263304013,8,1,609822556
0.171352937805875,0.109350527830358,8,1,609822556
0.0540601481668475,0.349828411829152,8,1,609822556
0.158330009524152,0.0637928139549384,8,1,609822556
0.777355573210297,0.44581538091701,8,1,609822556
0.761866871381237,0.420761987624399,8,1,609822556
0.268507960377415,0.608410403152317,8,1,609822556
0.965100459150372,0.820899044850906,8,1,609822556
0.266105151857547,0.606459979993896,8,1,609822556
0.035743321506978,0.303841595192559,8,1,609822556
0.437689943024582,0.479896576898758,8,1,609822556
0.776788570412112,0.926563704616256,8,1,609822556
0.165763331118688,0.357716802679073,8,1,609822556
0.126360401794355,0.240761467987594,8,1,609822556
0.173293825442122,0.637466891071319,8,1,609822556
0.310988847176718,0.717194800440442,8,1,609822556
0.422400419110847,0.956445373062055,8,1,609822556
0.202929328089975,0.319494602514705,8,1,609822556
0.116780145639997,0.347589422148848,8,1,609822556
0.0631520138745358,0.540445346488577,8,1,609822556
0.0435779915026275,0.573175628105576,8,1,609822556
0.261395122103701,0.288645058002999,8,1,609822556
0.188447668735143,0.164982646875232,8,1,609822556
0.20641082303852,0.818275630703365,8,1,609822556
0.588147284093508,0.462748139694758,8,1,609822556
0.68039605904675,0.0270200219575774,8,1,609822556
0.381023793895143,0.38279076397454,8,1,609822556
0.145671498906556,0.884026028491264,8,1,609822556
0.634377438985362,0.31463784690047,8,1,609822556
0.898284048911563,0.251315549071492,8,1,609822556
0.748078102660333,0.423743566841408,8,1,609822556
0.829651159505341,0.824811061738962,8,1,609822556
0.184499724225131,0.811421369753817,8,1,609822556
0.512246691100914,0.551632221422045,8,1,609822556
0.0158540524664568,0.245605623780375,8,1,609822556
0.788516331484156,0.296581860720846,8,1,609822556
0.336022526305759,0.258840870717731,8,1,609822556
0.525308947429998,0.420937993014881,8,1,609822556
0.168462577026611,0.659771624567709,8,1,609822556
0.819426913294685,0.709093647257775,8,1,609822556
0.319350648144922,0.874307647825748,8,1,609822556
0.543430384907948,0.688378956874999,8,1,609822556
0.212279669009718,0.10390513402349,8,1,609822556
0.915343855247319,0.671355495806657,8,1,609822556
0.337494043893418,0.355233617018758,8,1,609822556
0.135898007820392,0.841326392929791,8,1,609822556
0.630074117204851,0.636734800723821,8,1,609822556
0.633239527320886,0.761802374890042,8,1,609822556
0.855101565732396,0.607701639783049,8,1,609822556
0.359142480642705,0.120747264547527,8,1,609822556
0.0867124144544027,0.211639744451577,8,1,609822556
0.0202015829027244,0.907879174181886,8,1,609822556
0.0146422182410371,0.967066417927968,8,1,609822556
0.00824279856707477,0.20626472491846,8,1,609822556
0.691385219637728,0.271570833822977,8,1,609822556
0.152540260559953,0.367186092258657,8,1,609822556
0.977228899998764,0.820293927661565,8,1,609822556
0.858311743006485,0.338930417120003,8,1,609822556
0.904288273542449,0.141463217631699,8,1,609822556
0.0985987106518942,0.824290238693213,8,1,609822556
0.271263995219303,0.653397515736595,8,1,609822556
0.828928023814283,0.592104136450859,8,1,609822556
0.794219930000182,0.236902046653398,8,1,609822556
0.418922537878569,0.753397294760175,8,1,609822556
0.941035094141314,0.590716195687455,8,1,609822556
0.115825180945175,0.675745797046734,8,1,609822556
0.51171340881942,0.0156378719535626,8,1,609822556
0.667614250187799,0.838883817035319,8,1,609822556
0.0152925796291044,0.628488197458552,8,1,609822556
0.204715123198511,0.732574197958898,8,1,609822556
0.754534064807474,0.697008105199639,8,1,609822556
0.947741455328359,0.170975276355198,8,1,609822556
0.123591717434669,0.562068500852456,8,1,609822556
0.575332113473716,0.547983246597869,8,1,609822556
0.927448935818787,0.135908802296652,8,1,609822556
0.464671483017242,0.434637835812412,8,1,609822556
0.554327538793372,0.399291997556371,8,1,609822556
0.496602260831041,0.222254174729263,8,1,609822556
0.478708766748285,0.934285399669344,8,1,609822556
0.948459476188045,0.864758717576365,8,1,609822556
0.336921710773413,0.366474309150434,8,1,609822556
0.962969095727293,0.46085657073248,8,1,609822556
0.688538765858681,0.479480762101075,8,1,609822556
0.527743292128543,0.249036603105079,8,1,609822556
0.989643326935934,0.429608668810144,8,1,609822556
0.232177948450286,0.783569511999971,8,1,609822556
0.505298351326351,0.858746486964389,8,1,609822556
0.1791401407051,0.520445228090765,8,1,609822556
0.87047161384706,0.0521715411499373,8,1,609822556
0.567776253884765,0.868577114452458,8,1,609822556
0.682522861034936,0.211741226664752,8,1,609822556
0.315190434823387,0.681239192287897,8,1,609822556
0.834266036073631,0.357363133058876,8,1,609822556
0.14242775388667,0.0898470392481112,8,1,609822556
0.128088919077915,0.484121162826077,8,1,609822556
0.692269245583812,0.0561743015045018,8,1,609822556
0.0250525650688043,0.636132022106144,8,1,609822556
0.496499483247028,0.884684217837455,8,1,609822556
0.182285969629936,0.917685871690568,8,1,609822556
0.871124876942297,0.621190781196063,8,1,609822556
0.872690015146455,0.42225214126583,8,1,609822556
0.205909529740121,0.269456235775726,8,1,609822556
0.165369262985231,0.3177122124561,8,1,609822556
0.0268711412814255,0.216587450419023,8,1,609822556
0.367441010508049,0.230998014327167,8,1,609822556
0.917833660513474,0.0652893758863788,8,1,609822556
0.820601984665667,0.990049477463597,8,1,609822556
0.819305636684983,0.0735868354768403,8,1,609822556
0.26927247553054,0.450107242904255,8,1,609822556
