0.853005053511943,0.0314829980610771,8,1,609822556
0.615167748351865,0.222542901225795,8,1,609822556
0.25601779821209,0.165133855415898,8,1,609822556
0.447935910838165,0.0610837065463201,8,1,609822556
0.809697863309224,0.130086222152394,8,1,609822556
0.905606185866188,0.00294391458383636,8,1,609822556
0.992579815023955,0.671933361395213,8,1,609822556
0.664548134195439,0.0910492679202481,8,1,609822556
0.406857522270198,0.899745336948033,8,1,609822556
0.711240199638645,0.124041417342037,8,1,609822556
0.245808930268895,0.0295710368958171,8,1,609822556
0.0085251839489584,0.173620398315436,8,1,609822556
0.141461877390223,0.0147475810063522,8,1,609822556
0.201675026526283,0.243828966408725,8,1,609822556
0.31452718642483,0.477767139363775,8,1,609822556
0.563799966462037,0.645397411247346,8,1,609822556
0.692473458005412,0.0500085650572641,8,1,609822556
0.947874821000087,0.543983002917052,8,1,609822556
0.400523383801499,0.598676151380209,8,1,609822556
0.0355558680990811,0.605271759691944,8,1,609822556
0.0268124101725258,0.780672104403617,8,1,609822556
0.0857706802107723,0.977826652913063,8,1,609822556
0.928851429974224,0.934331271936573,8,1,609822556
0.0947903990529024,0.606674230367217,8,1,609822556
0.244620778025993,0.671040676868,8,1,609822556
0.607030980073841,0.312128489011266,8,1,609822556
0.151328692615532,0.290723406946584,8,1,609822556
0.056123574823471,0.180111829554721,8,1,609822556
0.567902966081661,0.40046047521858,8,1,609822556
0.595240977720043,0.634087797254197,8,1,609822556
0.264126988768707,0.944553758428574,8,1,609822556
0.576668535993206,0.0375839632311559,8,1,609822556
0.814442232946482,0.93575516076558,8,1,609822556
0.00654770969873053,0.540663419967389,8,1,609822556
0.597092021705638,0.510513356640867,8,1,609822556
0.432299784361559,0.462761957805675,8,1,609822556
0.525991722894936,0.357372725642301,8,1,609822556
0.526657483214027,0.991012877496467,8,1,609822556
0.485010926470663,0.792053183628159,8,1,609822556
0.620563073473908,0.655526777399541,8,1,609822556
0.37768903739334,0.673311896980183,8,1,609822556
0.676322864246226,0.946959535396614,8,1,609822556
0.555271757284061,0.476111450963072,8,1,609822556
0.859224031300433,0.0402046487879506,8,1,609822556
0.501085814709437,0.386823581261235,8,1,609822556
0.322885636635509,0.46431643604541,8,1,609822556
0.777875142912383,0.831436002806861,8,1,609822556
0.613647163787277,0.562600696640893,8,1,609822556
0.175376202028284,0.884894325415429,8,1,609822556
0.449476335030644,0.400899075837336,8,1,609822556
0.398295419339439,0.243553452609707,8,1,609822556
0.816491701705468,0.778086102192752,8,1,609822556
0.799191016127243,0.672323887135248,8,1,609822556
0.482726595297716,0.520986280301302,8,1,609822556
0.463576418655279,0.0208269570380708,8,1,609822556
0.692377747550445,0.314863800636118,8,1,609822556
0.092881304625172,0.0200142456469488,8,1,609822556
0.597111806728938,0.899879533806814,8,1,609822556
0.436958899551664,0.0226798368390462,8,1,609822556
0.243951738509053,0.464087549111396,8,1,609822556
0.844029200838215,0.229227269284102,8,1,609822556
0.530663328934906,0.620644875028933,8,1,609822556
0.0343156363846528,0.103312856197467,8,1,609822556
0.326081773750354,0.581601568208223,8,1,609822556
0.0948776655729082,0.29186578408829,8,1,609822556
0.874522018637888,0.472511707963077,8,1,609822556
0.995058007195319,0.855798811125625,8,1,609822556
0.714517458798903,0.302189462217079,8,1,609822556
0.00709592823355187,0.442265418835725,8,1,609822556
0.473552459884197,0.726280694818412,8,1,609822556
0.654568251852087,0.426173266337051,8,1,609822556
0.727777557203423,0.564494835152505,8,1,609822556
0.872497167409652,0.0835050280168348,8,1,609822556
0.357800335469159,0.714784765603225,8,1,609822556
0.495632440800701,0.155460414838046,8,1,609822556
0.35690528148782,0.985028104471692,8,1,609822556
0.575523439837104,0.615877974374738,8,1,609822556
0.354452931692041,0.599218084473605,8,1,609822556
0.9868264322012,0.358274501263548,8,1,609822556
0.711743523668114,0.642155829399241,8,1,609822556
0.0462546893116536,0.852965765690356,8,1,609822556
0.0917736979596955,0.706695440576137,8,1,609822556
0.590092445290415,0.818437605762935,8,1,609822556
0.144706743784938,0.358252794448832,8,1,609822556
0.663868556992639,0.637303337024129,8,1,609822556
0.688825898705107,0.641802123900072,8,1,609822556
0.840146798196766,0.379792443502195,8,1,609822556
0.727924258224903,0.992853555390275,8,1,609822556
0.645938318511525,0.74657355453505,8,1,609822556
0.153047884362608,0.630277910278783,8,1,609822556
0.461985572156172,0.243025999206589,8,1,609822556
0.484572812313635,0.646528222224149,8,1,609822556
0.455940944289006,0.036810005802125,8,1,609822556
0.81018336566845,0.721673936853113,8,1,609822556
0.27251445383759,0.967925316403022,8,1,609822556
0.881015401410419,0.870199462917253,8,1,609822556
0.9603747023512,0.583559996936746,8,1,609822556
0.155507147342286,0.94700848818573,8,1,609822556
0.949425516519613,0.400458396878426,8,1,609822556
0.709291902844956,0.788083637876806,8,1,609822556
0.895873018338115,0.948210924488703,8,1,609822556
0.664264354468967,0.675502016633728,8,1,609822556
0.162005114774524,0.732818850464422,8,1,609822556
0.722679153513115,0.913883625292226,8,1,609822556
0.609344819915973,0.295057159859825,8,1,609822556
0.556607810719338,0.461181081812354,8,1,609822556
0.736622881939332,0.156455691495449,8,1,609822556
0.806550463132164,0.152268449446448,8,1,609822556
0.526406630152824,0.465118079488096,8,1,609822556
0.65259136481903,0.453734982537793,8,1,609822556
0.0838435163306643,0.653708921967992,8,1,609822556
0.127301848856994,0.565388332262636,8,1,609822556
0.327369878726206,0.902202704403472,8,1,609822556
0.43773361473094,0.971055490675935,8,1,609822556
0.603109818584571,0.443969065731342,8,1,609822556
0.437165579006136,0.00328496836634873,8,1,609822556
0.362763797841581,0.792345220521165,8,1,609822556
0.740014272311138,0.760074844489597,8,1,609822556
0.809477410524044,0.500051162130504,8,1,609822556
0.0657027606939593,0.558059561014859,8,1,609822556
0.250335927234527,0.736742629137186,8,1,609822556
0.189817089579074,0.715392637736514,8,1,609822556
0.184123556802445,0.390736817660153,8,1,609822556
0.924428077075858,0.957559934441526,8,1,609822556
0.238498790201496,0.476921154573239,8,1,609822556
0.52325970409646,0.716704583974611,8,1,609822556
0.987606741948432,0.0204172632969291,8,1,609822556
0.52431095022953,0.349814656729216,8,1,609822556
0.671976584733856,0.665071987328506,8,1,609822556
0.257420384458237,0.637401643186716,9,1,894536726
0.816047903176999,0.289189578464087,9,1,894536726
0.967560201093238,0.570651439177295,9,1,894536726
0.832972434119167,0.531560610285142,9,1,894536726
0.645394564174154,0.357056301525711,9,1,894536726
0.886883916963396,0.710098836987663,9,1,894536726
0.756260619059263,0.524990251344716,9,1,894536726
0.367857030801601,0.562533663503624,9,1,894536726
0.832210416154444,0.312501614211365,9,1,894536726
0.936237334498004,0.519108777997088,9,1,894536726
0.0385831609951701,0.227361547343481,9,1,894536726
0.944021755710992,0.278138169551672,9,1,894536726
0.847043445076207,0.0166670027264022,9,1,894536726
0.533363239569734,0.573546730133956,9,1,894536726
0.540708043219782,0.741852966358821,9,1,894536726
0.181330180759592,0.427490818949215,9,1,894536726
0.766804229012108,0.463956918691195,9,1,894536726
0.418118870123502,0.977059618284728,9,1,894536726
0.165166937975958,0.0598483266524028,9,1,894536726
0.412397631504805,0.691487385145066,9,1,894536726
0.486021271692839,0.579839889757808,9,1,894536726
0.461023690535609,0.462134970157882,9,1,894536726
0.0099214831295944,0.733731656708198,9,1,894536726
0.150265217419504,0.609808935898923,9,1,894536726
0.644205593150861,0.732985826185545,9,1,894536726
0.502857256511378,0.159617788204685,9,1,894536726
0.0514849292597672,0.164427300553499,9,1,894536726
0.220330375328483,0.466175185698281,9,1,894536726
0.514148363352073,0.87716142566816,9,1,894536726
0.524607203427983,0.431082250567525,9,1,894536726
0.987535623471385,0.569159911622551,9,1,894536726
0.864954604270147,0.957864013336073,9,1,894536726
0.585469659145059,0.00760057872141573,9,1,894536726
0.00465128349652399,0.601810773900476,9,1,894536726
0.958183748221905,0.903538324573033,9,1,894536726
0.716930811554981,0.54784084986422,9,1,894536726
0.20544441022625,0.093794902761265,9,1,894536726
0.257031783981128,0.44850101340378,9,1,894536726
0.0740144004916257,0.692997001445451,9,1,894536726
0.117233557083052,0.379961743991234,9,1,894536726
0.59523271783841,0.492058692133915,9,1,894536726
0.0746549484408865,0.0322235138476676,9,1,894536726
0.908510431221868,0.819594920644269,9,1,894536726
0.06487252477719,0.135496066513806,9,1,894536726
0.22034203709123,0.627760658368484,9,1,894536726
0.874132035996626,0.730543453172759,9,1,894536726
0.781567512918024,0.952137342715853,9,1,894536726
0.835588985226347,0.651948691164781,9,1,894536726
0.335531577351511,0.742725587650947,9,1,894536726
0.314322755917592,0.313619569090468,9,1,894536726
0.138904388631865,0.596000864177956,9,1,894536726
0.936143752135033,0.171928557416478,9,1,894536726
0.312692732732293,0.421205764506518,9,1,894536726
0.50025676916087,0.569177389720648,9,1,894536726
0.442587144626855,0.621829877296784,9,1,894536726
0.580888875388833,0.961460701299295,9,1,894536726
0.0936390377613501,0.621318010898824,9,1,894536726
0.874512094232611,0.289448420752406,9,1,894536726
0.708023039578839,0.722449423299462,9,1,894536726
0.914546336179898,0.767783704574538,9,1,894536726
0.808508586483241,0.174232351221746,9,1,894536726
0.541489936325458,0.763589796957174,9,1,894536726
0.85589431696881,0.82446024710944,9,1,894536726
0.931152067994756,0.875848611406825,9,1,894536726
0.872790317337082,0.43366690350161,9,1,894536726
0.710278288260629,0.593650521274633,9,1,894536726
0.995865221831545,0.499685244274498,9,1,894536726
0.232820004413142,0.731954245451824,9,1,894536726
0.63858632493893,0.723157701189415,9,1,894536726
0.174720324962215,0.864790953699015,9,1,894536726
0.809109809039922,0.12850845010622,9,1,894536726
0.16758714003414,0.449431838294077,9,1,894536726
0.789853463155909,0.24682416466721,9,1,894536726
0.530454364877028,0.810213678907581,9,1,894536726
0.616051500561293,0.427681670988251,9,1,894536726
0.189482581855372,0.0250963197716516,9,1,894536726
0.198795613597447,0.272324000002058,9,1,894536726
0.095983230394463,0.476636302277826,9,1,894536726
0.222111817444548,0.232801806075664,9,1,894536726
0.349370312553529,0.55241577375735,9,1,894536726
0.316524068258842,0.21600186122014,9,1,894536726
0.0268915500076468,0.935580877481371,9,1,894536726
0.656327692302304,0.151873174471723,9,1,894536726
0.743190833907772,0.56769532716809,9,1,894536726
0.890062165130041,0.0848567248471075,9,1,894536726
0.0474596034191062,0.00887320307650752,9,1,894536726
0.287114672217736,0.0247655499045671,9,1,894536726
0.757803927182756,0.230647915572019,9,1,894536726
0.861312215770425,0.0471051927334252,9,1,894536726
0.103259684175319,0.504143699794323,9,1,894536726
0.732420819970852,0.689253190714337,9,1,894536726
0.482324890499226,0.552508561439926,9,1,894536726
0.194040789625489,0.325854476670045,9,1,894536726
0.812192120492613,0.274467826713226,9,1,894536726
0.087241329502401,0.151262031013158,9,1,894536726
0.0427597306633318,0.653853353011908,9,1,894536726
0.429138187591245,0.0793686705966099,9,1,894536726
0.546137865040452,0.142120769322584,9,1,894536726
0.0384318855742709,0.959870569480735,9,1,894536726
0.693550550047327,0.740330904662437,9,1,894536726
0.50253177014646,0.186675977106513,9,1,894536726
0.803719211828558,0.118958473023277,9,1,894536726
0.476132182237219,0.585718453772241,9,1,894536726
0.258132640186089,0.0838673376745782,9,1,894536726
0.198424868118815,0.163456272657176,9,1,894536726
0.401267136335466,0.97969340750348,9,1,894536726
0.127853486097211,0.153196843995118,9,1,894536726
0.0471205083224548,0.720791989922466,9,1,894536726
0.599168303449744,0.852067370326491,9,1,894536726
0.594273495042464,0.342756549057637,9,1,894536726
0.256795668649617,0.508751123005239,9,1,894536726
0.824183173428725,0.25542102046462,9,1,894536726
0.0584714131381581,0.1311027421478,9,1,894536726
0.899435133157046,0.348445248671173,9,1,894536726
0.547140870528497,0.252863389842474,9,1,894536726
0.632791337271226,0.50411471234269,9,1,894536726
0.953285714012833,0.44746375181449,9,1,894536726
0.55615659910331,0.713798472838413,9,1,894536726
0.439681648316567,0.0698896777557851,9,1,894536726
0.984585937804325,0.0336377376142232,9,1,894536726
0.367782103596336,0.529692227922624,9,1,894536726
0.208568137878213,0.704291738315264,9,1,894536726
0.168859096706207,0.347894855385406,9,1,894536726
0.596568110041568,0.22290700248254,9,1,894536726
0.0852285602524825,0.532522358771527,9,1,894536726
0.78486955037086,0.718668394413031,9,1,894536726
0.404871210721351,0.466954692284257,9,1,894536726
0.85105194520708,0.556831221943007,9,1,894536726
0.330093364996265,0.858834912712132,9,1,894536726
0.459743227660361,0.603932683355182,9,1,894536726
0.0430342514183373,0.507800889811175,9,1,894536726
0.123384738498334,0.177511674043055,9,1,894536726
0.0618120577096326,0.457719397998662,9,1,894536726
0.42481505091506,0.583309132596199,9,1,894536726
0.00405709386557884,0.957763198221612,9,1,894536726
0.254867512595164,0.0578515038298013,9,1,894536726
0.944349938686351,0.0161287534738825,9,1,894536726
0.62836783980588,0.774397039926019,9,1,894536726
0.0393363234721216,0.950351522659038,9,1,894536726
0.457559205401262,0.248724533188538,9,1,894536726
0.963115388248265,0.941187836626521,9,1,894536726
0.121754518925374,0.198893316158573,9,1,894536726
0.136787986713114,0.390600022494268,9,1,894536726
0.458225809603938,0.959916392633727,9,1,894536726
0.427858709526562,0.733479304100122,9,1,894536726
0.0945617242960788,0.90307922060913,9,1,894536726
0.00990724472569138,0.674926959545932,9,1,894536726
0.320626918389506,0.11296772113036,9,1,894536726
0.62588817973927,0.331542764974658,9,1,894536726
0.611928329890339,0.635381751341944,9,1,894536726
0.465762776841978,0.782723159099162,9,1,894536726
0.60282928398229,0.988967383348659,9,1,894536726
0.165300636251485,0.860430110686677,9,1,894536726
0.654364664761934,0.699149671169895,9,1,894536726
0.310955477465206,0.921087989288002,9,1,894536726
0.549136705213924,0.289045421869893,9,1,894536726
0.16251568541282,0.325770739389714,9,1,894536726
0.0882227295594724,0.379586837778918,9,1,894536726
0.906962029521546,0.764733051854487,9,1,894536726
0.982560478998633,0.731853069452048,9,1,894536726
0.0640827868711331,0.45746894778612,9,1,894536726
0.867086366225083,0.823956122428629,9,1,894536726
0.574709309023393,0.643389309766164,9,1,894536726
0.793402033095854,0.881750090767529,9,1,894536726
0.239680195786884,0.149963736471942,9,1,894536726
0.608380021473711,0.173574281235425,9,1,894536726
0.90171222033969,0.17164337115299,9,1,894536726
0.815675718005574,0.188319751207796,9,1,894536726
0.121067066494533,0.85224836832986,9,1,894536726
0.648621500967582,0.301596541778945,9,1,894536726
0.0185726689306076,0.146243039784326,9,1,894536726
0.917046704245919,0.13681983509165,9,1,894536726
0.709209017229383,0.195575046153317,9,1,894536726
0.97798399414586,0.472268634677503,9,1,894536726
0.214435818986157,0.743240227089507,9,1,894536726
0.799720535327654,0.89617236577536,9,1,894536726
0.322837634998234,0.891255536583858,9,1,894536726
0.485241904160986,0.816931380191018,9,1,894536726
0.870007363960498,0.387785451971245,9,1,894536726
0.0514096449039112,0.274572251716414,9,1,894536726
0.953352107301948,0.411483880172259,9,1,894536726
0.413930559304538,0.82551172374139,9,1,894536726
0.77189156757198,0.955999027316093,9,1,894536726
0.258809248720727,0.319133254712106,9,1,894536726
0.794186054632033,0.966510803179987,9,1,894536726
0.185334736907127,0.166529154793826,9,1,894536726
0.766265752255844,0.488630244398191,9,1,894536726
0.608326536192376,0.834884597724764,9,1,894536726
0.217323248018495,0.677432576751089,9,1,894536726
0.982920129516138,0.510842914368091,9,1,894536726
0.609017962441384,0.899476003885007,9,1,894536726
0.609230822852753,0.564911133093541,9,1,894536726
0.301622791962789,0.222536285786283,9,1,894536726
0.693765699316506,0.72060310542073,9,1,894536726
0.996483939326827,0.490668584615149,9,1,894536726
0.898831815312035,0.389964506498905,9,1,894536726
0.582408046776798,0.582112918303185,9,1,894536726
0.725110587382627,0.651004334175018,9,1,894536726
0.685723278747748,0.263238937306617,9,1,894536726
0.171527047333308,0.67742855027878,9,1,894536726
0.847828337135572,0.723082317689027,9,1,894536726
0.0319859208885473,0.524216259649263,9,1,894536726
0.186627491766448,0.0742759824496668,9,1,894536726
0.425060224219175,0.431103492062779,9,1,894536726
0.224156161388154,0.114132313938128,9,1,894536726
0.490966416766992,0.556359514166254,9,1,894536726
0.566175000435318,0.25894002121329,9,1,894536726
0.554399807736444,0.259117857976313,9,1,894536726
0.574182556996085,0.672677943354123,9,1,894536726
0.412678816850266,0.588329775151686,9,1,894536726
0.51526272286193,0.703962796901259,9,1,894536726
0.274983395366603,0.163326744569818,9,1,894536726
0.510302603306937,0.492094639952919,9,1,894536726
0.0418321431527566,0.0175929076215768,9,1,894536726
0.92581427897547,0.422732339544566,9,1,894536726
0.20269755824404,0.147831302015454,9,1,894536726
0.515284578523321,0.20070420647551,9,1,894536726
0.143307331720811,0.208084262634235,9,1,894536726
0.182898253148388,0.798110287126455,9,1,894536726
0.801668238288607,0.795382028453094,9,1,894536726
0.00568707267295387,0.0163903334306115,9,1,894536726
0.875317069656994,0.205736962515667,9,1,894536726
0.734655848632051,0.817718056310244,9,1,894536726
0.131890763909814,0.213518859049756,9,1,894536726
0.523143902751051,0.307937147559017,9,1,894536726
0.838223136057066,0.303883941487362,9,1,894536726
0.270387680658666,0.661254946790234,9,1,894536726
0.178088390719167,0.757630076028204,9,1,894536726
0.415839391042475,0.732687841140548,9,1,894536726
0.906770659548259,0.789276986048487,9,1,894536726
0.430723854298014,0.660891206345416,9,1,894536726
0.875906511865012,0.810626419569951,9,1,894536726
0.860351011625354,0.224169879437102,9,1,894536726
0.447316025053907,0.139155261149966,9,1,894536726
0.216113409134052,0.729222462903677,9,1,894536726
0.646608012154764,0.796478568460961,9,1,894536726
0.992001337543814,0.615643496261115,9,1,894536726
0.0148190446934997,0.0260888352393263,9,1,894536726
0.545798632708521,0.500887253717536,9,1,894536726
0.425695998322515,0.540323047876708,9,1,894536726
0.137066125574354,0.719266221406369,9,1,894536726
0.439358248154997,0.332620108697755,9,1,894536726
0.0488917166120846,0.963045752610394,9,1,894536726
0.28694153988805,0.943364576829133,9,1,894536726
0.662482933031813,0.158117062174747,9,1,894536726
0.215034050442881,0.0127667498039901,9,1,894536726
0.487778481495684,0.348905553839922,9,1,894536726
0.24880374874731,0.999295771635514,9,1,894536726
0.172359762352959,0.68700529385836,9,1,894536726
0.76381327977631,0.412984842596579,9,1,894536726
0.894577927780393,0.665614867236384,9,1,894536726
0.941537113299928,0.0526806657660652,9,1,894536726
0.987734224082615,0.0411106687463318,9,1,894536726
0.941744537408311,0.64730417152675,9,1,894536726
0.941230843815367,0.592326140046143,9,1,894536726
0.470639445632113,0.456515085303704,9,1,894536726
0.446213018722512,0.688302067770453,9,1,894536726
0.198812137755379,0.035544565072023,9,1,894536726
0.817314660117478,0.639625284592037,9,1,894536726
0.0802098150063388,0.850454501710329,9,1,894536726
0.322591893444667,0.436112390284842,9,1,894536726
0.205192938020135,0.136163136224632,9,1,894536726
0.653206421983681,0.156607508963559,9,1,894536726
0.745966530241698,0.227403593983306,9,1,894536726
0.0272507615196025,0.803154052912114,9,1,894536726
0.577616892018549,0.72947845490059,9,1,894536726
0.540465292141781,0.441877227443112,9,1,894536726
0.506153057275637,0.418553075984038,9,1,894536726
0.732801339124916,0.294835933763677,9,1,894536726
0.308518627538257,0.0276717544507481,9,1,894536726
0.544105905099151,0.0611935802053711,9,1,894536726
0.759431414169934,0.528082830355101,9,1,894536726
0.63167514306847,0.562768512115067,9,1,894536726
0.508544353127802,0.328766399538575,9,1,894536726
0.113812280007064,0.650172039589836,9,1,894536726
0.830830479334797,0.979607508462067,9,1,894536726
0.835140722529874,0.578237524447714,9,1,894536726
0.490086774418847,0.360463323928648,9,1,894536726
0.767976289571628,0.644313274474727,9,1,894536726
0.259725875671979,0.490867168868951,9,1,894536726
0.618970009792698,0.988998742825034,9,1,894536726
0.962279065376139,0.746915175658445,9,1,894536726
0.460784024672176,0.582018966232914,9,1,894536726
0.321359881991479,0.920272026902139,9,1,894536726
0.961599436013508,0.556275696286701,9,1,894536726
0.50195259520779,0.850004046708006,9,1,894536726
0.528833191385325,0.626184339265056,9,1,894536726
0.173336835603754,0.895696942876099,9,1,894536726
0.792669322555718,0.475321030894455,9,1,894536726
0.505219100443509,0.559501110044028,9,1,894536726
0.748509629911271,0.20039759623963,9,1,894536726
0.696301853996031,0.736526737277906,9,1,894536726
0.0742446224518667,0.244300809314371,9,1,894536726
0.0433832658994664,0.688851419860005,9,1,894536726
0.899288047668163,0.97726355750755,9,1,894536726
0.238191027351358,0.0968868545892319,9,1,894536726
0.060245334750658,0.982757098113026,9,1,894536726
0.628281298742131,0.591354407929599,9,1,894536726
0.819264376220341,0.542626858634924,9,1,894536726
0.679466783683761,0.301529827791257,9,1,894536726
0.133081817366135,0.904479469164107,9,1,894536726
0.591134970577104,0.615881893673857,9,1,894536726
0.459415882030314,0.238376725846032,9,1,894536726
0.366915681704576,0.792612480223836,9,1,894536726
0.126969775651049,0.213310619498106,9,1,894536726
0.0479754865553099,0.0284852528418371,9,1,894536726
0.695397205177422,0.199575168025214,9,1,894536726
0.371734833640117,0.55588767806879,9,1,894536726
0.212388368286941,0.897481007125028,9,1,894536726
0.200728747213783,0.112753622460597,9,1,894536726
0.228290314817324,0.815896050310926,9,1,894536726
0.690042116850677,0.902273014776783,9,1,894536726
0.223624569808415,0.691222055232023,9,1,894536726
0.167426931658498,0.904434512766357,9,1,894536726
0.591023908895514,0.289354420839223,9,1,894536726
0.50500372540495,0.358288055936265,9,1,894536726
0.382650369051645,0.081854361771087,9,1,894536726
0.582333133402116,0.950948172012231,9,1,894536726
0.588244221696666,0.415509449130815,9,1,894536726
0.277122481390735,0.879320908192089,9,1,894536726
0.175224222673845,0.884133261107682,9,1,894536726
0.730146817472308,0.924634054711127,9,1,894536726
0.483085405093461,0.222311611732142,9,1,894536726
0.171910979527481,0.106015212257794,9,1,894536726
0.903563674701825,0.273467226785682,9,1,894536726
0.494787602259728,0.118899792196133,9,1,894536726
0.374047334334461,0.455793818733855,9,1,894536726
0.96345031398455,0.405818579445537,9,1,894536726
0.0144833139013674,0.151951432366091,9,1,894536726
0.986511756097219,0.042441469498149,9,1,894536726
0.538476058956429,0.935005614351609,9,1,894536726
0.404023235787425,0.716441499950999,9,1,894536726
0.445736394086997,0.247753403423556,9,1,894536726
0.114840438262641,0.807214189488163,9,1,894536726
0.142564234422253,0.0156011636382054,9,1,894536726
0.130392518828211,0.69706869390505,9,1,894536726
0.72513938866537,0.149255667346124,9,1,894536726
0.135575177228833,0.667255696850926,9,1,894536726
0.681270550327976,0.0561461077082841,9,1,894536726
0.716028673968597,0.286622295278206,9,1,894536726
0.401049877541003,0.108794204496586,9,1,894536726
0.0850969441352638,0.196128150327877,9,1,894536726
0.581324626172313,0.550786822337044,9,1,894536726
0.922173915239686,0.0999763408290981,9,1,894536726
0.22509228860226,0.505476979303774,9,1,894536726
0.413727290030834,0.0259884497211145,9,1,894536726
0.339652462362783,0.730992608976945,9,1,894536726
0.237803638053542,0.496524748919073,9,1,894536726
0.986591275362366,0.476678300134109,9,1,894536726
0.435685497498536,0.9242027964747,9,1,894536726
0.578841994736353,0.0638267316416137,9,1,894536726
0.624483931845541,0.51136256941562,9,1,894536726
0.953687677784529,0.901386377744039,9,1,894536726
0.182536959556987,0.20577446014216,9,1,894536726
0.715952810933332,0.126964684588857,9,1,894536726
0.474674107659283,0.620200539917728,9,1,894536726
0.650443526813308,0.972448844094745,9,1,894536726
0.276307595813109,0.323949708124069,9,1,894536726
0.874652215408531,0.26322113240449,9,1,894536726
0.91680980525351,0.905426005614874,9,1,894536726
0.132945670303952,0.743762655921669,9,1,894536726
0.0524126973405856,0.701812451558384,9,1,894536726
0.64061498260829,0.707268278590202,9,1,894536726
0.510252918384908,0.631526051607229,9,1,894536726
0.848995054328399,0.830768532038244,9,1,894536726
0.150144606301896,0.983644325787085,9,1,894536726
0.236068801681446,0.413046150394237,9,1,894536726
0.175098862554094,0.921813955612692,9,1,894536726
0.721778458459735,0.783470412126324,9,1,894536726
0.379195002924659,0.760000598678886,9,1,894536726
0.677186253421351,0.740618047367193,9,1,894536726
0.0165836960289374,0.601710884465768,9,1,894536726
0.706049995083008,0.493325385212817,9,1,894536726
0.182054951849353,0.277499173237151,9,1,894536726
0.786058246555577,0.979876471240338,9,1,894536726
0.536116878247418,0.290173609622503,9,1,894536726
0.927159481062454,0.087679826452832,9,1,894536726
0.0968063085943065,0.0804850341420211,9,1,894536726
0.897629143844678,0.876914519248292,9,1,894536726
0.484027244863751,0.121930847159781,9,1,894536726
0.638902517572126,0.700853409201186,9,1,894536726
0.520157802069211,0.209775282496135,9,1,894536726
0.0691828406078889,0.0250021441636337,9,1,894536726
0.773128537669694,0.272290487068391,9,1,894536726
0.0116572995902113,0.577357227284987,9,1,894536726
0.232627317917786,0.988332776770382,9,1,894536726
0.313641196684805,0.619625533761118,9,1,894536726
0.57097470619715,0.938532581250771,9,1,894536726
0.0992472310112653,0.3372985971189,9,1,894536726
0.692750955322874,0.218076051758375,9,1,894536726
0.050690587246824,0.598821616975097,9,1,894536726
0.431427815274508,0.265803294063524,9,1,894536726
0.518868068270203,0.766375813455621,9,1,894536726
0.50100945847654,0.70685099654361,9,1,894536726
0.867384721740879,0.270389021921537,9,1,894536726
0.664836868339864,0.125190942443537,9,1,894536726
0.277006918803082,0.912394226104194,9,1,894536726
0.309774354344626,0.860241558941988,9,1,894536726
0.187314636501956,0.040867996980654,9,1,894536726
0.326692262294205,0.053177688196004,9,1,894536726
0.162704564599219,0.657746530536476,9,1,894536726
0.407017087631881,0.744703883372615,9,1,894536726
0.987948583595227,0.185737069885623,9,1,894536726
0.035944145650362,0.951000885362475,9,1,894536726
0.653089288754118,0.115601139740213,9,1,894536726
0.904758626212414,0.409720831477753,9,1,894536726
0.804372949942486,0.497291943850056,9,1,894536726
0.2005968719451,0.423539750306863,9,1,894536726
0.903878541454451,0.414795050543894,9,1,894536726
0.399247960805166,0.100725679888289,9,1,894536726
0.97968645299809,0.247523948086014,9,1,894536726
0.775669285487493,0.0748206789577592,9,1,894536726
0.406385074620107,0.693365433205635,9,1,894536726
0.745927374278837,0.98069879096854,9,1,894536726
0.887140210189983,0.0611137714883494,9,1,894536726
0.696163444439374,0.719970904678153,9,1,894536726
0.89076038482368,0.972307926744468,9,1,894536726
0.727442422649408,0.633075219812636,9,1,894536726
0.460705007562512,0.500677903916958,9,1,894536726
0.380806217597604,0.542140017361489,9,1,894536726
0.723917635335482,0.228059474240057,9,1,894536726
0.589120094926431,0.643058618396296,9,1,894536726
0.437913912361797,0.484833244576034,9,1,894536726
0.898417585951364,0.456461777924997,9,1,894536726
0.513862194416584,0.336874206490352,9,1,894536726
0.791836671912322,0.0878583611902926,9,1,894536726
0.736274691088578,0.745822927496129,9,1,894536726
0.729436078895267,0.856817882855127,9,1,894536726
0.567059627165937,0.240009253715644,9,1,894536726
0.00968146773834544,0.677015069320177,9,1,894536726
0.914863315098254,0.115169281835163,9,1,894536726
0.740315704395893,0.945753030940614,9,1,894536726
0.0138523612704944,0.32452820471869,9,1,894536726
0.608051655035152,0.625415053726135,9,1,894536726
0.874633553313303,0.668055507883124,9,1,894536726
0.94763159419445,0.372004315017829,9,1,894536726
0.394797810430665,0.642420104364885,9,1,894536726
0.862585149379764,0.626528596770472,9,1,894536726
0.105724182242255,0.772226779791931,9,1,894536726
0.920849366409717,0.145842387424189,9,1,894536726
0.700549183838967,0.29244834846576,9,1,894536726
0.476211003277152,0.389951047049009,9,1,894536726
0.871103294953143,0.916900812008998,9,1,894536726
0.606308247478014,0.907226359502202,9,1,894536726
0.223928495440174,0.161050342697004,9,1,894536726
0.390735538388134,0.0387280198762103,9,1,894536726
0.261603156978511,0.619070744223325,9,1,894536726
0.918397331467817,0.745560578962421,9,1,894536726
0.0748125290493489,0.832743313075281,9,1,894536726
0.802626961629135,0.857665155558746,9,1,894536726
0.766451769371294,0.524060642599373,9,1,894536726
0.534516241838346,0.230544546848719,9,1,894536726
0.489539512294036,0.124476648513966,9,1,894536726
0.556378383190391,0.0481470645881663,9,1,894536726
0.173696738953168,0.0994636110626983,9,1,894536726
0.702609192729584,0.144571407207799,9,1,894536726
0.504125807899637,0.854516081212316,9,1,894536726
0.27050275725956,0.510888640754245,9,1,894536726
0.628573764936613,0.977487410836655,9,1,894536726
0.402957943727692,0.479341502275412,9,1,894536726
0.818920798930338,0.0420939861941916,9,1,894536726
0.712447890908356,0.505191812715282,9,1,894536726
0.593933830680271,0.595395637239691,9,1,894536726
0.149767226717116,0.0870612023433264,9,1,894536726
0.929722012289134,0.433571875719704,9,1,894536726
0.24468065930672,0.499122810831605,9,1,894536726
0.534723796738907,0.545617673019094,9,1,894536726
0.890496303195116,0.919108986222323,9,1,894536726
0.584138125566056,0.0151475200648692,9,1,894536726
0.570471050986643,0.437624974878159,9,1,894536726
0.842592955229062,0.244227213124498,9,1,894536726
0.0136312000088172,0.847242916689897,9,1,894536726
0.952155591855553,0.87035442572198,9,1,894536726
0.0788883371513935,0.507255505333674,9,1,894536726
0.529304858880454,0.0601249498115815,9,1,894536726
0.772062510119672,0.937127880528558,9,1,894536726
0.917447344676245,0.0664225927557314,9,1,894536726
0.978847824990817,0.45065866413591,9,1,894536726
0.963771968278694,0.200655671702135,9,1,894536726
0.355437269978711,0.777728111609801,9,1,894536726
0.330867503524793,0.968979525553915,9,1,894536726
0.0137709266773784,0.0987138710969855,9,1,894536726
0.806098439353002,0.91780724198213,9,1,894536726
0.650926462184445,0.609762324671334,9,1,894536726
0.321923241636226,0.470678652353096,9,1,894536726
0.292136090267014,0.515992896925925,9,1,894536726
0.649449058842843,0.0590904462991775,9,1,894536726
0.622517508252347,0.312023318092175,9,1,894536726
0.100410200252064,0.436633817969915,9,1,894536726
0.945690926571051,0.712806655362935,9,1,894536726
0.556102088834233,0.240091422774326,9,1,894536726
0.851534705232348,0.0346949020727214,9,1,894536726
0.610190220362329,0.421589480655258,9,1,894536726
0.848064258216414,0.0408793843132056,9,1,894536726
0.737426449814116,0.108730064279441,9,1,894536726
0.479216448650988,0.0688086747215746,9,1,894536726
0.953086917554679,0.36870031840199,9,1,894536726
0.201987379702832,0.86118741554582,9,1,894536726
0.305501730487183,0.672414210877874,9,1,894536726
0.33076877872246,0.613874452456987,9,1,894536726
0.163280852140029,0.793780159215022,9,1,894536726
0.707875773791765,0.645879649391086,9,1,894536726
0.737547776455327,0.032349123656422,9,1,894536726
0.647560579670023,0.072693779400073,9,1,894536726
0.762135144799188,0.546426680327914,9,1,894536726
0.534140188436011,0.403177178794361,9,1,894536726
0.829935249906367,0.75399765519776,9,1,894536726
0.373975866340763,0.109375613437732,9,1,894536726
0.942753260739818,0.495343492448992,9,1,894536726
0.781761972944157,0.591223328413742,9,1,894536726
0.2727237952507,0.112177116367991,9,1,894536726
0.191045400171383,0.792626145454363,9,1,894536726
0.99699442644751,0.137446577970807,9,1,894536726
0.474609056431162,0.414374905347639,9,1,894536726
0.549616887993595,0.145815041270512,9,1,894536726
0.275825655942958,0.696002342201943,9,1,894536726
0.00118669720440612,0.993012206946028,9,1,894536726
0.1023433395144,0.963487373090867,9,1,894536726
0.115608735036744,0.868343261831647,9,1,894536726
0.784559348650052,0.947034513608295,9,1,894536726
0.388470151084863,0.684799280519415,9,1,894536726
0.24111358687982,0.608049822521362,9,1,894536726
0.583279686523549,0.31043811919736,9,1,894536726
0.898401515296454,0.344674080812823,9,1,894536726
0.545817580337326,0.591695808375191,9,1,894536726
0.106007025318269,0.418714484716879,9,1,894536726
0.528151754255902,0.224949016347015,9,1,894536726
0.793445386546176,0.961175307298065,9,1,894536726
0.941060881703883,0.528428088333968,9,1,894536726
0.639200072337468,0.871862519146388,9,1,894536726
0.57674921073259,0.364992175659501,9,1,894536726
0.866143642325225,0.231766140726453,9,1,894536726
0.952120886133644,0.517440100228022,9,1,894536726
0.62208855226931,0.555549424176006,9,1,894536726
0.896413446562359,0.0660364603680832,9,1,894536726
0.87215451839467,0.894831396051305,9,1,894536726
0.639809348283255,0.391628165919755,9,1,894536726
0.625164420353393,0.855731082450576,9,1,894536726
0.891434907293609,0.0239406868324283,9,1,894536726
0.709738235575352,0.977331014933857,9,1,894536726
0.187075015995461,0.0255242658271104,9,1,894536726
0.12368076909358,0.12710180059247,9,1,894536726
0.809797643133977,0.324383519649147,9,1,894536726
0.424504112992813,0.788937235110685,9,1,894536726
0.174546622704588,0.202152272751359,9,1,894536726
0.971969676223598,0.587946844667923,9,1,894536726
0.799506596851284,0.402921858954485,9,1,894536726
0.519011231846763,0.88630483597613,9,1,894536726
0.302263902823182,0.451779068116861,9,1,894536726
0.915474403836224,0.000213566879067706,9,1,894536726
0.644403521032219,0.639132538108182,9,1,894536726
0.910600413426145,0.158315180321947,9,1,894536726
0.575762942493064,0.0669804422326923,9,1,894536726
0.520804359139427,0.0732944036435965,9,1,894536726
0.569508752752726,0.630544722015364,9,1,894536726
0.53225248554788,0.038867459687504,9,1,894536726
0.569426186525444,0.448092413378549,9,1,894536726
0.990083003303807,0.158107285194913,9,1,894536726
0.246727023774949,0.64685814255178,9,1,894536726
0.964307717877623,0.30310482141651,9,1,894536726
0.168205001836004,0.158405058939895,9,1,894536726
0.660050320713582,0.807067036075911,9,1,894536726
0.906339174243941,0.145155824748381,9,1,894536726
0.912046145939921,0.570940586360709,9,1,894536726
0.618910423631386,0.978139965576602,9,1,894536726
0.59862348542588,0.425035704958677,9,1,894536726
0.267682907766293,0.900646695949556,9,1,894536726
0.702954587645886,0.0421511336218408,9,1,894536726
0.5650610744028,0.0477280804347082,9,1,894536726
0.044981895315888,0.0600378973212337,9,1,894536726
0.0266746515280385,0.877857047512959,9,1,894536726
0.91896591108322,0.729708939196401,9,1,894536726
0.82232223306186,0.386550541841497,9,1,894536726
0.381334263790706,0.873026435595399,9,1,894536726
0.660117932663116,0.791541069658671,9,1,894536726
0.508096336232574,0.869625464880867,9,1,894536726
0.729850542428283,0.570352625933856,9,1,894536726
0.261650014534651,0.602069866792451,9,1,894536726
0.564513148330671,0.869262337681455,9,1,894536726
0.474848091782755,0.636169318024172,9,1,894536726
0.486919169881714,0.312509189190902,9,1,894536726
0.00796236280913365,0.0581012827441274,9,1,894536726
0.944861344856481,0.498773345561079,9,1,894536726
0.093113220529728,0.0734499054258346,9,1,894536726
0.259761107340855,0.478536539936348,9,1,894536726
0.328969717142996,0.60195336834559,9,1,894536726
0.630840181824806,0.0825577608441073,9,1,894536726
0.50900801799548,0.474465619940927,9,1,894536726
0.407068167260838,0.0800454698412398,9,1,894536726
0.267982555416097,0.237999837776537,9,1,894536726
0.556392721019242,0.0269635954683096,9,1,894536726
0.56369078825321,0.479895394934013,9,1,894536726
0.614963708425962,0.215787570335077,9,1,894536726
0.0547502801633135,0.815741030865659,9,1,894536726
0.322467090083052,0.460440433795335,9,1,894536726
0.0293517863270436,0.0200026117365022,9,1,894536726
0.175408999332813,0.612499656674625,9,1,894536726
0.449144966984761,0.516516908223769,9,1,894536726
0.143535277083871,0.252374653657023,9,1,894536726
0.0708299539240234,0.255226221229793,9,1,894536726
0.836890286550235,0.607017218494406,9,1,894536726
0.137779470593964,0.95455023942991,9,1,894536726
0.29296089440433,0.0359694711741803,9,1,894536726
0.566929232458253,0.611829201280444,9,1,894536726
0.356318076726603,0.251494812899479,9,1,894536726
0.227568875763052,0.692087608094986,9,1,894536726
0.362493712503889,0.913259134156693,9,1,894536726
0.380671758999116,0.451811977498001,9,1,894536726
0.477648249555222,0.319737428363091,9,1,894536726
0.29628170798721,0.914945602357353,9,1,894536726
0.440754667392131,0.249530517228796,9,1,894536726
0.151744787264853,0.398855916471667,9,1,894536726
0.2385805018499,0.771313865065938,9,1,894536726
0.834275863724631,0.297928070226935,9,1,894536726
0.604826685195457,0.449256273931519,9,1,894536726
0.66862522656402,0.239195982021826,9,1,894536726
0.42048248093842,0.0197637251380351,9,1,894536726
0.632004967737141,0.876738681420084,9,1,894536726
0.265871293988769,0.559219551846933,9,1,894536726
0.920456093543242,0.916204550357588,9,1,894536726
0.840338775371426,0.789821444812562,9,1,894536726
0.431263766676659,0.513391271330697,9,1,894536726
0.44622139353931,0.277898391839565,9,1,894536726
0.266416545884215,0.421807896802146,9,1,894536726
0.765595277243396,0.618982536418592,9,1,894536726
0.602484949562863,0.783471628294998,9,1,894536726
0.167525692917626,0.423652176572245,9,1,894536726
0.720836882413581,0.339860822925366,9,1,894536726
0.0983412624340705,0.338191588883794,9,1,894536726
0.0714879763534908,0.636882053942793,9,1,894536726
0.291235912781263,0.542539298625793,9,1,894536726
0.719388725358556,0.219804598218396,9,1,894536726
0.0864969040629593,0.640834753239113,9,1,894536726
0.836301911032036,0.740889179970881,9,1,894536726
0.471257866463811,0.771272764291621,9,1,894536726
0.634967410222592,0.627843931607346,9,1,894536726
0.469702544870546,0.0461072456345664,9,1,894536726
0.0203296292885291,0.509887720854274,9,1,894536726
0.694998227849851,0.601750347777807,9,1,894536726
0.391449255259848,0.802504441321042,9,1,894536726
0.387511718537852,0.74362290816901,9,1,894536726
0.119324780377645,0.876243054820831,9,1,894536726
0.089567007589914,0.896324584216535,9,1,894536726
0.968299687408749,0.213107128360037,9,1,894536726
0.0766583504574814,0.202711435964607,9,1,894536726
0.406665937554014,0.621300755740676,9,1,894536726
0.108760647688124,0.912039925813058,9,1,894536726
0.242278553714946,0.544171527063651,9,1,894536726
0.0927955058369021,0.770618382281246,9,1,894536726
0.845533720141662,0.598867018651333,9,1,894536726
0.477009246562722,0.672825150083915,9,1,894536726
0.271722834401748,0.601274918150091,9,1,894536726
0.342516684036247,0.654790469289758,9,1,894536726
0.0590379491268171,0.125352210421317,9,1,894536726
0.433135059381622,0.959622214629618,9,1,894536726
0.186071914300907,0.730767206748575,9,1,894536726
0.577737897255022,0.101774508626745,9,1,894536726
0.85605793364125,0.142660364578052,9,1,894536726
0.0218352814141931,0.379419987076337,9,1,894536726
0.895140438025123,0.249882222128358,9,1,894536726
0.45637622168226,0.0446539439969653,9,1,894536726
0.0619635190112966,0.151386543485629,9,1,894536726
0.954523055396506,0.919513764042595,9,1,894536726
0.880676001866357,0.500356768886329,9,1,894536726
0.505355350395927,0.322712914051434,9,1,894536726
0.99660623114413,0.655289163336999,9,1,894536726
0.731824818784,0.752492898046917,9,1,894536726
0.987081697971204,0.749554483592136,9,1,894536726
0.01281156884298,0.782612336571338,9,1,894536726
0.720843790970166,0.360375029490694,9,1,894536726
0.0711600263595784,0.743684349192518,9,1,894536726
0.847862854657656,0.0425006403749009,9,1,894536726
0.871728687928653,0.936835848183876,9,1,894536726
0.456727593355759,0.595734973674113,9,1,894536726
0.635010971924237,0.380936433164171,9,1,894536726
0.841785059024084,0.0996492343337811,9,1,894536726
0.16528823484559,0.579175767745879,9,1,894536726
0.330890131730942,0.798037665032014,9,1,894536726
0.678248742157802,0.341442393423649,9,1,894536726
0.425231726872466,0.822430768599399,9,1,894536726
0.818401230244729,0.138691936911859,9,1,894536726
0.288705018812125,0.903248811796582,9,1,894536726
0.264268687483595,0.382471093399121,9,1,894536726
0.279635498123888,0.213996296722442,9,1,894536726
0.534789086284143,0.0418617498835072,9,1,894536726
0.349359082941256,0.877116961150086,9,1,894536726
0.522609020629184,0.0571095300368265,9,1,894536726
0.54875345967268,0.259461269847412,9,1,894536726
0.12212165511438,0.196281363141124,9,1,894536726
0.64210224148788,0.774501636671555,9,1,894536726
0.622102885343871,0.116719607745478,9,1,894536726
0.971140355874174,0.871739158609014,9,1,894536726
0.70325035658073,0.334328626665888,9,1,894536726
0.794235161655033,0.166646274164054,9,1,894536726
0.379568543401787,0.582743044170485,9,1,894536726
0.17435165346146,0.866371355728218,9,1,894536726
0.863082297495833,0.956690529856266,9,1,894536726
0.46931350775948,0.860278085483134,9,1,894536726
0.73773806778568,0.692289872781932,9,1,894536726
0.326116811216623,0.110108899048789,9,1,894536726
0.477886454388885,0.864989017074439,9,1,894536726
0.856440964108347,0.146979586583289,9,1,894536726
0.760493128806259,0.376299515086138,9,1,894536726
0.355411847467835,0.803495516111742,9,1,894536726
0.377033959250763,0.463931066775861,9,1,894536726
0.552903609164901,0.225195479939472,9,1,894536726
0.834223891992067,0.777859040923835,9,1,894536726
0.830827603517321,0.688036777132492,9,1,894536726
0.0228761658062013,0.843487339144315,9,1,894536726
0.454502910508735,0.428346583204133,9,1,894536726
0.901460144414253,0.687430325186138,9,1,894536726
0.256443370134938,0.137559898126035,9,1,894536726
0.714391969998313,0.702455135817891,9,1,894536726
0.859446969668614,0.981876219307707,9,1,894536726
0.711038396094203,0.516700104353524,9,1,894536726
0.0237149090520079,0.584553295069747,9,1,894536726
0.395991339008284,0.242066103125121,9,1,894536726
0.0879368411429287,0.297577348737612,9,1,894536726
0.146113719418322,0.631638362402773,9,1,894536726
0.251098712456726,0.62293033901011,9,1,894536726
0.994440269795823,0.261663899486418,9,1,894536726
0.0915949669778655,0.197912112195721,9,1,894536726
0.725758527239936,0.359145966169667,9,1,894536726
0.50796793378828,0.239620202854568,9,1,894536726
0.363448840574835,0.991910295746181,9,1,894536726
0.473754771800724,0.0390977322001338,9,1,894536726
0.0526488614401428,0.794267181905225,9,1,894536726
0.410367578604328,0.947376203367944,9,1,894536726
0.267707248000351,0.833155817214465,9,1,894536726
0.36372573531313,0.724052416941949,9,1,894536726
0.64530317912312,0.92613082762484,9,1,894536726
0.619533572589877,0.679759313711685,9,1,894536726
0.0693763625134811,0.538056649843711,9,1,894536726
0.153233218296478,0.465151629071661,9,1,894536726
0.950740356384314,0.945094906808719,9,1,894536726
0.464417419643075,0.503328773650107,9,1,894536726
0.654432956346446,0.308448569613486,9,1,894536726
0.0189172053264139,0.660491061264354,9,1,894536726
0.0645429073912771,0.348101440508581,9,1,894536726
0.329371056986116,0.981271090181243,9,1,894536726
0.0893233041101609,0.173122260186952,9,1,894536726
0.71212518572432,0.485704668920451,9,1,894536726
0.52196985394644,0.0962088601597033,9,1,894536726
0.761502668400989,0.829757019081486,9,1,894536726
0.512660910768354,0.911055607805248,9,1,894536726
0.147129545690722,0.974375398249923,9,1,894536726
0.0340389402053316,0.375373575584428,9,1,894536726
0.833778548513118,0.423691937173731,9,1,894536726
0.104043718471355,0.245137659273434,9,1,894536726
0.0813944803754962,0.0566041093273526,9,1,894536726
0.827883959051479,0.830141461727266,9,1,894536726
0.559883954461043,0.865895285041037,9,1,894536726
0.0267968624025912,0.896716265407875,9,1,894536726
0.721981933284225,0.549293231585095,9,1,894536726
0.565030727838702,0.643581634933589,9,1,894536726
0.128402449732213,0.474865628138051,9,1,894536726
0.608518153887807,0.997130410116571,9,1,894536726
0.490209781061524,0.573226256233535,9,1,894536726
0.462258631540397,0.611993051991736,9,1,894536726
0.579382779521259,0.571991696781703,9,1,894536726
0.312823861965929,0.982863882140765,9,1,894536726
0.700960383129083,0.0720104335726481,9,1,894536726
0.385682368999977,0.89176621789064,9,1,894536726
0.859594165930045,0.717811404593494,9,1,894536726
0.503440918072316,0.186136952292363,9,1,894536726
0.0833911238115443,0.92155279116509,9,1,894536726
0.754214975051222,0.348860110946877,9,1,894536726
0.0445106443221175,0.353762012999344,9,1,894536726
0.648304393393607,0.666510009908729,9,1,894536726
0.81269150028816,0.390576507701908,9,1,894536726
0.636732192966218,0.347736511474438,9,1,894536726
0.679989272129753,0.153035456007023,9,1,894536726
0.747168397925958,0.366457340662788,9,1,894536726
0.00091496154932269,0.259613922131433,9,1,894536726
0.997099098802467,0.927906513439412,9,1,894536726
0.23559674819105,0.614530079151133,9,1,894536726
0.590480593353813,0.553074896043232,9,1,894536726
0.979285823079016,0.349605777672247,9,1,894536726
0.838265680930453,0.674918079176069,9,1,894536726
0.20785580552588,0.522620620134776,9,1,894536726
0.148814687539579,0.0575772411346995,9,1,894536726
0.628487353084193,0.923190994979968,9,1,894536726
0.782012307719943,0.562195453397978,9,1,894536726
0.743203134454387,0.966064379096983,9,1,894536726
0.701982658485325,0.308051339020522,9,1,894536726
0.617655268626748,0.754002263903995,9,1,894536726
0.442377170101735,0.0901359092497387,9,1,894536726
0.299010757383083,0.877522931696339,9,1,894536726
0.702162346036056,0.158123801028776,9,1,894536726
0.398835162115401,0.83900909860736,9,1,894536726
0.654519811635984,0.912359149125123,9,1,894536726
0.901743133063336,0.142046426673385,9,1,894536726
0.594063993166149,0.561133633010383,9,1,894536726
0.342059321780239,0.586187547602124,9,1,894536726
0.287064865230604,0.723617107461304,9,1,894536726
0.870354278253185,0.986086186865779,9,1,894536726
0.28736496747475,0.212629962768141,9,1,894536726
0.802923186328338,0.0651079665022474,9,1,894536726
0.950776100507962,0.0110793182405287,9,1,894536726
0.844884706076402,0.716960081487734,9,1,894536726
0.546198939923127,0.512641899309221,9,1,894536726
0.858221957417271,0.390305179632761,9,1,894536726
0.372303551160956,0.762844014915978,9,1,894536726
0.279599065332193,0.417137339638698,9,1,894536726
0.00255209505145171,0.446996029239319,9,1,894536726
0.49095057087259,0.55629835230052,9,1,894536726
0.113143889359286,0.122259442183926,9,1,894536726
0.923641320371754,0.89660170302952,9,1,894536726
0.52164565379372,0.215595277242087,9,1,894536726
0.826129712595841,0.632742603142817,9,1,894536726
0.799880616135156,0.830949960809084,9,1,894536726
0.263266284479061,0.348445425732378,9,1,894536726
0.603175130667732,0.488437032556027,9,1,894536726
0.240594193507487,0.0116334700088685,9,1,894536726
0.826020347900159,0.993548347167784,9,1,894536726
0.0450452115851523,0.784850455255359,9,1,894536726
0.948651389468418,0.264441717936943,9,1,894536726
0.386328324034958,0.693802740618525,9,1,894536726
0.754494979194962,0.705986996895639,9,1,894536726
0.710655475655176,0.936048237300519,9,1,894536726
0.481300709551659,0.025964146574152,9,1,894536726
0.463095658233357,0.670878883698128,9,1,894536726
0.840500232554804,0.380629628418565,9,1,894536726
0.618988031951617,0.301772971731433,9,1,894536726
0.981465282512311,0.739184627380555,9,1,894536726
0.997153998162835,0.124531516613487,9,1,894536726
0.389548824920475,0.0887150754811055,9,1,894536726
0.201215449268317,0.150396649164298,9,1,894536726
0.99009112434784,0.790806806780847,9,1,894536726
0.41045078825075,0.746867363778859,9,1,894536726
0.459102200854137,0.27091051344752,9,1,894536726
0.762143722614779,0.099707824509319,9,1,894536726
0.377712906208463,0.183136442709274,9,1,894536726
0.782056885864143,0.545443802264368,9,1,894536726
0.251966409399848,0.804746375140371,9,1,894536726
0.372276453465049,0.991128059742124,9,1,894536726
0.200678670755313,0.0221048966486597,9,1,894536726
0.560306571465707,0.80829329720802,9,1,894536726
0.684321144406347,0.145483291940202,9,1,894536726
0.412722452650654,0.712738848645579,9,1,894536726
0.413027389592897,0.0841111653733417,9,1,894536726
0.549384799002166,0.230762332519825,9,1,894536726
0.234435574475103,0.367259037427268,9,1,894536726
0.269562673438327,0.251714868507824,9,1,894536726
0.204933794367894,0.993150019468146,9,1,894536726
0.224642887691632,0.474467058873322,9,1,894536726
0.69744577398981,0.704566008753852,9,1,894536726
0.540922330750782,0.430168407734182,9,1,894536726
0.688221379664974,0.405837397563467,9,1,894536726
0.894180337815421,0.958880453671887,9,1,894536726
0.51332327924704,0.683144872741365,9,1,894536726
0.702012098001499,0.204828555060569,9,1,894536726
0.349837705310803,0.6477683392209,9,1,894536726
0.268804012350664,0.00634479833060375,9,1,894536726
0.798256044573455,0.655293457129354,9,1,894536726
0.322609262122745,0.21528567619577,9,1,894536726
0.384932762565016,0.402502776178864,9,1,894536726
0.810588983514733,0.276185466807742,9,1,894536726
0.960156491259388,0.12328851916998,9,1,894536726
0.754903675438966,0.790701294345817,9,1,894536726
0.218402057468096,0.428349395392815,9,1,894536726
0.954493144938328,0.596473262860158,9,1,894536726
0.9619353326992,0.738052896835973,9,1,894536726
0.189875505904449,0.278443864558685,9,1,894536726
0.602242359103144,0.957188869970027,9,1,894536726
0.223240925744442,0.341437421980795,9,1,894536726
0.913284245077973,0.27397329342967,9,1,894536726
0.918821680025112,0.809530904611727,9,1,894536726
0.231406011427018,0.73146870441215,9,1,894536726
0.401326604381339,0.293576906735558,9,1,894536726
0.822730245255304,0.0340503857208923,9,1,894536726
