0.342441698688551,0.816880846784021,9,1,894536726
0.4956296376894,0.887469301133186,9,1,894536726
0.930813049736125,0.529945512454322,9,1,894536726
0.115113775420499,0.612901969426235,9,1,894536726
0.839210480974735,0.208017959096831,9,1,894536726
0.0735414898772149,0.785682302190274,9,1,894536726
0.616772792912692,0.895769028717563,9,1,894536726
0.590424833920268,0.763326563994854,9,1,894536726
0.416812967768221,0.0516482410279244,9,1,894536726
0.822743748457176,0.218769973867684,9,1,894536726
0.421337634758763,0.770000919296864,9,1,894536726
0.616868073524755,0.111097022601352,9,1,894536726
0.832670773046936,0.569791028600712,9,1,894536726
0.44416547403792,0.796471319525588,9,1,894536726
0.875822011676517,0.936621228570474,9,1,894536726
0.905221669945767,0.585700155269105,9,1,894536726
0.895270452050887,0.704667641001353,9,1,894536726
0.564578540074747,0.0849493761982294,9,1,894536726
0.182468881711061,0.330133084317914,9,1,894536726
0.017343805230341,0.661527226769156,9,1,894536726
0.116656196172391,0.424819525548291,9,1,894536726
0.247849473881516,0.10940758912457,9,1,894536726
0.898059164220668,0.930189098603499,9,1,894536726
0.284529673701992,0.850140719159598,9,1,894536726
0.781025162806551,0.563077928300194,9,1,894536726
0.123413145023652,0.219579595172629,9,1,894536726
0.021294571728772,0.531075805156004,9,1,894536726
0.437637104542938,0.266199649261937,9,1,894536726
0.28615180304083,0.96794624638495,9,1,894536726
0.5896763963453,0.23401430375164,9,1,894536726
0.297739642696019,0.279094793643745,9,1,894536726
0.555399902886679,0.223090386971537,9,1,894536726
0.967663461219776,0.0370497385433026,9,1,894536726
0.00213999078936444,0.941494441849557,9,1,894536726
0.913900642404721,0.489830055890257,9,1,894536726
0.0324087944148386,0.372112931730171,9,1,894536726
0.372262114464578,0.90301855838588,9,1,894536726
0.429066271197458,0.920063308739104,9,1,894536726
0.725306681713917,0.167690285290704,9,1,894536726
0.240473999071265,0.845858838580481,9,1,894536726
0.864061415429974,0.557993640144509,9,1,894536726
0.120901271426227,0.602371181393952,9,1,894536726
0.888619441355251,0.248926582563148,9,1,894536726
0.977245817928883,0.112614183466798,9,1,894536726
0.968577206875735,0.344963755364932,9,1,894536726
0.232794655009625,0.109227619088415,9,1,894536726
0.904863385994599,0.135897197009923,9,1,894536726
0.535355449130896,0.179391391432879,9,1,894536726
0.024604267028522,0.966342279754986,9,1,894536726
0.297567911516837,0.599211384855853,9,1,894536726
0.708899277663056,0.970333997242404,9,1,894536726
0.0336095246189867,0.691164985546322,9,1,894536726
0.374331725424363,0.435199006865584,9,1,894536726
0.152503620675914,0.589984019274792,9,1,894536726
0.117995178020588,0.935648417419559,9,1,894536726
0.255230925015788,0.0188274355209712,9,1,894536726
0.722186021942171,0.0605708450887783,9,1,894536726
0.62256821253912,0.0580274579813866,9,1,894536726
0.473414142562327,0.341467874625739,9,1,894536726
0.312339290714951,0.885380796253275,9,1,894536726
0.162530641421183,0.899474779910785,9,1,894536726
0.499313339817221,0.859327032953267,9,1,894536726
0.959938389358763,0.683345943897316,9,1,894536726
0.870655536275498,0.721086223304847,9,1,894536726
0.27613059401184,0.531142418866544,9,1,894536726
0.930849532055304,0.393705751317049,9,1,894536726
0.729256442524614,0.814516398326773,9,1,894536726
0.0871703362354275,0.0711314615214569,9,1,894536726
0.767991326372431,0.305963782496957,9,1,894536726
0.538227783098361,0.543553946704522,9,1,894536726
0.686671790293619,0.0332290651814142,9,1,894536726
0.459133059099246,0.0813343887256903,9,1,894536726
0.185815552907234,0.625189545230692,9,1,894536726
0.577328136496114,0.616158137724798,9,1,894536726
0.497615304458711,0.536532715190004,9,1,894536726
0.100746711352847,0.964990711911186,9,1,894536726
0.268304255550067,0.0307217716341439,9,1,894536726
0.308139891331265,0.858171923507724,9,1,894536726
0.631063400093628,0.0500574793294928,9,1,894536726
0.657878644232603,0.400503224916228,9,1,894536726
0.548712060171294,0.491391838415539,9,1,894536726
0.437192014978226,0.695195074794347,9,1,894536726
0.107309470114001,0.367368277936238,9,1,894536726
0.673055695207412,0.0236447334224299,9,1,894536726
0.444898706272397,0.284041025416356,9,1,894536726
0.882543550302412,0.237741324102891,9,1,894536726
0.218916183641535,0.0509480193916723,9,1,894536726
0.208933936179474,0.534340161244716,9,1,894536726
0.626762467524578,0.0968259645330916,9,1,894536726
0.222825991770565,0.38076304227715,9,1,894536726
0.720276059414996,0.0735383776463547,9,1,894536726
0.478657485746744,0.580087260678861,9,1,894536726
0.693122731382433,0.757442646442743,9,1,894536726
0.408981181348414,0.922824173432344,9,1,894536726
0.0783160871764546,0.758039745031228,9,1,894536726
0.755743644047101,0.958562752100527,9,1,894536726
0.0346334276294766,0.729289091188812,9,1,894536726
0.839530441396089,0.203179196786446,9,1,894536726
0.781171783976446,0.414436454935149,9,1,894536726
0.820397086727998,0.936816310616117,9,1,894536726
0.66657641318678,0.0314720204216723,9,1,894536726
0.146553188525397,0.917493529305054,9,1,894536726
0.0282734398794242,0.702129628867476,9,1,894536726
0.36544487958341,0.774470754402266,9,1,894536726
0.303444289469124,0.27396145113315,9,1,894536726
0.222286285199928,0.497639685326204,9,1,894536726
0.939771966389701,0.983039771290125,9,1,894536726
0.492977961662945,0.432414088864273,9,1,894536726
0.662775973651502,0.200715162158708,9,1,894536726
0.675289740523141,0.306192340156309,9,1,894536726
0.240217648363528,0.732714338179305,9,1,894536726
0.8770396732013,0.667501265694177,9,1,894536726
0.144218142838538,0.53605479601703,9,1,894536726
0.546460994740719,0.205953995097592,9,1,894536726
0.613380522766128,0.260908693712048,9,1,894536726
0.370550690198019,0.975746169043205,9,1,894536726
0.153969011978445,0.471718102836264,9,1,894536726
0.248130007781687,0.757835230655678,9,1,894536726
0.2324259080299,0.652150937435277,9,1,894536726
0.405287369851696,0.749008097961036,9,1,894536726
0.74985666207498,0.146893101138947,9,1,894536726
0.532318948576149,0.946569520869729,9,1,894536726
0.485227942135745,0.247746015024026,9,1,894536726
0.342995664238539,0.046674128646057,9,1,894536726
0.168329139168153,0.673116893317936,9,1,894536726
0.365283460158547,0.90972638968505,9,1,894536726
0.770934141151043,0.755851499061815,9,1,894536726
0.312014786987466,0.919931373010594,9,1,894536726
0.313713722560694,0.142528613484939,9,1,894536726
0.261125873783138,0.208604847890256,9,1,894536726
0.865188370705646,0.428655376948537,9,1,894536726
0.249870495247424,0.51151038881926,9,1,894536726
0.491779599394229,0.587481374690432,9,1,894536726
0.574157641265273,0.343800138865754,9,1,894536726
0.421781991822815,0.168183020053387,9,1,894536726
0.213004369749798,0.845968541971338,9,1,894536726
0.17549162802987,0.48679143761779,9,1,894536726
0.852034198890638,0.98418200392379,9,1,894536726
0.298774470658328,0.193028638247435,9,1,894536726
0.288408710944609,0.0753476295353235,9,1,894536726
0.84502023802304,0.188540323706816,9,1,894536726
0.0179613530382303,0.916010222911118,9,1,894536726
0.267912891178701,0.454255081740616,9,1,894536726
0.889988889450105,0.610583139653603,9,1,894536726
0.418121464356171,0.524956783701734,9,1,894536726
0.519884974553024,0.946453782582725,9,1,894536726
0.463664343395055,0.216931724757231,9,1,894536726
0.0123405567761534,0.090276274267894,9,1,894536726
0.98250509314434,0.44689095692039,9,1,894536726
0.636392516738388,0.0440665565552472,9,1,894536726
0.198338706056514,0.44694996259089,9,1,894536726
0.96245775733398,0.986909816271041,9,1,894536726
0.878876770564315,0.322045909864613,9,1,894536726
0.938093463143607,0.0355286794605698,9,1,894536726
0.132859831171963,0.594589984738648,9,1,894536726
0.069017060797818,0.818330987760701,9,1,894536726
0.339867679485779,0.997683582329308,9,1,894536726
0.2846858484572,0.0355281363862625,9,1,894536726
0.245829537932641,0.283204457170745,9,1,894536726
0.11247660441751,0.452916960712269,9,1,894536726
0.422887418954532,0.0504825506900888,9,1,894536726
0.957815891519204,0.363526820195348,9,1,894536726
0.745720374523785,0.725103985134778,9,1,894536726
0.217578604454001,0.136002053424374,9,1,894536726
0.00678515481952102,0.743444531977566,9,1,894536726
0.262210181954304,0.320387061409689,9,1,894536726
0.116746202279858,0.693703105896164,9,1,894536726
0.5113748366141,0.724488218166897,9,1,894536726
0.719283669821498,0.53747750264226,9,1,894536726
0.727109468722251,0.497046193505262,9,1,894536726
0.426236150808581,0.90013000482033,9,1,894536726
0.240949644630308,0.471822861035705,9,1,894536726
0.317007209180459,0.289929517789085,9,1,894536726
0.0669797090564568,0.668158460322611,9,1,894536726
0.0323703970998477,0.870168712684411,9,1,894536726
0.209337712173285,0.470742143852015,9,1,894536726
0.171564215977112,0.985170686788162,9,1,894536726
0.289714769862264,0.0995940253606378,9,1,894536726
0.190234944069193,0.740098489507911,9,1,894536726
0.370748047667011,0.819222395025948,9,1,894536726
0.525397638204868,0.92734080688998,9,1,894536726
0.0440919703071687,0.510459118316143,9,1,894536726
0.775970627595764,0.438302208837269,9,1,894536726
0.161815970218348,0.477674712236328,9,1,894536726
0.64952520789047,0.424437554875985,9,1,894536726
0.726274655152327,0.885616159971414,9,1,894536726
0.0671740164703403,0.800369900631317,9,1,894536726
0.121921355646767,0.757504237775581,9,1,894536726
0.734598516818634,0.707044228733833,9,1,894536726
0.258022888505287,0.824656323871581,9,1,894536726
0.503705460275973,0.373567522659637,9,1,894536726
0.0765869612152166,0.349175459363098,9,1,894536726
0.838964960696618,0.542417851329724,9,1,894536726
0.0390684469957181,0.972108427352716,9,1,894536726
0.597431199567358,0.617496787318784,9,1,894536726
0.776277719833013,0.397888016986134,9,1,894536726
0.0529250906865801,0.574316341482548,9,1,894536726
0.131535659749133,0.315798794459546,9,1,894536726
0.0533489593280105,0.852319764077183,9,1,894536726
0.143915432646964,0.661801496325045,9,1,894536726
0.704789855357465,0.368811902871892,9,1,894536726
0.581999313241859,0.690695742310242,9,1,894536726
0.684223512649055,0.936030654153768,9,1,894536726
0.0582902731845709,0.132241850658304,9,1,894536726
0.0326500573682662,0.929222916135179,9,1,894536726
0.747328492876046,0.606382054807567,9,1,894536726
0.883737448743544,0.567402489855765,9,1,894536726
0.209806704636021,0.824359839846978,9,1,894536726
0.909592883847584,0.580248535033661,9,1,894536726
0.61642022862972,0.887760825689792,9,1,894536726
0.874749239800399,0.650296437768264,9,1,894536726
0.0275690498468144,0.612811688778386,9,1,894536726
0.876801240874582,0.504954949367851,9,1,894536726
0.575058616652595,0.35895892814474,9,1,894536726
0.699816844694105,0.34973687398864,9,1,894536726
0.865653060986732,0.281509928016725,9,1,894536726
0.0653048997603287,0.326204979102554,9,1,894536726
0.0730721288462419,0.128366008118213,9,1,894536726
0.561206145505433,0.983303500763586,9,1,894536726
0.392629718780904,0.537556535919241,9,1,894536726
0.507982608084511,0.301565340911075,9,1,894536726
0.655532786287891,0.175511197268538,9,1,894536726
0.339352680069006,0.751072501964233,9,1,894536726
0.366709059457583,0.594286770909416,9,1,894536726
0.135409024330716,0.681027902174029,9,1,894536726
0.201847113473185,0.675580160817242,9,1,894536726
0.806007080683481,0.523028141614293,9,1,894536726
0.192134990985617,0.679566254166588,9,1,894536726
0.0134601081189898,0.588836249597803,9,1,894536726
0.781540454198185,0.896187372166387,9,1,894536726
0.575677261419659,0.873861894091268,9,1,894536726
0.545206411180223,0.386622054445816,9,1,894536726
0.687976953402952,0.0410164266766591,9,1,894536726
0.279317385336975,0.00411107480982986,9,1,894536726
0.830167072657416,0.62489385250489,9,1,894536726
0.0120674678747961,0.558267539890189,9,1,894536726
0.873462211646433,0.413596375073565,9,1,894536726
0.759294344652098,0.289839315404996,9,1,894536726
0.985173275012984,0.484508184036248,9,1,894536726
0.0247629542552881,0.541480215738678,9,1,894536726
3.95694022525817E-05,0.708171205942029,9,1,894536726
0.235480494175643,0.530561073584668,9,1,894536726
0.326763999039954,0.538327006325237,9,1,894536726
0.867938621067033,0.946957950024933,9,1,894536726
0.251677481544825,0.886752219296784,9,1,894536726
0.940043847895986,0.410645612850632,9,1,894536726
0.74421230419024,0.0255268667608752,9,1,894536726
0.369284684456913,0.0169234208179667,9,1,894536726
0.516868172967569,0.34871541758648,9,1,894536726
0.430973740652864,0.184490866837912,9,1,894536726
0.000605234508939567,0.488267365898194,9,1,894536726
0.000947667186982137,0.578400432121812,9,1,894536726
0.618884347056328,0.788706205206296,9,1,894536726
0.156926210696264,0.905012619857654,9,1,894536726
0.877800826677175,0.899977811797794,9,1,894536726
0.0547188410987618,0.105707574822417,9,1,894536726
0.892118759582104,0.330418677936418,9,1,894536726
0.658530276278754,0.71781844036965,9,1,894536726
0.421397773411239,0.301872494021711,9,1,894536726
0.693365332074654,0.709048717916379,9,1,894536726
0.720989299300202,0.256681458955417,9,1,894536726
0.679519136643858,0.336299854398663,9,1,894536726
0.895572588759485,0.337114980055001,9,1,894536726
0.265897397153975,0.278909795051409,9,1,894536726
0.207100876646217,0.398427124131652,9,1,894536726
0.756892347150345,0.650654000732689,9,1,894536726
0.322687513460464,0.368956343486491,9,1,894536726
0.882833204473399,0.546836190337876,9,1,894536726
0.581226859293344,0.910443370241971,9,1,894536726
0.702029808047163,0.561131502156446,9,1,894536726
0.326116461967903,0.201569467863028,9,1,894536726
0.58399280823337,0.165671490229312,9,1,894536726
0.977328733194471,0.11131128822425,9,1,894536726
0.763725498478657,0.927707189169184,9,1,894536726
0.501682755306059,0.102098762747323,9,1,894536726
0.190028139489275,0.664023401982589,9,1,894536726
0.0464911527346696,0.231857238273519,9,1,894536726
0.0672875922799769,0.145855375395131,9,1,894536726
0.00594119342002619,0.587100768890489,9,1,894536726
0.825444195583001,0.681629097268022,9,1,894536726
0.252612110960325,0.153369444891333,9,1,894536726
0.44378559970853,0.929006709558096,9,1,894536726
0.515271180985429,0.0278412822325964,9,1,894536726
0.794126119743516,0.892306014214062,9,1,894536726
0.904885988908515,0.325951366657814,9,1,894536726
0.681688003611269,0.0436567691488228,9,1,894536726
0.737102221949608,0.803051577652865,9,1,894536726
0.80813191091838,0.421765303808709,9,1,894536726
0.0547847178653624,0.614122573851117,9,1,894536726
0.0379155682068175,0.630590934623699,9,1,894536726
0.635227209784603,0.00170651591726134,9,1,894536726
0.259536342387626,0.7529659152986,9,1,894536726
0.512160678521656,0.0574554951914996,9,1,894536726
0.935498560437811,0.805103449449422,9,1,894536726
0.509948642974161,0.471417469621033,9,1,894536726
0.554635089317164,0.666569169357663,9,1,894536726
0.256402207939806,0.203444343514043,9,1,894536726
0.052299566125001,0.552346424074873,9,1,894536726
0.701268443446114,0.764300498590816,9,1,894536726
0.751658519435154,0.0222398936404273,9,1,894536726
0.533511943680002,0.359646911435706,9,1,894536726
0.776475946469793,0.151791661520712,9,1,894536726
0.769745357208357,0.989477869223841,9,1,894536726
0.371932849748917,0.699996256900006,9,1,894536726
0.0861393504076098,0.115855633239469,9,1,894536726
0.0732065644908038,0.416111843885648,9,1,894536726
0.462802388154119,0.810328725279125,9,1,894536726
0.627730140238496,0.794175348439135,9,1,894536726
0.532183964987961,0.519049259656614,9,1,894536726
0.0747281258892718,0.872956765199447,9,1,894536726
0.843924056653821,0.695931771791067,9,1,894536726
0.5049750702041,0.988167566928359,9,1,894536726
0.0668634240637451,0.0225210314259661,9,1,894536726
0.582103396915104,0.665688723072218,9,1,894536726
0.967916156580962,0.925856316366503,9,1,894536726
0.823018181200491,0.260418278042495,9,1,894536726
0.156789099008126,0.470952888249765,9,1,894536726
0.737616333255692,0.434346388222319,9,1,894536726
0.603130039821896,0.491621397314729,9,1,894536726
0.409412254218575,0.139686552080788,9,1,894536726
0.0824127637653256,0.707357684931406,9,1,894536726
0.767044864213927,0.0992509060651914,9,1,894536726
0.985151495070344,0.794701842244111,9,1,894536726
0.402904823582614,0.900240522117396,9,1,894536726
0.034907605177442,0.935758769612086,9,1,894536726
0.958511777003074,0.675780343086751,9,1,894536726
0.46678038319231,0.111387401406888,9,1,894536726
0.342694338999352,0.526472953840833,9,1,894536726
0.0500082303435248,0.594940064481892,9,1,894536726
0.434566510410481,0.24337926357237,9,1,894536726
0.735232036258649,0.327294841633282,9,1,894536726
0.811511238621265,0.303716446945447,9,1,894536726
0.624767721574516,0.432275549408518,9,1,894536726
0.833434436395579,0.708907600685545,9,1,894536726
0.90071226703041,0.712354814765708,9,1,894536726
0.631042327236574,0.845700349400383,9,1,894536726
0.0390384960760359,0.433536126602496,9,1,894536726
0.156075223683146,0.327399737655857,9,1,894536726
0.668751537596856,0.781335162625412,9,1,894536726
0.0245260017435418,0.322411117507623,9,1,894536726
0.431757312561359,0.248130780810662,9,1,894536726
0.860099956649985,0.0172097750470437,9,1,894536726
0.0754117398963539,0.539811222898025,9,1,894536726
0.777165258676519,0.193335874245374,9,1,894536726
0.989143732301036,0.616354896751912,9,1,894536726
0.0304935365280281,0.690299332688155,9,1,894536726
0.0966211571791875,0.8102014587386,9,1,894536726
0.4489364684376,0.575670291624971,9,1,894536726
0.390468935432523,0.275016645901617,9,1,894536726
0.298410265711509,0.857349154271186,9,1,894536726
0.00991172069320911,0.257740021138694,9,1,894536726
0.775448724102144,0.494824519067228,9,1,894536726
0.0240484612765988,0.897172928200034,9,1,894536726
0.585388731610348,0.00551690423128193,9,1,894536726
0.721508554614326,0.462426282386216,9,1,894536726
0.48343506036632,0.664149284565489,9,1,894536726
0.481883830254128,0.39196470731399,9,1,894536726
0.632200638576798,0.307393250587827,9,1,894536726
0.936242083602528,0.536273140069851,9,1,894536726
0.315823752638686,0.66015394663085,9,1,894536726
0.541381978940333,0.0735600205143765,9,1,894536726
0.400082622295595,0.889429893147031,9,1,894536726
0.146738694739409,0.104708879905133,9,1,894536726
0.0482954971711322,0.732275287868253,9,1,894536726
0.976460602413697,0.647761175246997,9,1,894536726
0.919534426336207,0.939537156249522,9,1,894536726
0.409691084344113,0.221411821591387,9,1,894536726
0.666909969407497,0.454171778600619,9,1,894536726
0.317576028627928,0.0624324634845768,9,1,894536726
0.265866948835086,0.577111049412028,9,1,894536726
0.941649968066262,0.419790403156367,9,1,894536726
0.494451326714771,0.474574826229402,9,1,894536726
0.000978933410754612,0.559108548723709,9,1,894536726
0.508184126789551,0.705005704028459,9,1,894536726
0.316257366067096,0.403855667826115,9,1,894536726
0.333264647913769,0.767029183294282,9,1,894536726
0.51179695249512,0.015227477279101,9,1,894536726
0.42595335596447,0.433076794770362,9,1,894536726
0.301178616503935,0.646708242484919,9,1,894536726
0.601553776174934,0.269671437327551,9,1,894536726
0.281670410657389,0.55378398946018,9,1,894536726
0.38258915239502,0.31152084806666,9,1,894536726
0.906513014072804,0.786957119406799,9,1,894536726
0.305035700539997,0.76419772743092,9,1,894536726
0.732746735824636,0.333085757375104,9,1,894536726
0.673990537862151,0.698492108248997,9,1,894536726
0.972209197809799,0.909184689316335,9,1,894536726
0.194830552986824,0.326501223955598,9,1,894536726
0.862707649795913,0.345437943369954,9,1,894536726
0.568355988511492,0.2885840606325,9,1,894536726
0.786438901518688,0.369089627172698,9,1,894536726
0.337267089846921,0.084551254081848,9,1,894536726
0.755210426785956,0.258716041981738,9,1,894536726
0.820753762246989,0.749254545563467,9,1,894536726
0.412796573675938,0.818173033289872,9,1,894536726
0.336362676668938,0.557316135017557,9,1,894536726
0.869849587954322,0.703111126740975,9,1,894536726
0.833735094461331,0.0219523148829923,9,1,894536726
0.473511351933094,0.918133802774948,9,1,894536726
0.904388679681229,0.191746357328211,9,1,894536726
0.355521013544724,0.730356966342964,9,1,894536726
0.133431758178852,0.0890910409692458,9,1,894536726
0.082284914474366,0.353443420693853,9,1,894536726
0.62276486467047,0.68646784196333,9,1,894536726
0.699199265945384,0.971766105268046,9,1,894536726
0.822518497231622,0.96797598258651,9,1,894536726
0.0114847416207364,0.803027218952385,9,1,894536726
0.091013726157009,0.486800142559646,9,1,894536726
0.0681730144128116,0.514396110485138,9,1,894536726
0.626652478945479,0.775154233322364,9,1,894536726
0.937825153962198,0.437714881285548,9,1,894536726
0.132320042954603,0.880888520790572,9,1,894536726
0.713874075101361,0.818923572902096,9,1,894536726
0.839384202527152,0.279850863488167,9,1,894536726
0.782125382753855,0.0737296635207989,9,1,894536726
0.131283264640023,0.079934767352388,9,1,894536726
0.113603623979911,0.116254286740272,9,1,894536726
0.447049684381563,0.335334360144663,9,1,894536726
0.964011985328747,0.866483420432596,9,1,894536726
0.80218374549749,0.565749194780075,9,1,894536726
0.966213700097548,0.227058093013358,9,1,894536726
0.947136578008099,0.163744952613167,9,1,894536726
0.89275644367273,0.391604018484555,9,1,894536726
0.822635618846179,0.87917002886081,9,1,894536726
0.718525118287338,0.684088190580719,9,1,894536726
0.610653518736703,0.859819513476867,9,1,894536726
0.0473486189815964,0.937297712823576,9,1,894536726
0.444986945106421,0.974880647202655,9,1,894536726
0.536871880407761,0.149659834359663,9,1,894536726
0.767025923545471,0.370718903982315,9,1,894536726
0.754340362127465,0.122030484992572,9,1,894536726
0.797900386611329,0.075813659214945,9,1,894536726
0.0742349397131541,0.773971757848439,9,1,894536726
0.167325846711477,0.276979342654587,9,1,894536726
0.0313664455320244,0.74369286924618,9,1,894536726
0.250934970020477,0.413706479464145,9,1,894536726
0.667848071227567,0.943010644226067,9,1,894536726
0.595631360009131,0.518426371074956,9,1,894536726
0.899108055334524,0.685035266199771,9,1,894536726
0.514528773312949,0.917627333632185,9,1,894536726
0.814260346041072,0.321313825123665,9,1,894536726
0.109729604954805,0.170203378086642,9,1,894536726
0.517089047410948,0.681008875801591,9,1,894536726
0.721907410521796,0.851654384344862,9,1,894536726
0.363502403811918,0.974575085279192,9,1,894536726
0.180948739045159,0.782980389105874,9,1,894536726
0.00347233107065126,0.407785114009239,9,1,894536726
0.717617912730877,0.468713743156175,9,1,894536726
0.123828374571274,0.465535458869046,9,1,894536726
0.322268770248082,0.513244493093232,9,1,894536726
0.206244165892993,0.260102565450442,9,1,894536726
0.616131733615918,0.468499487675477,9,1,894536726
0.551492308616898,0.762441557789484,9,1,894536726
0.0289614660050315,0.136664921537367,9,1,894536726
0.915491436071583,0.125851131953241,9,1,894536726
0.0368791166800029,0.252177940639049,9,1,894536726
0.397740395466184,0.299468389561354,9,1,894536726
0.715574638578321,0.472164390360063,9,1,894536726
0.117134926004385,0.467563747717806,9,1,894536726
0.362217405253775,0.371188655271169,9,1,894536726
0.0386713138286061,0.274795852362682,9,1,894536726
0.136766190644773,0.363033527577348,9,1,894536726
0.58764466170101,0.355715179217478,9,1,894536726
0.544381526963726,0.0475046775275159,9,1,894536726
0.776450812484003,0.058652730076648,9,1,894536726
0.614845446968323,0.38797095438184,9,1,894536726
0.548875574859802,0.57011889554285,9,1,894536726
0.319927471028563,0.375526467023214,9,1,894536726
0.317775989079199,0.995841464682962,9,1,894536726
0.353966721691531,0.368325495217565,9,1,894536726
0.179199684554641,0.0891318421894145,9,1,894536726
0.741239211415828,0.200444035068616,9,1,894536726
0.20914640829132,0.332058993568772,9,1,894536726
0.642990328121027,0.259724599987416,9,1,894536726
0.351445145277575,0.475505401478797,9,1,894536726
0.855479485806663,0.730877710263619,9,1,894536726
0.96691299773205,0.762176951501335,9,1,894536726
0.679005264852864,0.808582406376835,9,1,894536726
0.0223283704240764,0.674965929953244,9,1,894536726
0.426965865148205,0.30209712757359,9,1,894536726
0.892144039210532,0.198160942929707,9,1,894536726
0.388834333472714,0.250414000678802,9,1,894536726
0.828854384493209,0.887549584469483,9,1,894536726
0.366793201869441,0.776282643654403,9,1,894536726
0.0293885513475578,0.78498156021649,9,1,894536726
0.561048170224392,0.231448730933292,9,1,894536726
0.371641983154181,0.9954957187323,9,1,894536726
0.436366526470789,0.447947656937611,9,1,894536726
0.490142981253742,0.131658396628706,9,1,894536726
0.492486697393163,0.226438829932163,9,1,894536726
0.616590093482581,0.0645051752442178,9,1,894536726
0.545332110877179,0.499285231828705,9,1,894536726
0.266501816918868,0.0580263182589409,9,1,894536726
0.178503931162801,0.772805132426224,9,1,894536726
0.382944633929321,0.327599151290592,9,1,894536726
0.271850677352031,0.26567594631488,9,1,894536726
0.108368328764523,0.00405904975999105,9,1,894536726
0.387298269634103,0.0144970589735156,9,1,894536726
0.783737498347826,0.39912829856887,9,1,894536726
0.398064764590364,0.247907453707439,9,1,894536726
0.726797023011494,0.365128982062854,9,1,894536726
0.182903561920148,0.529695298816351,9,1,894536726
0.692988424460993,0.787073603447634,9,1,894536726
0.787509713003463,0.476877044963366,9,1,894536726
0.136163807222726,0.577508090035826,9,1,894536726
0.222662412267145,0.438603049016463,9,1,894536726
0.112244956832638,0.62421966378441,9,1,894536726
0.299802557619632,0.853546138560871,9,1,894536726
0.775048144416816,0.455107040940465,9,1,894536726
0.499262193330211,0.135005343039883,9,1,894536726
0.744387638846258,0.960991047424108,9,1,894536726
0.781022389343009,0.649237260714759,9,1,894536726
0.158936838967925,0.920000923008134,9,1,894536726
0.344568566800919,0.0261868246713233,9,1,894536726
0.503679413415451,0.631723337943453,9,1,894536726
0.606582287102597,0.209063841912862,9,1,894536726
0.250000730359206,0.00212188288852588,9,1,894536726
0.746600544711981,0.167031501312397,9,1,894536726
0.233397489813021,0.936389530954983,9,1,894536726
0.561717341295285,0.900760806775723,9,1,894536726
0.211958445063913,0.130450910204152,9,1,894536726
0.913019505112761,0.798147617677386,9,1,894536726
0.081410612117164,0.35074888535129,9,1,894536726
0.166852596351636,0.496144594762282,9,1,894536726
0.968335222399841,0.775067377816827,9,1,894536726
0.378207498803542,0.500409282725466,9,1,894536726
0.403333401363556,0.0166029522993298,9,1,894536726
0.556606792109539,0.668110871255473,9,1,894536726
0.116395264386749,0.15919838874815,9,1,894536726
0.381618842069277,0.234982122347071,9,1,894536726
0.231377668845008,0.901331290931005,9,1,894536726
0.38738858435044,0.501096540945159,9,1,894536726
0.406136514330686,0.306049407367093,9,1,894536726
0.780228899758904,0.513086491625274,9,1,894536726
0.825977340697293,0.389195885718537,9,1,894536726
0.621844363357364,0.622257215755772,9,1,894536726
0.611514317527338,0.722109808763718,9,1,894536726
0.101998132387017,0.971089146549643,9,1,894536726
0.626798979820822,0.459385017341448,9,1,894536726
0.820042898978621,0.148079127752624,9,1,894536726
0.737314052227518,0.48168344671309,9,1,894536726
0.229048875043179,0.0033738765203486,9,1,894536726
0.484356957049446,0.588960456684154,9,1,894536726
0.747414845065774,0.104888048494155,9,1,894536726
0.811251687055327,0.362978009062623,9,1,894536726
0.414724824611612,0.287716744747632,9,1,894536726
0.370066267897469,0.458021218500121,9,1,894536726
0.711909852754228,0.903663524393817,9,1,894536726
0.355084285991139,0.55972493456475,9,1,894536726
0.4718709970929,0.238834216763794,9,1,894536726
0.533223680858509,0.540402153264026,9,1,894536726
0.675714987113516,0.0402115547637989,9,1,894536726
0.537721647670662,0.462436597125339,9,1,894536726
0.822044950340491,0.227845127565136,9,1,894536726
0.634663535106992,0.999380354430291,9,1,894536726
0.589873911479475,0.656311158992276,9,1,894536726
0.107802352407183,0.0461865327807116,9,1,894536726
0.975521476617013,0.747760115987745,9,1,978045321
0.13442844142513,0.882497928964183,9,1,978045321
0.529309966117251,0.873084053811701,9,1,978045321
0.397288197815319,0.722327989331195,9,1,978045321
0.792650791452556,0.481992199476669,9,1,978045321
0.0804301988651464,0.620801993419272,9,1,978045321
0.589021674374914,0.370196146834791,9,1,978045321
0.949479756640131,0.89198496152493,9,1,978045321
0.18415351031702,0.170928790005478,9,1,978045321
0.336272601247156,0.737021066326586,9,1,978045321
0.217853418621619,0.944860290753944,9,1,978045321
0.633485036390693,0.334885659479547,9,1,978045321
0.119535047391435,0.498936008506503,9,1,978045321
0.732292571177798,0.746917323053103,9,1,978045321
0.21919743142479,0.871936354845179,9,1,978045321
0.135115654838302,0.891893880746342,9,1,978045321
0.932966120160581,0.685267948367889,9,1,978045321
0.293542203996012,0.31212995624995,9,1,978045321
0.343942648010291,0.794445849186403,9,1,978045321
0.993335720531252,0.458929251337026,9,1,978045321
0.908051261574195,0.118492432295656,9,1,978045321
0.185030177645075,0.668416703115625,9,1,978045321
0.34154730500805,0.500556486322325,9,1,978045321
0.354093359281405,0.764886007597883,9,1,978045321
0.088954934016765,0.466985292043162,9,1,978045321
0.0926592323101749,0.528425556591714,9,1,978045321
0.51808558109285,0.200084848454628,9,1,978045321
0.644442487006829,0.193928233600146,9,1,978045321
0.0522743198472784,0.355998320892197,9,1,978045321
0.719929146202409,0.90824965016988,9,1,978045321
0.998871244983911,0.356688865809484,9,1,978045321
0.340591016199453,0.895404427177792,9,1,978045321
0.0152147370629887,0.655868284263377,9,1,978045321
0.580616009764127,0.922766232174904,9,1,978045321
0.0723212896430487,0.685903889317998,9,1,978045321
0.444360303810102,0.724774284500944,9,1,978045321
0.0671518142753804,0.292152414767267,9,1,978045321
0.475562244675388,0.519009303150749,9,1,978045321
0.447240924335519,0.996031431122326,9,1,978045321
0.580028306933098,0.439862116934514,9,1,978045321
0.651896978047826,0.652287295922987,9,1,978045321
0.349520458629958,0.714497115429302,9,1,978045321
0.212223567088024,0.814875331686486,9,1,978045321
0.431004427091986,0.545798586746708,9,1,978045321
0.678538823182343,0.772596148585637,9,1,978045321
0.916697506175669,0.880248275956291,9,1,978045321
0.413374201664524,0.45383110145819,9,1,978045321
0.894326470386389,0.946575251723821,9,1,978045321
0.751459575551774,0.776670737121567,9,1,978045321
0.847037276927806,0.112851306836991,9,1,978045321
0.836931631852943,0.629967219997818,9,1,978045321
0.0246653708194975,0.63949206606506,9,1,978045321
0.0934424904947404,0.84053928047375,9,1,978045321
0.204629547344161,0.207808775766571,9,1,978045321
0.517035799389063,0.339161106982575,9,1,978045321
0.607669183203663,0.616520922376047,9,1,978045321
0.502895178284687,0.742299270934901,9,1,978045321
0.0459618257798795,0.878851723851694,9,1,978045321
0.851970478435965,0.67411691895946,9,1,978045321
0.79035633117973,0.433734160905876,9,1,978045321
0.319040605748206,0.303326553753897,9,1,978045321
0.796876280600636,0.760903538980759,9,1,978045321
0.445237058500518,0.225664511838578,9,1,978045321
0.830171272771635,0.719558447783178,9,1,978045321
0.297441531471985,0.143355426728352,9,1,978045321
0.549553570617196,0.336504632870818,9,1,978045321
0.0818343344569925,0.360252718436337,9,1,978045321
0.881057610694389,0.387801902158006,9,1,978045321
0.830839727819872,0.159072417559443,9,1,978045321
0.769245104017364,0.813772620761771,9,1,978045321
0.328276088017487,0.538196773249193,9,1,978045321
0.409564742609152,0.686871751338991,9,1,978045321
0.907860529364561,0.249694341693393,9,1,978045321
0.772233303045603,0.766707502266386,9,1,978045321
0.958635844908385,0.399758129642233,9,1,978045321
0.747935718372331,0.758254707018982,9,1,978045321
0.32949595262976,0.279088079187568,9,1,978045321
0.731268429883444,0.492547549553976,9,1,978045321
0.401737621515754,0.482930386908095,9,1,978045321
0.826818569328938,0.461793840906699,9,1,978045321
0.673613356717491,0.274579907500776,9,1,978045321
0.0422513548802073,0.511451538934421,9,1,978045321
0.681314132779539,0.405688723720686,9,1,978045321
0.626383769867713,0.569899119190918,9,1,978045321
0.379795315557299,0.37042326103423,9,1,978045321
0.37406390615326,0.893332654731992,9,1,978045321
0.280692441172795,0.211792341465394,9,1,978045321
0.867025585962932,0.0897302863963123,9,1,978045321
0.63263106791596,0.263219265850355,9,1,978045321
0.0961791605106743,0.0595171563589219,9,1,978045321
0.718649995655632,0.0709819579914788,9,1,978045321
0.0326045131207833,0.650390016410602,9,1,978045321
0.702702847675616,0.939826682477373,9,1,978045321
0.886352372239493,0.575349354855501,9,1,978045321
0.579972655565682,0.829945643780869,9,1,978045321
0.456694590026836,0.135056974256773,9,1,978045321
0.971035163284276,0.423476600544731,9,1,978045321
0.542365558414697,0.341953463236681,9,1,978045321
0.979729687155846,0.872034797033772,9,1,978045321
0.634761687785496,0.531951212097167,9,1,978045321
0.570965066595297,0.945879111373739,9,1,978045321
0.714188574155853,0.0876064964432213,9,1,978045321
0.354593041569387,0.844754889673511,9,1,978045321
0.819479618696035,0.0968708134123286,9,1,978045321
0.0581904274451652,0.837174136545269,9,1,978045321
0.836645938143317,0.122730143534949,9,1,978045321
0.765459667243104,0.453745387294449,9,1,978045321
0.187429365357573,0.93916278797226,9,1,978045321
0.984254579508691,0.886308981957687,9,1,978045321
0.487163304209707,0.287161670632083,9,1,978045321
0.337247576505475,0.710727553176713,9,1,978045321
0.80341762281399,0.370971591509206,9,1,978045321
0.570631154197664,0.984019329714206,9,1,978045321
0.635742657759894,0.980341096422937,9,1,978045321
0.363639039139271,0.45014348546087,9,1,978045321
0.546977429002041,0.0036677828544982,9,1,978045321
0.423306326136037,0.868011916309225,9,1,978045321
0.701880082257421,0.851816913681771,9,1,978045321
0.533571682556719,0.183075149890202,9,1,978045321
0.823242474277303,0.324041369712497,9,1,978045321
0.97646247725439,0.834120390570967,9,1,978045321
0.0200039958621616,0.34573636430298,9,1,978045321
0.709634862222925,0.867018650654312,9,1,978045321
0.419897437932473,0.134766741244012,9,1,978045321
0.219480324330677,0.209481742993583,9,1,978045321
0.981324802887502,0.723207150075896,9,1,978045321
0.301450195265424,0.626915292756149,9,1,978045321
0.111818803212065,0.235535790070942,9,1,978045321
0.248769303081851,0.832836870410769,9,1,978045321
0.691403706566965,0.243379428575146,9,1,978045321
0.06595157379122,0.664288266751407,9,1,978045321
0.165152485078,0.390989619886228,9,1,978045321
0.233263391870331,0.019369199904371,9,1,978045321
0.738318271763736,0.381780162273247,9,1,978045321
0.248551077448989,0.241603092853784,9,1,978045321
0.909971759430799,0.983468785349733,9,1,978045321
0.215301810309145,0.145502249619414,9,1,978045321
0.104695949481584,0.168433188930503,9,1,978045321
0.287540611531455,0.341892513333669,9,1,978045321
0.384188562431333,0.27841568184838,9,1,978045321
0.107437708714872,0.807147613777444,9,1,978045321
0.0204244141921759,0.266573563423766,9,1,978045321
0.225450357017702,0.477715207483432,9,1,978045321
0.0676572702366576,0.374380644631213,9,1,978045321
0.386848536436659,0.0930444361576757,9,1,978045321
0.612917836797838,0.300189711704293,9,1,978045321
0.456720612717732,0.252610337168027,9,1,978045321
0.10812312584193,0.173783144602833,9,1,978045321
0.268508378504356,0.911417119957588,9,1,978045321
0.0706163163559905,0.278424148700568,9,1,978045321
0.297041834760005,0.398594705110178,9,1,978045321
0.0963519282273178,0.347099248718458,9,1,978045321
0.391547452071895,0.247422657091401,9,1,978045321
0.551102377454652,0.794914348456295,9,1,978045321
0.279687476538991,0.598380141018631,9,1,978045321
0.139480282208928,0.471794518296248,9,1,978045321
0.0797510790236231,0.250221951428888,9,1,978045321
0.954765323984985,0.319039747292853,9,1,978045321
0.493429998098677,0.739060958029924,9,1,978045321
0.162243422139968,0.648751306127514,9,1,978045321
0.336516222874129,0.102156715863043,9,1,978045321
0.771778979435108,0.0351591733757575,9,1,978045321
0.553801073482361,0.138446077120706,9,1,978045321
0.638643559007624,0.0704341986325927,9,1,978045321
0.131889062116697,0.5303439338909,9,1,978045321
0.977129600818239,0.825558453282466,9,1,978045321
0.0051751271456637,0.507490820955991,9,1,978045321
0.188371549566275,0.538502811353178,9,1,978045321
0.862095951378536,0.00265630153077989,9,1,978045321
0.133426054551056,0.149342199521368,9,1,978045321
0.0660889532811224,0.163596969191476,9,1,978045321
0.226095851159181,0.603087593369646,9,1,978045321
0.327758788162263,0.132608481846783,9,1,978045321
0.435262373519396,0.348422068552394,9,1,978045321
0.672666323041186,0.436334654529992,9,1,978045321
0.372495741725004,0.852329426816457,9,1,978045321
0.8966498167374,0.578717033152323,9,1,978045321
0.466618507040168,0.341826882378767,9,1,978045321
0.214718362920106,0.531081944268383,9,1,978045321
0.799561901551575,0.369141606153794,9,1,978045321
0.537946068856567,0.866395589046447,9,1,978045321
0.168581924969171,0.399763595420717,9,1,978045321
0.107161450310899,0.152406576763864,9,1,978045321
0.737918779224484,0.825758085797367,9,1,978045321
0.646984261569436,0.883579252357212,9,1,978045321
0.267130883018313,0.288139104950831,9,1,978045321
0.24117036880707,0.829530474390789,9,1,978045321
0.214458095857434,0.123805752693191,9,1,978045321
0.662053942851172,0.607242982320935,9,1,978045321
0.248086919775027,0.977520805428884,9,1,978045321
0.0382566242204012,0.87775814582983,9,1,978045321
0.115502512134477,0.214951735689923,9,1,978045321
0.724761198860083,0.289376938249424,9,1,978045321
0.42527013758176,0.648430070823138,9,1,978045321
0.639948929348809,0.246186730682464,9,1,978045321
0.114390264803851,0.642989510651794,9,1,978045321
0.698705153521781,0.679429008882677,9,1,978045321
0.365197345919134,0.9071766560396,9,1,978045321
0.209074800629753,0.850019271177492,9,1,978045321
0.588209542356901,0.649177796729001,9,1,978045321
0.866846556157014,0.969583127524632,9,1,978045321
0.561093859905939,0.928286280329116,9,1,978045321
0.571923873183319,0.0885887628623738,9,1,978045321
0.894409517732856,0.888829672119208,9,1,978045321
0.380829098707189,0.867168889575006,9,1,978045321
0.429639528502236,0.509868398550263,9,1,978045321
0.864411262284755,0.00644382046834124,9,1,978045321
0.497207786620707,0.280527621594993,9,1,978045321
0.150245990398075,0.0695093552401556,9,1,978045321
0.443781229348692,0.908822206527635,9,1,978045321
0.101921059540707,0.286136341391075,9,1,978045321
0.371722122832406,0.99910944921599,9,1,978045321
0.451460063663263,0.696206263051898,9,1,978045321
0.868776551588607,0.567870832534509,9,1,978045321
0.727704752878202,0.332250523795325,9,1,978045321
0.997372425355296,0.017708557281424,9,1,978045321
0.0287299985355522,0.515128453356521,9,1,978045321
0.458572173534246,0.844004508993483,9,1,978045321
0.33143841344939,0.470533961220477,9,1,978045321
0.934713700300098,0.559629733012349,9,1,978045321
0.115073612752796,0.329664713311719,9,1,978045321
0.469343297030557,0.769105652461585,9,1,978045321
0.917046052717768,0.242386367728813,9,1,978045321
0.862971425703708,0.521621072377727,9,1,978045321
0.494030579003493,0.826622993351339,9,1,978045321
0.180389688614764,0.0868647756509802,9,1,978045321
0.0237892487848095,0.480771399165049,9,1,978045321
0.142610435946269,0.604613182351861,9,1,978045321
0.712646046134713,0.90568900480817,9,1,978045321
0.393011215728591,0.0662610896385347,9,1,978045321
0.886963061268857,0.815149013199298,9,1,978045321
0.0736103670405479,0.74942634677538,9,1,978045321
0.0426475783942721,0.435351922945572,9,1,978045321
0.295781894251694,0.00233252408888807,9,1,978045321
0.0605568860034362,0.525546133366703,9,1,978045321
0.27809072588513,0.489092344384731,9,1,978045321
0.891968620245447,0.625112536061795,9,1,978045321
0.137811437738961,0.65856545504343,9,1,978045321
0.999987598907907,0.450561030624426,9,1,978045321
4.60808724094264E-05,0.0325694075458705,9,1,978045321
0.22471498641762,0.697086078960653,9,1,978045321
0.72174115843959,0.83477044303074,9,1,978045321
0.225293703448199,0.242618159523172,9,1,978045321
0.729369251801798,0.308563949938585,9,1,978045321
0.0902015180855091,0.715485294281498,9,1,978045321
0.625758007089882,0.974160721107587,9,1,978045321
0.872729251818778,0.265800412895548,9,1,978045321
0.752506095529339,0.3154521893259,9,1,978045321
0.138514740212604,0.823320890482814,9,1,978045321
0.235486418992084,0.506660236041758,9,1,978045321
0.204130394639629,0.946777130466562,9,1,978045321
0.149766337065837,0.988926467158331,9,1,978045321
0.570461974032855,0.0641546882956616,9,1,978045321
0.851827893270475,0.930869704182925,9,1,978045321
0.838073481869427,0.766937921083682,9,1,978045321
0.898609875475523,0.168905028047095,9,1,978045321
0.680493468135426,0.319013321697156,9,1,978045321
0.114138444325957,0.539757483200945,9,1,978045321
0.0439788762977358,0.998844472967949,9,1,978045321
0.959709023934743,0.577958381560762,9,1,978045321
0.666708482183815,0.838762774695611,9,1,978045321
0.0996561713790038,0.996185596075398,9,1,978045321
0.790385284657786,0.399649565411152,9,1,978045321
0.572339843038843,0.0969799564574281,9,1,978045321
0.184150902503068,0.995311033991271,9,1,978045321
0.73175313550157,0.86337954590342,9,1,978045321
0.0692711586245782,0.793034275796078,9,1,978045321
0.899186375956512,0.234572922327787,9,1,978045321
0.626362396530178,0.285003458423414,9,1,978045321
0.746979101485335,0.420160951590207,9,1,978045321
0.605467079928903,0.467699812456069,9,1,978045321
0.585274805328445,0.329354116174351,9,1,978045321
0.760597343298133,0.744852064076211,9,1,978045321
0.15011392783585,0.250948630500123,9,1,978045321
0.495952872264132,0.2436082796138,9,1,978045321
0.664245835174019,0.342562834842645,9,1,978045321
0.685337718177457,0.727828712733601,9,1,978045321
0.429669395969947,0.401056806355474,9,1,978045321
0.108476676270374,0.892549615326067,9,1,978045321
0.21356008913691,0.693712409368462,9,1,978045321
0.46916239194171,0.0307474940530357,9,1,978045321
0.975835883047627,0.156130953918415,9,1,978045321
0.0438096606626273,0.529437350342008,9,1,978045321
0.266104099756617,0.797839714006131,9,1,978045321
0.216276081503501,0.736535049801127,9,1,978045321
0.712585386699325,0.495709820265734,9,1,978045321
0.689583770532843,0.296963265448103,9,1,978045321
0.744151877743502,0.480621889226748,9,1,978045321
0.758860270393553,0.189982195748999,9,1,978045321
0.856337552045638,0.441592073986823,9,1,978045321
0.626156152192599,0.9122880622123,9,1,978045321
0.25262915909584,0.285880738885193,9,1,978045321
0.375843474991983,0.532800554617306,9,1,978045321
0.260020582534308,0.889387740137378,9,1,978045321
0.126016663404291,0.86420011258503,9,1,978045321
0.483012460951309,0.890309125766011,9,1,978045321
0.815776037965064,0.933007990453239,9,1,978045321
0.725056852638439,0.0128600960305354,9,1,978045321
0.764441529677551,0.593125302610513,9,1,978045321
0.702374726780923,0.48774596061979,9,1,978045321
0.608983270107216,0.306794835838792,9,1,978045321
0.435202417074919,0.587492670183007,9,1,978045321
0.68146413658533,0.193201159017417,9,1,978045321
0.719139547050807,0.909831097582468,9,1,978045321
0.699754395869403,0.654654048566808,9,1,978045321
0.761434406024131,0.991129131382275,9,1,978045321
0.951374278902806,0.437386153877003,9,1,978045321
0.862489432521464,0.797174814083715,9,1,978045321
0.704387159600181,0.09521837186624,9,1,978045321
0.45149131616785,0.950054975390752,9,1,978045321
0.0064902880668507,0.621788703548098,9,1,978045321
0.953640029322043,0.227086326943046,9,1,978045321
0.694999957511551,0.195929412665502,9,1,978045321
0.655458456161485,0.863073230169668,9,1,978045321
0.359674407878323,0.9247544033747,9,1,978045321
0.523923352367514,0.550163942403072,9,1,978045321
0.140490370729237,0.769532202717349,9,1,978045321
0.24117624394469,0.898320346607975,9,1,978045321
0.255006354439527,0.416615518012454,9,1,978045321
0.357359174023887,0.116749556974297,9,1,978045321
0.455278524615714,0.190365465560628,9,1,978045321
0.523126392065578,0.841172643091932,9,1,978045321
0.445678733207594,0.860013900168769,9,1,978045321
0.0424387101901387,0.635621150210708,9,1,978045321
0.197252954619854,0.852401060806089,9,1,978045321
0.405733366488767,0.494926628112587,9,1,978045321
0.276979460665635,0.350900577020519,9,1,978045321
0.159043997287061,0.642645987573955,9,1,978045321
0.267048045754721,0.110690808242913,9,1,978045321
0.0841176203925917,0.545588361234201,9,1,978045321
0.982389856684952,0.687646735726199,9,1,978045321
0.143850793318218,0.897970056456759,9,1,978045321
0.448581234317657,0.245709963162585,9,1,978045321
0.830986334901648,0.191172459140068,9,1,978045321
0.371510374910113,0.189433485262888,9,1,978045321
0.431194912573941,0.595359643979226,9,1,978045321
0.525292704480842,0.110030295921852,9,1,978045321
0.321112471343451,0.328546317873289,9,1,978045321
0.706922638282083,0.657533008103041,9,1,978045321
0.0032060798278688,0.572447893697941,9,1,978045321
0.88241822679592,0.0420771015765582,9,1,978045321
0.479115277828383,0.623410596597449,9,1,978045321
0.854713712848975,0.622606452036377,9,1,978045321
0.212322476501556,0.24634469746028,9,1,978045321
0.0816789620004874,0.34674609418104,9,1,978045321
0.852019989444531,0.753960271106836,9,1,978045321
0.664814750615521,0.0685405245051007,9,1,978045321
0.639486328464855,0.706039380124472,9,1,978045321
0.685164491700354,0.823694505491365,9,1,978045321
0.713177650532914,0.50394201684314,9,1,978045321
0.871969056919939,0.878255011788448,9,1,978045321
0.872551172300723,0.0622623038623669,9,1,978045321
0.895233702251688,0.115548654019978,9,1,978045321
0.994092306721753,0.583444783227198,9,1,978045321
0.839537437463724,0.53128932411691,9,1,978045321
0.57551486693911,0.127553227910851,9,1,978045321
0.541588120079509,0.26658327835997,9,1,978045321
0.255699168703002,0.0986064024044087,9,1,978045321
0.963098660999931,0.172781790734763,9,1,978045321
0.518571770220681,0.252746294882002,9,1,978045321
0.555120597241812,0.389154353330029,9,1,978045321
0.342455204689669,0.569151986695962,9,1,978045321
0.0776185441457788,0.153310264101801,9,1,978045321
0.993377730350279,0.144397383070069,9,1,978045321
0.0389302787625336,0.750255299034241,9,1,978045321
0.661248605334738,0.182897126226336,9,1,978045321
0.567526825339946,0.987465387446326,9,1,978045321
0.468003096811834,0.988059361294469,9,1,978045321
0.779394648886896,0.811905691521967,9,1,978045321
0.748285891916058,0.608481311956091,9,1,978045321
0.835996764293502,0.848558236533258,9,1,978045321
0.789294319992995,0.376698415199381,9,1,978045321
0.763317530767458,0.330189860785673,9,1,978045321
0.914475644989228,0.111462194350121,9,1,978045321
0.808847914197276,0.00529602202208257,9,1,978045321
0.908922865843879,0.469618720636021,9,1,978045321
0.971411206619097,0.604159311016859,9,1,978045321
0.771406095484575,0.952069586335986,9,1,978045321
0.127706741299316,0.701741402990932,9,1,978045321
0.661907629590949,0.766179260389517,9,1,978045321
0.855466927344814,0.753625390293306,9,1,978045321
0.912145866834927,0.349312744241799,9,1,978045321
0.49532142111716,0.0103991140140174,9,1,978045321
0.0993204367323797,0.651607421805281,9,1,978045321
0.622140094370805,0.633435881326823,9,1,978045321
0.474988311317922,0.268416768414279,9,1,978045321
0.630990921622708,0.89819364771422,9,1,978045321
0.28936337245924,0.637613347635578,9,1,978045321
0.245258179201142,0.227524223638934,9,1,978045321
0.149533038120508,0.155072879917469,9,1,978045321
0.497448260578726,0.878840546041679,9,1,978045321
0.915603390877729,0.684701948775018,9,1,978045321
0.443723215620764,0.535766800284693,9,1,978045321
0.219022533191533,0.795047158297829,9,1,978045321
0.394218167148401,0.696136233859808,9,1,978045321
0.0342593176516326,0.840220696846368,9,1,978045321
0.804306414370154,0.337895411247447,9,1,978045321
0.516513948227743,0.7661269365192,9,1,978045321
0.804241502942399,0.608807183615483,9,1,978045321
0.190084681610402,0.882377528406868,9,1,978045321
0.327408337876117,0.856031448505729,9,1,978045321
0.274500662293441,0.603161177295005,9,1,978045321
0.643337900677174,0.00985933565422603,9,1,978045321
0.99335327219918,0.400958256553675,9,1,978045321
0.930830633552864,0.668275416615354,9,1,978045321
0.67417484882787,0.215129450642013,9,1,978045321
0.972720329627449,0.605508593509112,9,1,978045321
0.650993503376533,0.245600656776377,9,1,978045321
0.195952372306134,0.421323906121112,9,1,978045321
0.123039106367508,0.330337870956434,9,1,978045321
0.907701447477803,0.651149751534642,9,1,978045321
0.46213180542853,0.0591329200540429,9,1,978045321
0.037251036792215,0.499696398768492,9,1,978045321
0.0589758216260183,0.67341480310411,9,1,978045321
0.215286822908006,0.532072245108983,9,1,978045321
0.186925717904389,0.831650159794122,9,1,978045321
0.996271662880965,0.903873298556954,9,1,978045321
0.238952108648784,0.292749580383683,9,1,978045321
0.0429162813737332,0.250483724158818,9,1,978045321
0.192311727157126,0.394085756598887,9,1,978045321
0.0678735142092739,0.273175442148873,9,1,978045321
0.612693870864228,0.398029764109475,9,1,978045321
0.48835545972263,0.184329411636284,9,1,978045321
0.131720829890439,0.913403948141791,9,1,978045321
0.614253134816311,0.66610071285779,9,1,978045321
0.0879945321033271,0.496659197615333,9,1,978045321
0.489834286190113,0.628542911913589,9,1,978045321
0.995651348735213,0.485155922403701,9,1,978045321
0.314243781098376,0.701473273487724,9,1,978045321
0.526349537542723,0.767572514242618,9,1,978045321
0.534021366685016,0.36737087493771,9,1,978045321
0.943869086469493,0.109380858860409,9,1,978045321
0.912736752594926,0.869775010729415,9,1,978045321
0.00874763733248951,0.674276929443162,9,1,978045321
0.219129331205371,0.681227874098961,9,1,978045321
0.893810774758247,0.395076574269479,9,1,978045321
0.477682259939484,0.829237166210757,9,1,978045321
0.752433558117199,0.960693217079317,9,1,978045321
0.803153122329143,0.34403644423803,9,1,978045321
0.563035312795992,0.77603235762904,9,1,978045321
0.0306460399458768,0.1007820541314,9,1,978045321
0.211362464368548,0.985259467525193,9,1,978045321
0.688113537993562,0.30492997656344,9,1,978045321
