0.194273071641758,0.0758833662053622,9,1,978045321
0.0613834754537139,0.671962681432388,9,1,978045321
0.879245846225877,0.0849028875136324,9,1,978045321
0.836105585344677,0.52813524601117,9,1,978045321
0.784746495556735,0.934556440251884,9,1,978045321
0.926962374316034,0.98211242305149,9,1,978045321
0.54136739425724,0.244119334440783,9,1,978045321
0.66317413024271,0.230765903865025,9,1,978045321
0.533442497183521,0.584893993498127,9,1,978045321
0.821297768182291,0.752971092534036,9,1,978045321
0.946490152808639,0.736246791657888,9,1,978045321
0.412743952930341,0.869427252176466,9,1,978045321
0.716078101031989,0.839489928330842,9,1,978045321
0.448669283909836,0.189188666998313,9,1,978045321
0.373745850213495,0.226067591739818,9,1,978045321
0.203395180515785,0.171137492616115,9,1,978045321
0.619865676738112,0.213118567766633,9,1,978045321
0.894132367342721,0.164320593719845,9,1,978045321
0.910822761015862,0.631227983092162,9,1,978045321
0.527862491870421,0.772855652257389,9,1,978045321
0.736429354052605,0.278152486910374,9,1,978045321
0.137575040300312,0.967535153734626,9,1,978045321
0.965503185162755,0.997634398266506,9,1,978045321
0.840307828669953,0.879268865561252,9,1,978045321
0.928455671719097,0.50341569947933,9,1,978045321
0.905222318381308,0.0276386863253746,9,1,978045321
0.365999938080899,0.336158076359659,9,1,978045321
0.351355715445319,0.190741778238934,9,1,978045321
0.816894514713468,0.16514029142903,9,1,978045321
0.345191898274097,0.404408143005918,9,1,978045321
0.30044892930701,0.279200450817555,9,1,978045321
0.587211826247417,0.767515036839968,9,1,978045321
0.046197426299222,0.381114070877663,9,1,978045321
0.443305616209932,0.0967098351685927,9,1,978045321
0.656087980813655,0.544590575164745,9,1,978045321
0.197097518231106,0.28706991822108,9,1,978045321
0.192023104823394,0.214840455029015,9,1,978045321
0.774632957088905,0.046587843147087,9,1,978045321
0.444737326420205,0.24494409168536,9,1,978045321
0.534575189612377,0.805492668446987,9,1,978045321
0.383099833032169,0.00576807136132729,9,1,978045321
0.760303817128285,0.805615330364839,9,1,978045321
0.888114542861921,0.832336879429493,9,1,978045321
0.217098314693352,0.570017548508473,9,1,978045321
0.469099981725154,0.767926246048036,9,1,978045321
0.295497994534935,0.308160499993046,9,1,978045321
0.764311187625462,0.435898236847954,9,1,978045321
0.477076436336629,0.435787233148852,9,1,978045321
0.949684292188235,0.014789403668739,9,1,978045321
0.251672400188034,0.0252841892497955,9,1,978045321
0.163778858176598,0.23299931968281,9,1,978045321
0.798570390461152,0.07173076510034,9,1,978045321
0.704247672194196,0.91023264275935,9,1,978045321
0.840092175461882,0.15505445395473,9,1,978045321
0.410346289350866,0.00516747486624247,9,1,978045321
0.168705083409673,0.27006430307237,9,1,978045321
0.578137103451751,0.653547909240719,9,1,978045321
0.39614411522079,0.173794343715324,9,1,978045321
0.68902066697947,0.67499081940517,9,1,978045321
0.879880025954636,0.796831085800321,9,1,978045321
0.265078997573963,0.147204886870527,9,1,978045321
0.957271591257292,0.946134793261683,9,1,978045321
0.394140118879268,0.892917346624284,9,1,978045321
0.0556693982235101,0.027362296577377,9,1,978045321
0.65063518231544,0.516007224625271,9,1,978045321
0.0603567194220864,0.982071778670355,9,1,978045321
0.87003671757453,0.181615595419752,9,1,978045321
0.447491561735985,0.893324258036214,9,1,978045321
0.836306286327254,0.631560020169598,9,1,978045321
0.760532999305517,0.486939845707165,9,1,978045321
0.38388009989473,0.0407005391302304,9,1,978045321
0.364516854020239,0.378994394959802,9,1,978045321
0.668806001048629,0.808078419003921,9,1,978045321
0.397989180843828,0.484395417537111,9,1,978045321
0.258937780285596,0.201206251290479,9,1,978045321
0.981320012455881,0.501324492408991,9,1,978045321
0.546324593612543,0.895681745268917,9,1,978045321
0.610945062305861,0.0654982287363559,9,1,978045321
0.975443849606856,0.0775386989978815,9,1,978045321
0.259762791018205,0.917684923145744,9,1,978045321
0.673738705913965,0.930116421135061,9,1,978045321
0.849757434556422,0.190925385858756,9,1,978045321
0.983101955417126,0.191320007512147,9,1,978045321
0.626199667997688,0.645927853641008,9,1,978045321
0.00873077301511493,0.48208736498731,9,1,978045321
0.295114582305232,0.968474317318162,9,1,978045321
0.279922851159603,0.823622419127369,9,1,978045321
0.902112913422334,0.55768249750066,9,1,978045321
0.423846353035691,0.385853002758004,9,1,978045321
0.970998032840211,0.702513326271295,9,1,978045321
0.538878090256114,0.735836737842403,9,1,978045321
0.712695249111616,0.0257867510885239,9,1,978045321
0.0191470347840934,0.995475751774356,9,1,978045321
0.74597068941141,0.897149834546235,9,1,978045321
0.184404404423951,0.654588801273399,9,1,978045321
0.303505781212529,0.448348082834832,9,1,978045321
0.281613682053983,0.111696767009547,9,1,978045321
0.0613325872528998,0.455671371791376,9,1,978045321
0.460121597216715,0.985393304138013,9,1,978045321
0.166531793147836,0.165238847211772,9,1,978045321
0.872433050677614,0.385963374227335,9,1,978045321
0.139601842697125,0.48806245787927,9,1,978045321
0.645222317350273,0.203136249741277,9,1,978045321
0.520077594079279,0.324430200851844,9,1,978045321
0.017668865228635,0.61313670109743,9,1,978045321
0.996062760952273,0.880213233264702,9,1,978045321
0.344135624787487,0.0815685647257822,9,1,978045321
0.405962299694686,0.607723016559754,9,1,978045321
0.833423415907207,0.335095114031675,9,1,978045321
0.0544712702283414,0.00570224123640917,9,1,978045321
0.0578716029297182,0.394606243916527,9,1,978045321
0.787565375687687,0.656302129368783,9,1,978045321
0.873045137546193,0.15427769431125,9,1,978045321
0.00593075725461034,0.262377420737366,9,1,978045321
0.0218101862046831,0.668631256035952,9,1,978045321
0.847101735626105,0.981152612659631,9,1,978045321
0.868657247032602,0.468720482300782,9,1,978045321
0.486371242136197,0.743319015280009,9,1,978045321
0.568092784477269,0.547925847581556,9,1,978045321
0.0139691000500122,0.449403023831891,9,1,978045321
0.744241021846645,0.685947126801012,9,1,978045321
0.0659287895747207,0.981537773769054,9,1,978045321
0.299739011015065,0.693145061154453,9,1,978045321
0.427490510202414,0.440614198665667,9,1,978045321
0.0300624006350843,0.959730389127384,9,1,978045321
0.254219848989372,0.656404118389419,9,1,978045321
0.766914145064737,0.905603974392103,9,1,978045321
0.0471333656830311,0.656594216165137,9,1,978045321
0.343725092095567,0.106947027354005,9,1,978045321
0.283097170690559,0.00498597706037174,9,1,978045321
0.171825301745439,0.244286662447821,9,1,978045321
0.644598072870749,0.32724014605325,9,1,978045321
0.964113721817893,0.0915310144329342,9,1,978045321
0.196776248112581,0.598313797054741,9,1,978045321
0.531513604387526,0.766023598624757,9,1,978045321
0.303774679148415,0.930380717814482,9,1,978045321
0.468909161199743,0.495118901411438,9,1,978045321
0.14774823029123,0.403091936260901,9,1,978045321
0.223629239805459,0.912980845846119,9,1,978045321
0.764824770607184,0.957616425422535,9,1,978045321
0.622170908658731,0.66132750536046,9,1,978045321
0.673453308670909,0.827370954257692,9,1,978045321
0.349912191721526,0.407933008578472,9,1,978045321
0.273200157934737,0.632667325735049,9,1,978045321
0.766757350824517,0.362304108787843,9,1,978045321
0.245407249219531,0.701477113888162,9,1,978045321
0.350128842235754,0.287276647383886,9,1,978045321
0.992387775145419,0.193383993904014,9,1,978045321
0.646423760210291,0.220035064420776,9,1,978045321
0.559911445128076,0.459688611419351,9,1,978045321
0.625395151206426,0.305534430153324,9,1,978045321
0.595678351678023,0.577109804446365,9,1,978045321
0.735598062316966,0.939348261315929,9,1,978045321
0.59504766433221,0.390053804279634,9,1,978045321
0.671422188789021,0.998916686465478,9,1,978045321
0.331880741331092,0.440041671903402,9,1,978045321
0.336184971489909,0.710308514928874,9,1,978045321
0.307429046600435,0.678767743645138,9,1,978045321
0.349764975664134,0.644225369801356,9,1,978045321
0.781474325936436,0.934766871600443,9,1,978045321
0.805604731217006,0.101299931090032,9,1,978045321
0.590487677625494,0.549846250841103,9,1,978045321
0.15006624048113,0.537940683803346,9,1,978045321
0.646286180807923,0.721174274573975,9,1,978045321
0.723824118333854,0.842978553066249,9,1,978045321
0.85524829723462,0.0826722364848012,9,1,978045321
0.543368899399162,0.0601906684495852,9,1,978045321
0.579615100871783,0.226810500204,9,1,978045321
0.76868100907248,0.789977996257979,9,1,978045321
0.137520667246911,0.151635399423788,9,1,978045321
0.0958815474057513,0.417901140897047,9,1,978045321
0.724803852997986,0.561657785161462,9,1,978045321
0.624674433021713,0.578855277074317,9,1,978045321
0.481958200607015,0.564798776574566,9,1,978045321
0.252399754487264,0.0375545310792988,9,1,978045321
0.124365820486776,0.769271862674095,9,1,978045321
0.548136881956753,0.0354086702113285,9,1,978045321
0.0525065658603792,0.467730621234951,9,1,978045321
0.601830117051823,0.993862277838867,9,1,978045321
0.796257630566496,0.850869797428153,9,1,978045321
0.50151196879614,0.142953376226068,9,1,978045321
0.987793966588569,0.685825275780926,9,1,978045321
0.801994442563567,0.28533094870162,9,1,978045321
0.544022515555844,0.818598351446242,9,1,978045321
0.668395011943603,0.559850606353143,9,1,978045321
0.490555544118285,0.572674270862747,9,1,978045321
0.870061018223438,0.0818804591655287,9,1,978045321
0.933705169990343,0.639314268853195,9,1,978045321
0.657274213796327,0.619626579737998,9,1,978045321
0.098954497287798,0.0267436468935145,9,1,978045321
0.819422111417376,0.198029149564356,9,1,978045321
0.182291445971951,0.911775036106811,9,1,978045321
0.702552836726987,0.271036500686071,9,1,978045321
0.607622565516868,0.764418413527095,9,1,978045321
0.455616976667456,0.484613984274656,9,1,978045321
0.543312366225032,0.966217217006002,9,1,978045321
0.871461973168276,0.0493712608168426,9,1,978045321
0.370578479086099,0.00179554580501939,9,1,978045321
0.693203345955971,0.189587526801199,9,1,978045321
0.157320612788197,0.382619897286784,9,1,978045321
0.465709312370617,0.446432389985403,9,1,978045321
0.523855368043939,0.741199069353477,9,1,978045321
0.795209138303014,0.849330843382024,9,1,978045321
0.546805727261551,0.621226118717506,9,1,978045321
0.735159547742562,0.816759269873396,9,1,978045321
0.99861686726766,0.916687575896134,9,1,978045321
0.115808857941895,0.595689315340835,9,1,978045321
0.935140658720369,0.0109941953590376,9,1,978045321
0.0991636111932732,0.942589358587835,9,1,978045321
0.963593696601101,0.725957561407083,9,1,978045321
0.0659559988187663,0.376031481500137,9,1,978045321
0.317986783672728,0.953673634461761,9,1,978045321
0.667914464584116,0.665877983132354,9,1,978045321
0.359676961079584,0.504853874252242,9,1,978045321
0.453373175026869,0.380372764716365,9,1,978045321
0.18633594275905,0.4033840099735,9,1,978045321
0.00567030192319962,0.199274054686055,9,1,978045321
0.836670467518378,0.982285514078714,9,1,978045321
0.557752917291109,0.630375137182701,9,1,978045321
0.190962215147964,0.701668418367238,9,1,978045321
0.32042046768682,0.616718266126385,9,1,978045321
0.359570814458645,0.852626151233304,9,1,978045321
0.778688911763459,0.583495448376208,9,1,978045321
0.44496476409892,0.688820507400202,9,1,978045321
0.28434890202826,0.935276193197532,9,1,978045321
0.192793823940099,0.961569813916737,9,1,978045321
0.761195751617554,0.999186778635042,9,1,978045321
0.706880720243858,0.866580571882157,9,1,978045321
0.821209725202687,0.383248252342516,9,1,978045321
0.681116369376761,0.168228611805154,9,1,978045321
0.213967279203405,0.635309970594793,9,1,978045321
0.731862325782158,0.928459572507255,9,1,978045321
0.578764114161544,0.0863230375543313,9,1,978045321
0.179586657843479,0.424585292734795,9,1,978045321
0.0820170428592475,0.930875373579998,9,1,978045321
0.465390755801781,0.67602023449541,9,1,978045321
0.0218748734884775,0.717495457391032,9,1,978045321
0.0239885911632784,0.342788382125319,9,1,978045321
0.415339846923775,0.873745520511111,9,1,978045321
0.012030120850179,0.782319301559203,9,1,978045321
0.61473963111654,0.214489954813956,9,1,978045321
0.239835616841591,0.468452510252115,9,1,978045321
0.147654048497495,0.0665995723653321,9,1,978045321
0.745368862138506,0.967665157258186,9,1,978045321
0.294492797273537,0.708516389083803,9,1,978045321
0.266866931512457,0.932847217268677,9,1,978045321
0.312871267656722,0.259229475087622,9,1,978045321
0.371130974480943,0.667835287790589,9,1,978045321
0.352313765423481,0.732574114583697,9,1,978045321
0.379632043837692,0.781862581993232,9,1,978045321
0.759442616914015,0.629729315525929,9,1,978045321
0.124356339174203,0.897088244546896,9,1,978045321
0.298119944321273,0.68653142794552,9,1,978045321
0.226928850344357,0.109297989418536,9,1,978045321
0.351938281415607,0.607777533654642,9,1,978045321
0.712542354163038,0.542181197454789,9,1,978045321
0.530194212362854,0.196622451200571,9,1,978045321
0.932412793394282,0.671891005065513,9,1,978045321
0.471765501489934,0.979716332974562,9,1,978045321
0.262768822983114,0.685317623897547,9,1,978045321
0.197435614108479,0.749292461899406,9,1,978045321
0.472015325961506,0.069002071918816,9,1,978045321
0.731725638959037,0.258480548060188,9,1,978045321
0.419664032267071,0.157243638135322,9,1,978045321
0.230984165248699,0.668062848801344,9,1,978045321
0.641844141022608,0.875027887039863,9,1,978045321
0.489166446433021,0.841196338888313,9,1,978045321
0.351807183588457,0.658685542784634,9,1,978045321
0.807545959524087,0.668636461473665,9,1,978045321
0.30234853119246,0.442505215472777,9,1,978045321
0.874729802135872,0.944746628622791,9,1,978045321
0.0885036718892067,0.965837785139624,9,1,978045321
0.0265833115968939,0.426785435941653,9,1,978045321
0.757816631558947,0.853369277991941,9,1,978045321
0.0318438115481108,0.0203080517205878,9,1,978045321
0.196103002295855,0.279466109406089,9,1,978045321
0.765465014254272,0.193223968656862,9,1,978045321
0.890013675282595,0.106011180124831,9,1,978045321
0.648449774863223,0.889514421376696,9,1,978045321
0.826141493141836,0.227327348088606,9,1,978045321
0.473704346888493,0.265356608864644,9,1,978045321
0.739992057320952,0.824093040971299,9,1,978045321
0.613025376647269,0.176003938252583,9,1,978045321
0.23877049182099,0.144165622366727,9,1,978045321
0.386328688966888,0.0518807313054608,9,1,978045321
0.153699976793975,0.693930108732559,9,1,978045321
0.0943603136587536,0.447875598474765,9,1,978045321
0.431779556606723,0.818126814769292,9,1,978045321
0.348072381603552,0.313849606843511,9,1,978045321
0.13136528927641,0.0123441951622509,9,1,978045321
0.844663742519982,0.990778902730507,9,1,978045321
0.155843121961362,0.436726939806682,9,1,978045321
0.974882096351559,0.597978020793982,9,1,978045321
0.775805140596701,0.367554588685492,9,1,978045321
0.238618298190851,0.18729014378946,9,1,978045321
0.863985067790572,0.170726096058821,9,1,978045321
0.690983774034865,0.495505863676735,9,1,978045321
0.448077118334314,0.0352747914224407,9,1,978045321
0.478356954005375,0.971373628677057,9,1,978045321
0.112591528559479,0.693539025545221,9,1,978045321
0.196432764368724,0.574329931498684,9,1,978045321
0.317610684395983,0.782459970520577,9,1,978045321
0.147462168281119,0.329732758170992,9,1,978045321
0.112959590010327,0.164761838617523,9,1,978045321
0.0104901934825345,0.859514380522951,9,1,978045321
0.0156393524793197,0.62775088801694,9,1,978045321
0.460412394085919,0.839825867906613,9,1,978045321
0.154745317694788,0.0938650415663655,9,1,978045321
0.909091504121085,0.189684312234788,9,1,978045321
0.579965470190619,0.436552218537994,9,1,978045321
0.390461906043701,0.468331988663917,9,1,978045321
0.474891964115106,0.238664432762038,9,1,978045321
0.134030486555081,0.897522399544791,9,1,978045321
0.281127915691139,0.069628189605873,9,1,978045321
0.0305212821463616,0.880927739041963,9,1,978045321
0.844569400482658,0.305436688680891,9,1,978045321
0.916442296125493,0.00548606904217874,9,1,978045321
0.739892217526476,0.166297199285486,9,1,978045321
0.497641362518102,0.973631357669531,9,1,978045321
0.0123049308770584,0.268555476916287,9,1,978045321
0.643493891710672,0.439199272932865,9,1,978045321
0.9899067797081,0.266148791949719,9,1,978045321
0.986614472296275,0.424070367316567,9,1,978045321
0.574723274573856,0.34574019910074,9,1,978045321
0.0885891522175353,0.557944365708473,9,1,978045321
0.914233145330145,0.0492796633573589,9,1,978045321
0.348691977232736,0.122520535709895,9,1,978045321
0.339191650577311,0.457047795343069,9,1,978045321
0.204664830043048,0.0172845578460654,9,1,978045321
0.914376257077079,0.634343142419728,9,1,978045321
0.678765946049708,0.935536844934134,9,1,978045321
0.989009830013921,0.907407660493136,9,1,978045321
0.564063676157042,0.501730385031496,9,1,978045321
0.435334623775288,0.199341423176477,9,1,978045321
0.642444293533144,0.769880356270023,9,1,978045321
0.0843647723059666,0.0641983792654965,9,1,978045321
0.788683168129302,0.980840419756458,9,1,978045321
0.527578246138791,0.8265222439919,9,1,978045321
0.615396274904928,0.445460228372581,9,1,978045321
0.462897789574218,0.019501054988492,9,1,978045321
0.768765797286268,0.175800227699708,9,1,978045321
0.662854298010709,0.620186290823527,9,1,978045321
0.275956269047183,0.392973505150262,9,1,978045321
0.0307477860232295,0.0451171362060947,9,1,978045321
0.502841705742689,0.206787848456292,9,1,978045321
0.594573171342697,0.777205829914677,9,1,978045321
0.41526126798111,0.937579689145436,9,1,978045321
0.779641607186164,0.348359473578328,9,1,978045321
0.0352846633155561,0.144655261659682,9,1,978045321
0.398913372559023,0.0740367114935054,9,1,978045321
0.367601749416223,0.217987390339872,9,1,978045321
0.671457305003392,0.0545642799830741,9,1,978045321
0.182673945884771,0.391135344821665,9,1,978045321
0.438255175236633,0.163497671454046,9,1,978045321
0.571046617289229,0.667307749663856,9,1,978045321
0.0782162436013571,0.809564566455533,9,1,978045321
0.984827196667051,0.679411933125684,9,1,978045321
0.572225278990598,0.271880080042269,9,1,978045321
0.614217262570584,0.932725364628017,9,1,978045321
0.979639717086132,0.192797850498161,9,1,978045321
0.463231734671887,0.0455988755886976,9,1,978045321
0.762665229602486,0.823183741234016,9,1,978045321
0.426122514112536,0.252394967599459,9,1,978045321
0.147296482053531,0.862075533290918,9,1,978045321
0.101395381746407,0.481746065288274,9,1,978045321
0.701954806417047,0.364647680515967,9,1,978045321
0.407941679406582,0.722805573448855,9,1,978045321
0.320351874686224,0.0163057319423294,9,1,978045321
0.547943334635092,0.0995197286557112,9,1,978045321
0.128131952013458,0.764621078682211,9,1,978045321
0.358521282437243,0.978278680318957,9,1,978045321
0.359454580953693,0.802929639362443,9,1,978045321
0.006879847205294,0.271803308996593,9,1,978045321
0.662945276989307,0.215814045787726,9,1,978045321
0.535628303610548,0.996382632419095,9,1,978045321
0.333164871047795,0.514131354864553,9,1,978045321
0.23702378180954,0.651591277765624,9,1,978045321
0.946311579344287,0.998568067999925,9,1,978045321
0.73595158040359,0.735150864648073,9,1,978045321
0.518717519919798,0.538058141171132,9,1,978045321
0.631929939820222,0.743069289223853,9,1,978045321
0.121079563883006,0.398901712994839,9,1,978045321
0.141326273545009,0.738935280272097,9,1,978045321
0.72490272048383,0.0816897767597196,9,1,978045321
0.522366619961858,0.226257059622947,9,1,978045321
0.481965846012613,0.52786054845434,9,1,978045321
0.575817923981504,0.599602672850145,9,1,978045321
0.618047389554425,0.250934791365456,9,1,978045321
0.0864253229425824,0.209966030786818,9,1,978045321
0.463318351953673,0.588244710183811,9,1,978045321
0.563764151411204,0.116767190138624,9,1,978045321
0.892412554344653,0.231414324524914,9,1,978045321
0.80393895521859,0.371711695203241,9,1,978045321
0.509838120388578,0.663433484094632,9,1,978045321
0.860964381011273,0.998996549970607,9,1,978045321
0.565520193687909,0.208081775997483,9,1,978045321
0.695570025977522,0.898027769339982,9,1,978045321
0.951114089465865,0.470607522367221,9,1,978045321
0.537813534070266,0.439998021761158,9,1,978045321
0.601927774505744,0.176386120223991,9,1,978045321
0.916565265237437,0.936579679694567,9,1,978045321
0.333054943695837,0.40732245978763,9,1,978045321
0.68161169141763,0.575471981482378,9,1,978045321
0.655872678174378,0.133631074147011,9,1,978045321
0.846159752086067,0.965750071807651,9,1,978045321
0.69058547406415,0.57187778830711,9,1,978045321
0.418989146816681,0.123791860771866,9,1,978045321
0.113219267101611,0.929491940796257,9,1,978045321
0.00169761376601452,0.965647450062055,9,1,978045321
0.813526847007075,0.91421559373884,9,1,978045321
0.715283832276619,0.469160605010774,9,1,978045321
0.916786376074904,0.826133762014817,9,1,978045321
0.0379416590505395,0.427900812154222,9,1,978045321
0.688674198610282,0.463096628372777,9,1,978045321
0.810419265252873,0.350624951088368,9,1,978045321
0.577274870613699,0.616868810333139,9,1,978045321
0.742869777310552,0.347212139216566,9,1,978045321
0.887280483611513,0.252977602304939,9,1,978045321
0.698157503543883,0.162072474931213,9,1,978045321
0.157113722268155,0.258679074246205,9,1,978045321
0.724925848001403,0.470052918880548,9,1,978045321
0.621273827098282,0.381792424606268,9,1,978045321
0.653101828291837,0.782193368760074,9,1,978045321
0.802143892330311,0.170779754270277,9,1,978045321
0.697903460814173,0.793020218608337,9,1,978045321
0.0108072646678554,0.641482029914118,9,1,978045321
0.492068777357603,0.0170027013214549,9,1,978045321
0.374374939690114,0.483829689275119,9,1,978045321
0.80445451771796,0.484875200646377,9,1,978045321
0.269420989917578,0.485837886320652,9,1,978045321
0.128420700285517,0.0811608161611295,9,1,978045321
0.625079879753503,0.9688838741249,9,1,978045321
0.831142983858641,0.626308270440165,9,1,978045321
0.113106957310634,0.914847502866536,9,1,978045321
0.772603635411446,0.0577315754009513,9,1,978045321
0.0342501339284675,0.349151972193161,9,1,978045321
0.965257137114691,0.368043186673616,9,1,978045321
0.290410110782958,0.752371448144995,9,1,978045321
0.499062178153158,0.720630094632466,9,1,978045321
0.811879048281147,0.605001690358522,9,1,978045321
0.384834880561299,0.496839267002493,9,1,978045321
0.26386063167095,0.852958096606295,9,1,978045321
0.304054910365062,0.683937172229513,9,1,978045321
0.954985275391092,0.739421527165181,9,1,978045321
0.00773258330599269,0.599286787603811,9,1,978045321
0.526518011852352,0.477678642627664,9,1,978045321
0.553434824372516,0.321060955887318,9,1,978045321
0.61821011515007,0.158271637379936,9,1,978045321
0.653315785798136,0.0630986121798947,9,1,978045321
0.594748135405599,0.947337136012865,9,1,978045321
0.0784524448760142,0.268372902768036,9,1,978045321
0.140144421630471,0.969740860483143,9,1,978045321
0.946062746424548,0.864538793794315,9,1,978045321
0.343838928297115,0.073219086411469,9,1,978045321
0.0522101929791241,0.257877893761542,9,1,978045321
0.625692397418179,0.145556840346683,9,1,978045321
0.622643487957678,0.204333533618246,9,1,978045321
0.413521622367059,0.228813351187513,9,1,978045321
0.0900420219059681,0.563239737932696,9,1,978045321
0.237368767122969,0.295118440361093,9,1,978045321
0.15801565783331,0.652321077764707,9,1,978045321
0.659472868851545,0.202548703970348,9,1,978045321
0.100723495197891,0.444619102751206,9,1,978045321
0.69615795885572,0.153361054503385,9,1,978045321
0.727597677324232,0.138588303827086,9,1,978045321
0.175161798774147,0.643459330886101,9,1,978045321
0.346960782756354,0.422214628758661,9,1,978045321
0.854025704047351,0.0203128418397047,9,1,978045321
0.0178166676847376,0.735225184756336,9,1,978045321
0.466480994287247,0.451840666385934,9,1,978045321
0.00515242412913341,0.730140582789011,9,1,978045321
0.518572026497389,0.860497402273873,9,1,978045321
0.101243669402798,0.652154465174372,9,1,978045321
0.757772714295163,0.490071840732831,9,1,978045321
0.30295160138577,0.392510683730631,9,1,978045321
0.413687362757329,0.0233969195137029,9,1,978045321
0.666711759919441,0.355722492871652,9,1,978045321
0.285897840138838,0.230965452886051,9,1,978045321
0.510314147033587,0.691150766777186,9,1,978045321
0.700216572268387,0.180727405653438,9,1,978045321
0.174945595219566,0.996993833674663,9,1,978045321
0.924637244752112,0.903945222214303,9,1,978045321
0.436597479655837,0.0746667936965899,9,1,978045321
0.752601527203655,0.463905818748714,9,1,978045321
0.837128693571485,0.00234842894518872,9,1,978045321
0.398652537084094,0.475407570014077,9,1,978045321
0.601067650916779,0.674729056818039,9,1,978045321
0.40783246232804,0.904050763069582,9,1,978045321
0.254467147238448,0.777671524066334,9,1,978045321
0.743909205169561,0.174192456239151,9,1,978045321
0.68167417177022,0.507199680127823,9,1,978045321
0.934599934053222,0.47789731293169,9,1,978045321
0.712137022256073,0.117067389818921,9,1,978045321
0.209037265642111,0.0881820598101735,9,1,978045321
0.866437897059854,0.326889352120902,9,1,978045321
0.261531757676205,0.262477535157845,9,1,978045321
0.80487198461453,0.439258224804533,9,1,978045321
0.0515107153611964,0.764501418652546,9,1,978045321
0.19307994236173,0.766897370169327,9,1,978045321
0.708951823044961,0.830054327001079,9,1,978045321
0.417011156923529,0.428792244398708,9,1,978045321
0.05373900229415,0.641010663286741,9,1,978045321
0.950835827199207,0.476793334406238,9,1,978045321
0.19652822286363,0.685371201992745,9,1,978045321
0.783247878334135,0.513166438458937,9,1,978045321
0.369850240410154,0.603379656358562,9,1,978045321
0.432119799166506,0.0472821524967713,9,1,978045321
0.397748510469557,0.15691576799572,9,1,978045321
0.839877623087075,0.566704683363176,9,1,978045321
0.228374979737708,0.194142260608259,9,1,978045321
0.439245169335055,0.156541592236604,9,1,978045321
0.873822879719953,0.466579988572303,9,1,978045321
0.428155848683875,0.130121102481057,9,1,978045321
0.822345610254549,0.917631524756142,9,1,978045321
0.667970071550952,0.765891079958142,9,1,978045321
0.321096336560003,0.7460529661415,9,1,978045321
0.856902185159187,0.526065318429406,9,1,978045321
0.607564487435607,0.667553049468881,9,1,978045321
0.896021189317817,0.724507044885717,9,1,978045321
0.878050599244799,0.969221635828823,9,1,978045321
0.530445203410868,0.954299581119518,9,1,978045321
0.519827686608055,0.828524507836183,9,1,978045321
0.70657694774618,0.549317354292933,9,1,978045321
0.752015193722126,0.765963374096207,9,1,978045321
0.588019284140464,0.98198016022251,9,1,978045321
0.750747756525492,0.873094516371859,9,1,978045321
0.713634504521022,0.848007352808199,9,1,978045321
0.147749470675148,0.837053458842504,9,1,978045321
0.875779408779093,0.718372386631788,9,1,978045321
0.864474542367264,0.536835111024298,9,1,978045321
0.571282451021732,0.495668816126994,9,1,978045321
0.445549138641531,0.704763852592053,9,1,978045321
0.963750548297988,0.452402773803601,9,1,978045321
0.869907876655339,0.747662811283845,9,1,978045321
0.177300326324478,0.982090406392201,9,1,978045321
0.653853923435095,0.829609037432781,9,1,978045321
0.907201518135052,0.0713860201320422,9,1,978045321
0.814905585168082,0.367453877269035,9,1,978045321
0.669160621829071,0.518732839943807,9,1,978045321
0.503216659796336,0.937400486714681,9,1,978045321
0.310258362140335,0.929831400040068,9,1,978045321
0.223850215388506,0.729725401023636,9,1,978045321
0.725904454433532,0.955293490027352,9,1,978045321
0.919746244639564,0.755734341430538,9,1,978045321
0.579924320851453,0.53483167385098,9,1,978045321
0.91359402387761,0.361584412302012,9,1,978045321
0.204964565155444,0.541667708259372,9,1,978045321
0.163217844839904,0.263907308325239,9,1,978045321
0.410622316306096,0.967607929164276,9,1,978045321
0.38664330362636,0.0935723653664529,9,1,978045321
0.38008907245427,0.00570583346424947,9,1,978045321
0.920055048566562,0.128219622391636,9,1,978045321
0.965350081235435,0.817435503082298,9,1,978045321
0.483774740755649,0.868883904634624,9,1,978045321
0.584666133382748,0.907510568510437,9,1,978045321
0.419036401728577,0.769661819003266,9,1,978045321
0.288265636159293,0.635321088282319,9,1,978045321
0.173485482474001,0.618248294182979,9,1,978045321
0.36931843165842,0.592220524589465,9,1,978045321
0.0262563049064144,0.479056082605594,9,1,978045321
0.771570316008809,0.734466316547091,9,1,978045321
0.146644417039691,0.271945146864389,9,1,978045321
0.572309820415588,0.875858420457314,9,1,978045321
0.135286987195542,0.890518024093008,9,1,978045321
0.157267142361471,0.750939126049282,9,1,978045321
0.734678863914824,0.918908423195028,9,1,978045321
0.714038322716763,0.461649013870011,9,1,978045321
0.478844694567999,0.367796899177655,9,1,978045321
0.619109569298229,0.596095808726226,9,1,978045321
0.896076612252017,0.367384527270645,9,1,978045321
0.726021682721212,0.821257414784451,9,1,978045321
0.613836283658473,0.810575940459519,9,1,978045321
0.970870058351944,0.289300140868741,9,1,978045321
0.0993157269803557,0.435765931851281,9,1,978045321
0.423780884583188,0.52928548900563,9,1,978045321
0.840901193445915,0.468991765897898,9,1,978045321
0.111208331138922,0.698185984044482,9,1,978045321
0.342043658683647,0.355110424000107,9,1,978045321
0.547783710762525,0.157855294213542,9,1,978045321
0.390925899195736,0.468103030434696,9,1,978045321
0.931103334590449,0.320725342071928,9,1,978045321
0.982991319934696,0.0387787897859506,9,1,978045321
0.585801152745321,0.471472847812839,9,1,978045321
0.103399131874418,0.937218616318102,9,1,978045321
0.484707093692796,0.877483991251165,9,1,978045321
0.324989007872023,0.449462266994378,9,1,978045321
0.995827297667297,0.651055931128922,9,1,978045321
0.37581641822648,0.695344112346325,9,1,978045321
0.515162830824753,0.42173590936687,9,1,978045321
0.71624797425569,0.869773374042379,9,1,978045321
0.822185919866435,0.366923508984583,9,1,978045321
0.869773030214295,0.148214809888554,9,1,978045321
0.4174992515107,0.481387981258092,9,1,978045321
0.44705946992289,0.597527379599625,9,1,978045321
0.400340988524363,0.46494000314831,9,1,978045321
0.711403575018327,0.344206880506159,9,1,978045321
0.30386380343596,0.165279857696464,9,1,978045321
0.691040920265468,0.596836435872802,9,1,978045321
0.833770882843359,0.569401464389546,9,1,978045321
0.319875441418371,0.570947828318902,9,1,978045321
0.866699495159018,0.748072036255153,9,1,978045321
0.303653150892299,0.92618710113311,9,1,978045321
0.844574680099393,0.305710622182292,9,1,978045321
0.0336280661456643,0.103035302913199,9,1,978045321
0.682520105566094,0.689469981063099,9,1,978045321
0.950444833811862,0.498525543974273,9,1,978045321
0.820235140147801,0.739505694176798,9,1,978045321
0.0257945663908217,0.469211657762326,9,1,978045321
0.603843813547664,0.714165787392329,9,1,978045321
0.799247023623087,0.96528733935506,9,1,978045321
0.432089566798238,0.0586690398062286,9,1,978045321
0.328389496701972,0.83654073033339,9,1,978045321
0.611355554220402,0.540626303909412,9,1,978045321
0.977148273836499,0.417590155486251,9,1,978045321
0.31940511849162,0.728444848280628,9,1,978045321
0.176736935413784,0.329916738613756,9,1,978045321
0.880849181813793,0.424910988528015,9,1,978045321
0.0591552638006094,0.800540913919932,9,1,978045321
0.0682196624091431,0.357245601916845,9,1,978045321
0.630279178756502,0.93526805275244,9,1,978045321
0.42714258538225,0.552886379309585,9,1,978045321
0.47002721643776,0.114083826790634,9,1,978045321
0.68988101751623,0.131520362227203,9,1,978045321
0.0876646697101964,0.0276125475650471,9,1,978045321
0.757150220308485,0.219314701708457,9,1,978045321
0.279997570768086,0.22711789649209,9,1,978045321
0.598787234403263,0.529810685862989,9,1,978045321
0.0472956156312181,0.379361894627464,9,1,978045321
0.212267261690949,0.377628984532515,9,1,978045321
0.030705115204368,0.611588070929455,9,1,978045321
0.343504953282277,0.840349460185511,9,1,978045321
0.898356905365756,0.899534508606767,9,1,978045321
0.543657341740102,0.264035302923896,9,1,978045321
0.770937347954666,0.680690436552899,9,1,978045321
0.765803763407095,0.659309461778126,9,1,978045321
0.104022338118088,0.0791785914561294,9,1,978045321
0.52314581270663,0.933630100741875,9,1,978045321
0.40637422426092,0.652537880574881,9,1,978045321
0.232713358671985,0.826758050074033,9,1,978045321
0.811356796744154,0.920487829698029,9,1,978045321
0.735815600501616,0.832386409364318,9,1,978045321
0.82028943674672,0.766405255839678,9,1,978045321
0.044386247714673,0.582099844411968,9,1,978045321
0.965335428232195,0.453681791946619,9,1,978045321
0.994971760467396,0.866656180677565,9,1,978045321
0.305466196134651,0.913239110947938,9,1,978045321
0.655749128891752,0.355996690118343,9,1,978045321
0.745598557370387,0.677481329474692,9,1,978045321
0.680161400130693,0.65071037511754,9,1,978045321
0.239386914147588,0.581391816391764,9,1,978045321
0.0755441207125722,0.00769571767647781,9,1,978045321
0.490258969476496,0.114927669425832,9,1,978045321
0.150956003352574,0.516344279655362,9,1,978045321
0.664739036684483,0.730004146549688,9,1,978045321
0.276379386009899,0.977026366250564,9,1,978045321
0.996222888234291,0.00582588350853364,9,1,978045321
0.614213592286408,0.836798384584646,9,1,978045321
0.58781342328617,0.684978982826968,9,1,978045321
0.0989898260504605,0.108239009764725,9,1,978045321
0.810608880836459,0.376126505468778,9,1,978045321
0.0910273911904573,0.854169848739415,9,1,978045321
0.0372099376586585,0.0223701325203525,9,1,978045321
0.642802379329584,0.979557908957314,9,1,978045321
0.670410707126771,0.15883186041318,9,1,978045321
0.668929144703886,0.299155912403202,9,1,978045321
0.954609280311316,0.125812781105521,9,1,978045321
0.26450015458091,0.882015579478113,9,1,978045321
0.721783362938895,0.233610846827748,9,1,978045321
0.0525744082321751,0.144701109778841,9,1,978045321
0.690270677381321,0.520897909821668,9,1,978045321
0.942015104105665,0.857075511586977,9,1,978045321
0.816684864653523,0.250956301313352,9,1,978045321
0.115610648107966,0.67130480127759,9,1,978045321
0.540763361627177,0.249474378645346,9,1,978045321
0.550255109841716,0.90555701563649,9,1,978045321
0.365663155320082,0.929090332390007,9,1,978045321
0.979286608270827,0.941640203623422,9,1,978045321
0.117820155115713,0.637273456488528,9,1,978045321
0.417539692604043,0.310169134823972,9,1,978045321
0.606783586626188,0.354369113868516,9,1,978045321
0.734888735301793,0.542459925800349,9,1,978045321
0.0701039624812125,0.358932352650128,9,1,978045321
0.513676607790398,0.168887492554202,9,1,978045321
0.863799251151535,0.709333562669284,9,1,978045321
0.643184999238554,0.588328093285797,9,1,978045321
0.241499516770546,0.0269188094248518,9,1,978045321
0.987320709860519,0.37508784636119,9,1,978045321
0.554617498024596,0.950951477452133,9,1,978045321
0.158696155989956,0.782278491414859,9,1,978045321
0.943788206918604,0.366446622357053,9,1,978045321
0.100116360334171,0.0351091908138921,9,1,978045321
0.648834559329476,0.989835190397313,9,1,978045321
0.453910381631062,0.185598751345143,9,1,978045321
0.1345245084615,0.982022643959771,9,1,978045321
0.548101161673528,0.944127347936948,9,1,978045321
0.630307066937556,0.48218246820564,9,1,978045321
0.862617298287644,0.0576955267063535,9,1,978045321
0.508533817850605,0.554780790685819,9,1,978045321
0.00610569774620862,0.796849068765523,9,1,978045321
0.637210288090515,0.259728706370613,9,1,978045321
0.579514980758078,0.154391568115831,9,1,978045321
0.832593124403521,0.922832374532854,9,1,978045321
0.848206053596895,0.222202409706912,9,1,978045321
0.978149181398719,0.797232975974694,9,1,978045321
0.535213696041075,0.981348242746805,9,1,978045321
0.0167181031366077,0.0616948013739371,9,1,978045321
0.290429478534521,0.843891047386802,9,1,978045321
0.440658411492277,0.394226760225405,9,1,978045321
0.0769728255984941,0.342185421147263,9,1,978045321
0.698419809454475,0.991400248465592,9,1,978045321
0.566945607699681,0.568906853484407,9,1,978045321
0.124430513810899,0.557442781307847,9,1,978045321
0.600206152900072,0.0718509199105848,9,1,978045321
0.524728637353717,0.859567009894559,9,1,978045321
0.631127442323158,0.316314772301967,9,1,978045321
0.326728650153485,0.555228126985706,9,1,978045321
0.148615507752512,0.88179376276511,9,1,978045321
0.359437510287197,0.217813038524353,9,1,978045321
0.396909008941883,0.489780820369316,9,1,978045321
0.0787878117128429,0.0309466354442895,9,1,978045321
0.963470058664435,0.680192988928641,9,1,978045321
0.71924782532409,0.0212106764837898,9,1,978045321
0.789375148145082,0.834540763688379,9,1,978045321
0.469287225481142,0.388294464507374,9,1,978045321
0.530783616493486,0.822687539020226,9,1,978045321
0.988217060178997,0.64435186585428,9,1,978045321
0.428446459814856,0.086509941732138,9,1,978045321
0.258953690611258,0.407562220741415,9,1,978045321
0.0914115703590719,0.0788066897887225,9,1,978045321
0.890588269894117,0.774083514381441,9,1,978045321
0.570838275365992,0.691192142294362,9,1,978045321
0.920430508566062,0.325571534964276,9,1,978045321
0.815959121195203,0.794881350952961,9,1,978045321
0.976332782802202,0.336785666398888,9,1,978045321
0.301672525155095,0.807052627244662,9,1,978045321
0.793590035538795,0.671492591923327,9,1,978045321
0.825285288827105,0.939083926769977,9,1,978045321
0.491995004054741,0.907303316508397,9,1,978045321
0.774688098227723,0.0703457418884534,9,1,978045321
0.298968313008404,0.00909508157063321,9,1,978045321
0.0138970852433991,0.114487512550475,9,1,978045321
0.629653164863264,0.213223311641588,9,1,978045321
0.364412390055544,0.912456468594814,9,1,978045321
0.672054457131176,0.981331951235954,9,1,978045321
0.92272716643596,0.153980395924684,9,1,978045321
0.842782987556135,0.91807320139791,9,1,978045321
0.15974765459321,0.87242372614504,9,1,978045321
0.712036888056015,0.877807094919,9,1,978045321
0.403020099982414,0.864385279064558,9,1,978045321
0.686387617639101,0.805197285016659,9,1,978045321
0.156639131170769,0.729222558063518,9,1,978045321
0.941276578659389,0.919671207746164,9,1,978045321
0.942880087454625,0.676744529815059,9,1,978045321
0.628033065212356,0.308679204801279,9,1,978045321
0.511512957093282,0.425980659757439,9,1,978045321
0.334462381523313,0.368785170463295,9,1,978045321
0.570164784736845,0.428622585098298,9,1,978045321
0.170458585703762,0.461209860520036,9,1,978045321
0.335277080089161,0.432518827034721,9,1,978045321
0.698710091810569,0.814458627627003,9,1,978045321
0.996448262670322,0.0295908444546518,9,1,978045321
0.0729964722035898,0.58049373618778,9,1,978045321
0.347189734359281,0.357139022121491,9,1,978045321
0.569514845507557,0.285462646792119,9,1,978045321
0.306987237704167,0.746952701773882,9,1,978045321
0.129377335070074,0.820548029189742,9,1,978045321
0.805231532090361,0.664803113329305,9,1,978045321
0.383777209618527,0.611833738853765,9,1,978045321
0.0286511462587016,0.484831660752694,9,1,978045321
0.469465347635128,0.352670488367318,9,1,978045321
0.934994948420379,0.114707687725243,9,1,978045321
0.476917667262655,0.22500437099916,9,1,978045321
0.105832294708325,0.889490788180354,9,1,978045321
0.221744463368088,0.612024813458687,9,1,978045321
0.875209037118808,0.494310746189334,9,1,978045321
0.667974190553907,0.950564351932702,9,1,978045321
0.2774928113012,0.668682249477304,9,1,978045321
0.402473835834007,0.579014898000802,9,1,978045321
0.364380975932663,0.69216761192547,9,1,978045321
0.407406950531011,0.334786068237649,9,1,978045321
0.31630661757329,0.69642211600736,9,1,978045321
0.446326547025259,0.691380619726856,9,1,978045321
0.180448229365392,0.42698390008081,9,1,978045321
0.476632185990622,0.32491381192153,9,1,978045321
0.623931851592462,0.701296105788048,9,1,978045321
0.442852227638259,0.536609502789112,9,1,978045321
0.462581915635973,0.464580945806767,9,1,978045321
0.173418873690243,0.558270606299059,9,1,978045321
0.503032015010441,0.258607658727306,9,1,978045321
0.64055739370353,0.972033669634102,9,1,978045321
0.77684566606292,0.343574388524791,9,1,978045321
0.76105358809908,0.386241124295608,9,1,978045321
0.768163179651566,0.968190303688808,9,1,978045321
0.347637223508872,0.585665904442221,9,1,978045321
0.560398865119724,0.466876130148837,9,1,978045321
0.718213889998187,0.671489803929878,9,1,978045321
0.996867165362908,0.7410257540787,9,1,978045321
0.395285494898107,0.986591686331482,9,1,978045321
0.19935679273892,0.434491154372736,9,1,978045321
0.561807598209905,0.0574908649685175,9,1,978045321
0.0366298343590472,0.145627477348039,9,1,978045321
0.962823570704414,0.141044618622622,9,1,978045321
0.955776334278753,0.820396725619369,9,1,978045321
0.648047785513234,0.383261905762718,9,1,978045321
0.0766657323387574,0.89690829037729,9,1,978045321
0.598218263812701,0.88380427593706,9,1,978045321
0.420467211965203,0.814267344650757,9,1,978045321
0.935517144109731,0.457598511187789,9,1,978045321
0.970979975927038,0.888710659608154,9,1,978045321
0.135056057630555,0.158467589350598,9,1,978045321
0.0249885887261017,0.566890537018094,9,1,978045321
0.319390141362221,0.569206342972088,9,1,978045321
0.67839709257136,0.0711196611595364,9,1,978045321
0.590978762525396,0.713567003798572,9,1,978045321
0.0416244036004092,0.318984983707003,9,1,978045321
0.146487669928017,0.340838879120754,9,1,978045321
0.926010185939758,0.505833830881533,9,1,978045321
0.738150766762137,0.361573300455105,9,1,978045321
0.84919024140084,0.602571027329883,9,1,978045321
0.540254742754545,0.382340549457993,9,1,978045321
0.415992485030397,0.649026859091767,9,1,978045321
0.895257196923088,0.314656462959713,9,1,978045321
0.99873524769244,0.339845222544367,9,1,978045321
0.0135174945374192,0.57544312188453,9,1,978045321
0.597548002386077,0.19322312704862,9,1,978045321
0.780856956037044,0.484114205057753,9,1,978045321
0.869962039484466,0.55822371850771,9,1,978045321
0.011245727406094,0.57167839309162,9,1,978045321
0.764185963318279,0.131841526554637,9,1,978045321
0.0541935617422435,0.380207788263553,9,1,978045321
0.606734587859172,0.0975441374713137,9,1,978045321
0.78817799320275,0.867247041673832,9,1,978045321
0.401554935794959,0.985547999318742,9,1,978045321
0.38999291554658,0.392171861038101,9,1,978045321
0.871609497336552,0.320604396308505,9,1,978045321
0.309616881629337,0.368250288192796,9,1,978045321
0.489262633299993,0.222324877318275,9,1,978045321
0.0244600132359585,0.316106725691701,9,1,978045321
0.211363030921113,0.36549701063984,9,1,978045321
0.0560680127437592,0.346030723833245,9,1,978045321
0.523063446311356,0.937450484591246,9,1,978045321
0.244520385117961,0.834311584886263,9,1,978045321
0.0917848301096935,0.824401921445619,9,1,978045321
0.699974434003799,0.357783954490078,9,1,978045321
0.129488061235064,0.42575581225343,9,1,978045321
0.709584628266918,0.246815858271684,9,1,978045321
0.487647092271654,0.322796058096675,9,1,978045321
0.80366789436994,0.539680986995458,9,1,978045321
0.852368419453765,0.914486469105299,9,1,978045321
0.587183428993722,0.445589272180471,9,1,978045321
0.0442323430024338,0.328047798256014,9,1,978045321
0.29450288378537,0.664900467693655,9,1,978045321
0.385234830623386,0.886451975456648,9,1,978045321
0.203271811403481,0.561236366579775,9,1,978045321
0.69629670421322,0.115900769397469,9,1,978045321
0.694743929942269,0.49885705230555,9,1,978045321
0.2478968829671,0.708765201969363,9,1,978045321
0.478410328969122,0.461431069126378,9,1,978045321
0.688980312179939,0.213612139000366,9,1,978045321
0.0478842910616537,0.504740706627344,9,1,978045321
0.468118932089678,0.6856054140009,9,1,978045321
0.591954875163646,0.901621139319883,9,1,978045321
0.984572459975128,0.397728262357107,9,1,978045321
0.832543931335198,0.784099573803325,9,1,978045321
0.128368571659204,0.316541468402769,9,1,978045321
0.536216306821984,0.0845624775781584,9,1,978045321
0.616944335370128,0.174088493970622,9,1,978045321
0.215972131973059,0.0648128026107662,9,1,978045321
0.335880194380288,0.778679085609076,9,1,978045321
0.511250280025926,0.523446501642562,9,1,978045321
0.178799994209281,0.667211421102148,9,1,978045321
0.629657787524301,0.467958363583271,9,1,978045321
0.560639368068188,0.578712510859424,9,1,978045321
0.181818383915009,0.500342918876881,9,1,978045321
0.99463124066188,0.238869950067549,9,1,978045321
0.378533460545463,0.889560425015228,9,1,978045321
0.833855086672556,0.932750270974853,9,1,978045321
0.774827245972409,0.466461995358699,9,1,978045321
0.902122399253283,0.743381567844379,9,1,978045321
0.954166686202554,0.581068958930678,9,1,978045321
0.89781178494807,0.829101924400079,9,1,978045321
0.0240508288777392,0.613705894549105,9,1,978045321
0.830965384904348,0.810700813201193,9,1,978045321
0.958004407908456,0.245070458218219,9,1,978045321
0.936032042033375,0.336918341599937,9,1,978045321
0.455124895526384,0.0150584692116258,9,1,978045321
0.873978416041185,0.70383549629707,9,1,978045321
0.950987315510829,0.774622871793104,9,1,978045321
0.324064654711123,0.397584395345712,9,1,978045321
0.0299912121614918,0.666051129695618,9,1,978045321
0.277743890864754,0.759288471447065,9,1,978045321
0.966936057725411,0.322880816251887,9,1,978045321
0.125908690452625,0.963922628301034,9,1,978045321
0.472480966845054,0.064473086544049,9,1,978045321
0.393352627366216,0.304593631327932,9,1,978045321
0.641300070139902,0.572046057465068,9,1,978045321
0.465693225485087,0.84626558044963,9,1,978045321
0.776240388735869,0.90071213356281,9,1,978045321
0.605468325765466,0.468582251168143,9,1,978045321
0.540983951115097,0.631721522969974,9,1,978045321
0.19431616985506,0.266812379483991,9,1,978045321
0.482940388461252,0.0252169743427375,9,1,978045321
0.802491648849653,0.388490312290147,9,1,978045321
0.0361582201920578,0.206414460359976,9,1,978045321
0.827117183041962,0.126634900955797,9,1,978045321
0.279325760172195,0.00913488772260429,9,1,978045321
0.819897543235192,0.481163960528723,9,1,978045321
0.438366606296334,0.645276962211544,9,1,978045321
0.807975934604748,0.363072134682591,9,1,978045321
0.684905858504697,0.969350050397211,9,1,978045321
0.084761220682567,0.155824047022066,9,1,978045321
0.17810625569082,0.590308993717773,9,1,978045321
0.83977101678787,0.168248355611794,9,1,978045321
0.621204942185025,0.0231177373476594,9,1,978045321
0.38184167670333,0.199585694774078,9,1,978045321
0.410887317323001,0.926609584885998,9,1,978045321
0.767414116902904,0.110625265629442,9,1,978045321
0.478249153993707,0.0231605598719629,9,1,978045321
0.984798343526063,0.818988445766467,9,1,978045321
0.621348784046791,0.160140456544835,9,1,978045321
0.0509274482362914,0.559527290380872,9,1,978045321
0.38675999763429,0.991648425803088,9,1,978045321
0.309256472597501,0.391274495461592,9,1,978045321
0.0177770060921381,0.447391608848116,9,1,978045321
0.330364443833872,0.716577334484787,9,1,978045321
0.062312412177878,0.851869336029428,9,1,978045321
0.968467249717767,0.0572311904218257,9,1,978045321
0.849238652238346,0.820126938115979,9,1,978045321
0.429118680666983,0.141262022238053,9,1,978045321
0.607135004942987,0.739908557575148,9,1,978045321
0.779055079822139,0.997765749480286,9,1,978045321
0.574209759758808,0.000375165352028972,9,1,978045321
0.86681196153112,0.114279843429118,9,1,978045321
0.577403598625962,0.531661926106248,9,1,978045321
0.682293143045078,0.1956379768996,9,1,978045321
0.491834378960551,0.430317636005339,9,1,978045321
0.932176790835768,0.144778983214107,9,1,978045321
0.863452223626571,0.984339460101175,9,1,978045321
0.811886926490782,0.67735554095377,9,1,978045321
0.0301712357806228,0.00406998194858055,9,1,978045321
0.997661016891982,0.333472823307033,9,1,978045321
0.758472437349044,0.335755193893269,9,1,978045321
0.0119255844331783,0.0293479172553588,9,1,978045321
0.657000544833451,0.860268615606454,9,1,978045321
0.421620242133816,0.798533620605218,9,1,978045321
0.898910148829317,0.396437028935376,9,1,978045321
0.882671243747682,0.058792761563498,9,1,978045321
0.75370375804926,0.330106783643529,9,1,978045321
0.556600168257158,0.113561496164892,9,1,978045321
0.137902956322946,0.284787024831306,9,1,978045321
0.620353187527163,0.404308078037431,9,1,978045321
0.483507227481518,0.580743203799615,9,1,978045321
0.858723736817391,0.668980126088178,9,1,978045321
0.157661966946661,0.285399176121034,9,1,978045321
0.949104469505929,0.871965272813683,9,1,978045321
0.0664256487152022,0.515565976471688,9,1,978045321
0.0887055454930845,0.943321653963094,9,1,978045321
0.453885138266847,0.776430510260913,9,1,978045321
0.823444552663433,0.762213665218767,9,1,978045321
0.218366148617116,0.35689670777623,9,1,978045321
0.81613545099521,0.409098014239626,9,1,978045321
0.48440825461429,0.507060391961328,9,1,978045321
0.182840435765526,0.401296065914458,9,1,978045321
0.0465401296271253,0.0823725022326072,9,1,978045321
0.437345299872484,0.231669714638328,9,1,978045321
0.861754921522526,0.409034906556181,9,1,978045321
0.21949151336362,0.918102992176058,9,1,978045321
0.192075143976349,0.322780715937419,9,1,978045321
0.00382800963199159,0.116143411292445,9,1,978045321
0.491322637860328,0.952716619251949,9,1,978045321
0.555422661755945,0.956161522791752,9,1,978045321
0.0103806887997218,0.388034272191621,9,1,978045321
0.704598805602962,0.286466581337154,9,1,978045321
0.613029922395323,0.317696126627079,9,1,978045321
0.122202248125436,0.179555245723016,9,1,978045321
0.92003272261551,0.177974578862398,9,1,978045321
0.277676754913863,0.233180328429652,9,1,978045321
0.228614334402271,0.034902064381078,9,1,978045321
0.244307238679589,0.80408406703555,9,1,978045321
0.985001379512108,0.179190967189728,9,1,978045321
0.749041949056707,0.0746940037650701,9,1,978045321
0.966610849615892,0.509837903158747,9,1,978045321
0.929533016286553,0.525833493494212,9,1,978045321
0.193018644421703,0.659164590205931,9,1,978045321
0.0266522208972824,0.585638404487191,9,1,978045321
0.0665314245378017,0.760801313676755,9,1,978045321
0.484569260558079,0.351974798511499,9,1,978045321
0.778583023187589,0.347850030790481,9,1,978045321
0.95829050006616,0.650687323698979,9,1,978045321
0.00214239367051761,0.261516775037767,9,1,978045321
0.971005565295603,0.431838711555111,9,1,978045321
0.81817481110601,0.0110364731777279,9,1,978045321
0.69232805401373,0.895857910677736,9,1,978045321
0.86570406556558,0.781350965530995,9,1,978045321
0.796409496948197,0.948086669578891,9,1,978045321
0.702873267973525,0.417704604613082,9,1,978045321
0.073498950437193,0.564249980460265,10,1,5783456902
0.43535044127686,0.922293449209372,10,1,5783456902
0.861142696358388,0.463182533779206,10,1,5783456902
0.409813451833823,0.404658188619891,10,1,5783456902
