0.941084017813498,0.607059643797514,10,1,5783456902
0.0157067051700608,0.500092507452839,10,1,5783456902
0.663845076796989,0.738817062319071,10,1,5783456902
0.658176241721533,0.785811288201068,10,1,5783456902
0.897078547415564,0.963157239519544,10,1,5783456902
0.520454288792869,0.833024806780916,10,1,5783456902
0.461506419080793,0.845587255375453,10,1,5783456902
0.101045144788333,0.287446567429268,10,1,5783456902
0.0961324656265345,0.510062661323807,10,1,5783456902
0.117628818540355,0.928070474265227,10,1,5783456902
0.487624138019247,0.325501632689301,10,1,5783456902
0.91539559488255,0.42602304573134,10,1,5783456902
0.0867990646908599,0.516830580632355,10,1,5783456902
0.179783077894164,0.0394152668890229,10,1,5783456902
0.541163517523082,0.135451957294967,10,1,5783456902
0.155283573655839,0.0746289544971683,10,1,5783456902
0.762948785233233,0.743475500245293,10,1,5783456902
0.170655418645708,0.596451588047005,10,1,5783456902
0.889369631174353,0.584268707377428,10,1,5783456902
0.793493808270126,0.363991384979009,10,1,5783456902
0.20021522528042,0.652723776344723,10,1,5783456902
0.319617452672722,0.866513779158124,10,1,5783456902
0.224767459004243,0.831558975138612,10,1,5783456902
0.100084735924032,0.983463388760996,10,1,5783456902
0.433009449465051,0.446960519559488,10,1,5783456902
0.238964848075351,0.983342716629209,10,1,5783456902
0.183205882439703,0.353893567887888,10,1,5783456902
0.921324659458058,0.964602938321745,10,1,5783456902
0.923676458847695,0.438126552936871,10,1,5783456902
0.246636279160787,0.528558110975272,10,1,5783456902
0.519786292993289,0.516919393983388,10,1,5783456902
0.708517916711641,0.314679204262087,10,1,5783456902
0.883144637710265,0.281356542099367,10,1,5783456902
0.766105347176886,0.893844891316427,10,1,5783456902
0.492526303107893,0.344172508517313,10,1,5783456902
0.762309722801359,0.0720742447350702,10,1,5783456902
0.40639564671971,0.221805698039699,10,1,5783456902
0.757962251636605,0.447459528349216,10,1,5783456902
0.832800111411101,0.272614275552391,10,1,5783456902
0.82626251023609,0.599788021420209,10,1,5783456902
0.558244362853604,0.944662680995062,10,1,5783456902
0.96917691742386,0.0614162966678524,10,1,5783456902
0.760361142117607,0.280427078083465,10,1,5783456902
0.904689598376089,0.828736550008216,10,1,5783456902
0.572890693594099,0.33149196679172,10,1,5783456902
0.373321228914035,0.0583371410983156,10,1,5783456902
0.657868718285175,0.148315145505606,10,1,5783456902
0.746398094782328,0.55629471286099,10,1,5783456902
0.948083947169155,0.573362663941036,10,1,5783456902
0.0657322726892353,0.427634602664843,10,1,5783456902
0.3684616137022,0.524850210339716,10,1,5783456902
0.302917545120225,0.216459669902548,10,1,5783456902
0.491995948043616,0.33635410205919,10,1,5783456902
0.407026726616247,0.666298117653685,10,1,5783456902
0.0250481054647516,0.0566393545931021,10,1,5783456902
0.564200650121615,0.0674647949030467,10,1,5783456902
0.62970158227282,0.672603952142185,10,1,5783456902
0.740793075353407,0.954191446734086,10,1,5783456902
0.662518655629521,0.213744525598359,10,1,5783456902
0.0670551437623876,0.256745335686665,10,1,5783456902
0.595185102688296,0.712817478091494,10,1,5783456902
0.780445534689445,0.117241499110514,10,1,5783456902
0.296511917643618,0.628678438225789,10,1,5783456902
0.854851795832272,0.140133721816972,10,1,5783456902
0.670497496037308,0.116552393240486,10,1,5783456902
0.498339247483857,0.788897101722968,10,1,5783456902
0.0399759273411604,0.999969922743385,10,1,5783456902
0.612337278398296,0.935520450579598,10,1,5783456902
0.458344817489547,0.712616143898996,10,1,5783456902
0.113612210641087,0.145000502330574,10,1,5783456902
0.346332964102831,0.130895873610921,10,1,5783456902
0.562551509568388,0.675549799851564,10,1,5783456902
0.058816997265339,0.920454378127234,10,1,5783456902
0.585231775868108,0.683374591945973,10,1,5783456902
0.730960459200677,0.392216120389243,10,1,5783456902
0.155706311333024,0.0759074107135342,10,1,5783456902
0.93857601985071,0.69164746173311,10,1,5783456902
0.0472766905625024,0.921723125388926,10,1,5783456902
0.368270398761432,0.658707876789724,10,1,5783456902
0.315036390645623,0.36172890296333,10,1,5783456902
0.991472823672503,0.140337519449858,10,1,5783456902
0.810777736665219,0.441298762444377,10,1,5783456902
0.606192324068886,0.692434277705564,10,1,5783456902
0.923687938002534,0.203110815564584,10,1,5783456902
0.537767371753685,0.670882265006503,10,1,5783456902
0.744193450471125,0.149854409856383,10,1,5783456902
0.995983500100775,0.51851704488531,10,1,5783456902
0.871365630055507,0.877050851602029,10,1,5783456902
0.915848759293981,0.372066099908531,10,1,5783456902
0.559356668222251,0.015036227989913,10,1,5783456902
0.575370773973371,0.0237263377895496,10,1,5783456902
0.93317446140802,0.791892459423065,10,1,5783456902
0.409574543816371,0.650430830979726,10,1,5783456902
0.466843620334299,0.726764931407354,10,1,5783456902
0.386576807594606,0.794918694360024,10,1,5783456902
0.823706404171429,0.963043831261729,10,1,5783456902
0.094060219388862,0.230033469934185,10,1,5783456902
0.364311389595715,0.0434974979423715,10,1,5783456902
0.805338354756908,0.805615589137602,10,1,5783456902
0.26194038903193,0.696090957677584,10,1,5783456902
0.470019475888296,0.425549475753985,10,1,5783456902
0.370590830547859,0.360284315961366,10,1,5783456902
0.0264677675253067,0.850313059341307,10,1,5783456902
0.163218894362496,0.339096490059001,10,1,5783456902
0.860734511371125,0.536847862466443,10,1,5783456902
0.968859100701894,0.508541349861812,10,1,5783456902
0.906494572675772,0.824050247410348,10,1,5783456902
0.953862420130065,0.440116660263507,10,1,5783456902
0.619397364053952,0.277398764550308,10,1,5783456902
0.255725488238921,0.348698264804476,10,1,5783456902
0.643891538648597,0.498403485750267,10,1,5783456902
0.187360247633868,0.816720876168445,10,1,5783456902
0.222782598917886,0.152061445339334,10,1,5783456902
0.902022996371307,0.256572798476399,10,1,5783456902
0.0077912462170282,0.287068949623139,10,1,5783456902
0.923005762367755,0.696378569443768,10,1,5783456902
0.844688905198801,0.411279891460929,10,1,5783456902
0.648623692549454,0.553045911872268,10,1,5783456902
0.378094946093269,0.429972931143319,10,1,5783456902
0.696776605784092,0.463158611858819,10,1,5783456902
0.0416475554518918,0.715308799684829,10,1,5783456902
0.219938420457332,0.792791235220634,10,1,5783456902
0.332170297023272,0.120163857688454,10,1,5783456902
0.608467241276552,0.17905972736884,10,1,5783456902
0.980910524719305,0.68021801466999,10,1,5783456902
0.375676760307339,0.390378662747708,10,1,5783456902
0.0978069849551895,0.602858444290126,10,1,5783456902
0.580045444534865,0.00158439568652025,10,1,5783456902
0.407531826431478,0.32835517981355,10,1,5783456902
0.505322537770711,0.826071864061261,10,1,5783456902
0.997027497640376,0.820013868155221,10,1,5783456902
0.498928460722094,0.924482807955929,10,1,5783456902
0.177576969863078,0.186563342588348,10,1,5783456902
0.464777237239737,0.471114154793307,10,1,5783456902
0.351538145672196,0.333479857861164,10,1,5783456902
0.595858641531711,0.685062275818283,10,1,5783456902
0.399616666569391,0.28869064634309,10,1,5783456902
0.699353690578845,0.606694183144412,10,1,5783456902
0.93522272129896,0.983256283078213,10,1,5783456902
0.654481758376812,0.722760613340908,10,1,5783456902
0.640023891803923,0.0615226250124072,10,1,5783456902
0.676070081169881,0.903530535452036,10,1,5783456902
0.512795426348229,0.752802630620982,10,1,5783456902
0.52836318671732,0.787634688775499,10,1,5783456902
0.599003953501487,0.386615176588422,10,1,5783456902
0.716805611034802,0.994017183644728,10,1,5783456902
0.710606675692452,0.615354027584437,10,1,5783456902
0.844196553218273,0.755111281435012,10,1,5783456902
0.0208431271654339,0.793761531275331,10,1,5783456902
0.489739444420294,0.640097275793189,10,1,5783456902
0.725883980417631,0.163225795836032,10,1,5783456902
0.0602681607721902,0.587265557291089,10,1,5783456902
0.247441461031437,0.981539764039777,10,1,5783456902
0.161333493134903,0.860506922707031,10,1,5783456902
0.262347739295623,0.444672661585705,10,1,5783456902
0.993845038278398,0.981935394806126,10,1,5783456902
0.856280364876582,0.0465334661030541,10,1,5783456902
0.0960714134965217,0.0832844421137384,10,1,5783456902
0.890769607616535,0.852724729938823,10,1,5783456902
0.601478164834484,0.968643048931275,10,1,5783456902
0.148386740933267,0.372246136994855,10,1,5783456902
0.651404997330221,0.349382247335373,10,1,5783456902
0.121677738695026,0.767844350826564,10,1,5783456902
0.0315442707265134,0.609402972218562,10,1,5783456902
0.518251843635604,0.368242604529774,10,1,5783456902
0.0563310092238973,0.0697764102958602,10,1,5783456902
0.972477836712228,0.580468954720389,10,1,5783456902
0.774525188346024,0.88239451540692,10,1,5783456902
0.500651454455428,0.304499805485874,10,1,5783456902
0.283171833494051,0.770786110624126,10,1,5783456902
0.925489924344269,0.333032184241091,10,1,5783456902
0.48633514763788,0.691999933146738,10,1,5783456902
0.655128157721707,0.617207217322965,10,1,5783456902
0.950584867822604,0.273401323681718,10,1,5783456902
0.38663093189988,0.750807841360432,10,1,5783456902
0.797309916703113,0.618491341704227,10,1,5783456902
0.724306900957715,0.226621789652977,10,1,5783456902
0.84918944129927,0.364327434240562,10,1,5783456902
0.251092295739658,0.766248009384045,10,1,5783456902
0.222534105170806,0.692455587535641,10,1,5783456902
0.495022395971192,0.893561563823661,10,1,5783456902
0.539818011613065,0.109461672549553,10,1,5783456902
0.928864475004859,0.862076984522666,10,1,5783456902
0.352948296081363,0.655840230296726,10,1,5783456902
0.857542592328978,0.834940738246827,10,1,5783456902
0.730324548612619,0.233069837817926,10,1,5783456902
0.81231261722629,0.962285458879042,10,1,5783456902
0.166912926704675,0.522016639470374,10,1,5783456902
0.917507522201509,0.0703821208329083,10,1,5783456902
0.637588762381856,0.0204003033504609,10,1,5783456902
0.388750056439803,0.997404251822738,10,1,5783456902
0.0708707824697468,0.338948786115142,10,1,5783456902
0.155291419770645,0.636580684132421,10,1,5783456902
0.358250551261504,0.86234859220738,10,1,5783456902
0.180973592627637,0.705019631785958,10,1,5783456902
0.141456925649013,0.46801789951682,10,1,5783456902
0.35961597978133,0.69525002525391,10,1,5783456902
0.686231943850378,0.50886819468863,10,1,5783456902
0.790361285602595,0.0584406089495779,10,1,5783456902
0.954204047991164,0.401783344711248,10,1,5783456902
0.687653571728563,0.922898485800678,10,1,5783456902
0.764450556158738,0.111217043404076,10,1,5783456902
0.298622370804236,0.284250979358881,10,1,5783456902
0.378048789277704,0.357647334700891,10,1,5783456902
0.435740253416926,0.402835716589592,10,1,5783456902
0.588535604416155,0.416421787005799,10,1,5783456902
0.51184347333597,0.186233732413777,10,1,5783456902
0.571175131955402,0.107660393843534,10,1,5783456902
0.435654350764036,0.0375020027024249,10,1,5783456902
0.250229349274103,0.232089400741277,10,1,5783456902
0.031773726464571,0.810250370804094,10,1,5783456902
0.185759349855533,0.899718053849135,10,1,5783456902
0.0356971431698967,0.97406866042767,10,1,5783456902
0.395125114948774,0.587750004685985,10,1,5783456902
0.192057621480588,0.715584711158662,10,1,5783456902
0.402387410424601,0.768803377038117,10,1,5783456902
0.843871484306846,0.037766590379698,10,1,5783456902
0.459384054223353,0.242407676628055,10,1,5783456902
0.281625693039059,0.437862990626632,10,1,5783456902
0.844273216055332,0.972074448186858,10,1,5783456902
0.195660046710677,0.856748000282021,10,1,5783456902
0.570396399628673,0.475223932425687,10,1,5783456902
0.0182319862505185,0.300265364057341,10,1,5783456902
0.869884723582115,0.286722479603879,10,1,5783456902
0.775884180261153,0.276290271651904,10,1,5783456902
0.955865551694259,0.227354902266903,10,1,5783456902
0.835370063066204,0.389326863002688,10,1,5783456902
0.216519014540263,0.32622771343902,10,1,5783456902
0.400535610395943,0.729518052596568,10,1,5783456902
0.053574936554817,0.0156384773634723,10,1,5783456902
0.206392550591803,0.717017436268505,10,1,5783456902
0.363644682648888,0.268407848234468,10,1,5783456902
0.813084446038218,0.201147671960582,10,1,5783456902
0.713789588850601,0.0927369176911448,10,1,5783456902
0.727065345628575,0.0941829765397317,10,1,5783456902
0.522965408150096,0.0895261293355312,10,1,5783456902
0.67625085962087,0.710781085871592,10,1,5783456902
0.772094042959478,0.801072765952061,10,1,5783456902
0.941611328953896,0.507768023671355,10,1,5783456902
0.279925229406574,0.759677179603572,10,1,5783456902
0.604725853609647,0.596726949725267,10,1,5783456902
0.321897070945177,0.579229233362289,10,1,5783456902
0.4989219560979,0.128168245924768,10,1,5783456902
0.446368899540965,0.200919394484706,10,1,5783456902
0.297171234424185,0.201058677342612,10,1,5783456902
0.800352853539747,0.670707426338223,10,1,5783456902
0.800543043036889,0.89283995834701,10,1,5783456902
0.487453853719107,0.477898208215134,10,1,5783456902
0.512975130825034,0.404149962895002,10,1,5783456902
0.427133734633149,0.976952522659277,10,1,5783456902
0.94272885181614,0.244823090358203,10,1,5783456902
0.0828034814805312,0.900204451668125,10,1,5783456902
0.141788788265607,0.170737282441262,10,1,5783456902
0.0192154681874293,0.493466098410629,10,1,5783456902
0.224104732168674,0.0104637211966656,10,1,5783456902
0.829274300425698,0.835392651142014,10,1,5783456902
0.41531285881346,0.757226388657433,10,1,5783456902
0.756589719560187,0.0431610813978027,10,1,5783456902
0.109993089262053,0.0696737329081776,10,1,5783456902
0.51878182865043,0.735883601953081,10,1,5783456902
0.922629375009838,0.69701087818112,10,1,5783456902
0.31638811513401,0.942598026771686,10,1,5783456902
0.0828821968765274,0.152497053396535,10,1,5783456902
0.21498729295419,0.68259017167153,10,1,5783456902
0.253780336856589,0.174009158711317,10,1,5783456902
0.57494671157116,0.33500181624205,10,1,5783456902
0.953672281347328,0.297466078084751,10,1,5783456902
0.531821091400989,0.611129469355035,10,1,5783456902
0.214376351069072,0.0654659443535086,10,1,5783456902
0.595103058883815,0.171116690992444,10,1,5783456902
0.199863910712201,0.63823120219355,10,1,5783456902
0.0130452314004943,0.385019667075709,10,1,5783456902
0.319987686498838,0.904865276811645,10,1,5783456902
0.385528355431364,0.255697124250128,10,1,5783456902
0.781129557822924,0.66239385567751,10,1,5783456902
0.561448644859302,0.0866200461863684,10,1,5783456902
0.39225481511455,0.515201580865537,10,1,5783456902
0.893833758246974,0.0793376296511408,10,1,5783456902
0.176626530417614,0.265009021171689,10,1,5783456902
0.180833022467126,0.920270565703331,10,1,5783456902
0.556957991495275,0.539110425571535,10,1,5783456902
0.497181153117489,0.289712831800284,10,1,5783456902
0.687599128388838,0.676256713842131,10,1,5783456902
0.111705540705641,0.933337176452002,10,1,5783456902
0.793523690817742,0.752255436661144,10,1,5783456902
0.588624361231516,0.47199857632009,10,1,5783456902
0.982512733508901,0.0948801741651319,10,1,5783456902
0.632643680657754,0.286722517692382,10,1,5783456902
0.259751711172091,0.953170490141603,10,1,5783456902
0.500724118295113,0.839338404139099,10,1,5783456902
0.401684626101434,0.804286219148391,10,1,5783456902
0.207925203924542,0.611593355763863,10,1,5783456902
0.820355751668107,0.244191111779508,10,1,5783456902
0.314618696839879,0.826343984691168,10,1,5783456902
0.010938659514669,0.185234290444986,10,1,5783456902
0.9193638833875,0.706245261595649,10,1,5783456902
0.1832011926171,0.269121825458811,10,1,5783456902
0.920995366913377,0.481715471167065,10,1,5783456902
0.951246967113053,0.0542401735152449,10,1,5783456902
0.970588671506732,0.833317991805514,10,1,5783456902
0.336814436224306,0.493898909737942,10,1,5783456902
0.62007935298631,0.633015385486271,10,1,5783456902
0.276430868460202,0.734562142705568,10,1,5783456902
0.216466307597693,0.104916824967636,10,1,5783456902
0.24070972502604,0.301514300218201,10,1,5783456902
0.852935234829661,0.810747598297774,10,1,5783456902
0.596735376659912,0.168134562787285,10,1,5783456902
0.869320274166749,0.639894768777146,10,1,5783456902
0.610851884656492,0.018752229009352,10,1,5783456902
0.879581565477416,0.152929114744159,10,1,5783456902
0.715537037613018,0.729585065781136,10,1,5783456902
0.13138494205169,0.324879459693173,10,1,5783456902
0.292348934297238,0.802408246674259,10,1,5783456902
0.641847786770871,0.874162805960731,10,1,5783456902
0.566599956692803,0.249920895999986,10,1,5783456902
0.535099543590571,0.652650313193787,10,1,5783456902
0.66686623187098,0.902849619354419,10,1,5783456902
0.415667062579345,0.581117445922081,10,1,5783456902
0.651692053971457,0.348039463359279,10,1,5783456902
0.6260533240187,0.211332887590324,10,1,5783456902
0.437112749573043,0.684695358828397,10,1,5783456902
0.283517309466279,0.395454071867744,10,1,5783456902
0.296751861219386,0.440001264135048,10,1,5783456902
0.247375528317079,0.132485573773319,10,1,5783456902
0.528208183781291,0.659261532809038,10,1,5783456902
0.14765859437489,0.156379505962566,10,1,5783456902
0.665310646888781,0.915562108646256,10,1,5783456902
0.187298405545854,0.77266031929748,10,1,5783456902
0.425999419084237,0.406351764695996,10,1,5783456902
0.510833452645943,0.410244458711268,10,1,5783456902
0.637878444982589,0.292805152954674,10,1,5783456902
0.627116753094038,0.0224606368341158,10,1,5783456902
0.695680827920345,0.601438054254749,10,1,5783456902
0.0857726324913251,0.296395215233535,10,1,5783456902
0.448578535529042,0.353807278488465,10,1,5783456902
0.505394179960802,0.539472156207802,10,1,5783456902
0.628579473681549,0.44097648346646,10,1,5783456902
0.8874195728807,0.822175657237153,10,1,5783456902
0.666776057346923,0.46166490340859,10,1,5783456902
0.201733875625642,0.778408172182102,10,1,5783456902
0.2080785783904,0.511232199515489,10,1,5783456902
0.47226916596368,0.893765277249823,10,1,5783456902
0.885353789258636,0.566038525268595,10,1,5783456902
0.963516521490466,0.499043775472237,10,1,5783456902
0.950958597168365,0.951317137768481,10,1,5783456902
0.174341309874895,0.404172359812404,10,1,5783456902
0.0862631771318085,0.0152925088866755,10,1,5783456902
0.184177158694732,0.665184617174539,10,1,5783456902
0.161298658156747,0.196767006246085,10,1,5783456902
0.922810741953131,0.750558028788445,10,1,5783456902
0.972143747328661,0.384356204428522,10,1,5783456902
0.0791713269049836,0.897236914969519,10,1,5783456902
0.310002285562871,0.00650414071340633,10,1,5783456902
0.816968054237237,0.391308224366237,10,1,5783456902
0.510777259157807,0.40843118061805,10,1,5783456902
0.499945387305107,0.511827309512111,10,1,5783456902
0.986251107524818,0.445797703236046,10,1,5783456902
0.415495551703889,0.641557570652749,10,1,5783456902
0.681780938794745,0.607204519758813,10,1,5783456902
0.725734958988486,0.0925422571946699,10,1,5783456902
0.545350544940698,0.605820456603633,10,1,5783456902
0.590783685627495,0.196930658937023,10,1,5783456902
0.654330469437514,0.214020880024592,10,1,5783456902
0.282484405242826,0.386223339521082,10,1,5783456902
0.869947195507649,0.381572219082249,10,1,5783456902
0.891320713237848,0.749041263425266,10,1,5783456902
0.328579949352372,0.0353247801536272,10,1,5783456902
0.570813932187989,0.372104170740586,10,1,5783456902
0.493529337369998,0.613044206893643,10,1,5783456902
0.271342578213872,0.8042731017105,10,1,5783456902
0.39002471686168,0.384503074725919,10,1,5783456902
0.498518651512773,0.43726523931329,10,1,5783456902
0.63280756749682,0.491347604150913,10,1,5783456902
0.754263455098817,0.609237886121884,10,1,5783456902
0.229955988005309,0.0916773933406203,10,1,5783456902
0.0360988562475084,0.893597685503607,10,1,5783456902
0.871278203964243,0.202923992075979,10,1,5783456902
0.108505448384818,0.40072799045702,10,1,5783456902
0.0182252400995671,0.312756906969629,10,1,5783456902
0.426494505359174,0.843023086152887,10,1,5783456902
0.621081470133517,0.232360512516985,10,1,5783456902
0.564764590674813,0.448235796279733,10,1,5783456902
0.80467677399365,0.789975328699897,10,1,5783456902
0.597916927456366,0.602951976853848,10,1,5783456902
0.763793602452708,0.654007045237961,10,1,5783456902
0.787224071607489,0.247943064251118,10,1,5783456902
0.071112661200512,0.870183490433666,10,1,5783456902
0.00213636030239073,0.381858479615257,10,1,5783456902
0.231228132290601,0.890861337499214,10,1,5783456902
0.115167444163608,0.25954839893616,10,1,5783456902
0.966766648188548,0.53557189527849,10,1,5783456902
0.922493231455315,0.846536329047505,10,1,5783456902
0.536688882152575,0.407683511644566,10,1,5783456902
0.901343655903517,0.349222865501406,10,1,5783456902
0.618575754714812,0.421608618064885,10,1,5783456902
0.0531272675672776,0.900679290491147,10,1,5783456902
0.307725625033253,0.627007236913972,10,1,5783456902
0.23196196430411,0.907082622812557,10,1,5783456902
0.854398518394435,0.838552545567532,10,1,5783456902
0.900534109780224,0.965611992351458,10,1,5783456902
0.69081001305995,0.108340403473375,10,1,5783456902
0.771987173750215,0.862473749666693,10,1,5783456902
0.118004936682514,0.736073606389963,10,1,5783456902
0.818300919744937,0.737159304651795,10,1,5783456902
0.324459722575838,0.23155406725809,10,1,5783456902
0.374076224162141,0.0757514417251981,10,1,5783456902
0.00604456847100332,0.660356505440329,10,1,5783456902
0.633886495470719,0.571868603660873,10,1,5783456902
0.949997023476621,0.866339224066002,10,1,5783456902
0.117123773063327,0.875540327540993,10,1,5783456902
0.537432335818816,0.82826849537665,10,1,5783456902
0.901415728247974,0.917751143379941,10,1,5783456902
0.323216785619984,0.613582424056041,10,1,5783456902
0.31568735966239,0.225077860401822,10,1,5783456902
0.378179192155224,0.240370172771117,10,1,5783456902
0.814395420141846,0.928948191021521,10,1,5783456902
0.286281663682938,0.95700977395506,10,1,5783456902
0.741437679724567,0.118816209074692,10,1,5783456902
0.248270801776265,0.408472180047567,10,1,5783456902
0.511009236138616,0.641873373297837,10,1,5783456902
0.748281684318107,0.516917185586886,10,1,5783456902
0.59734525210464,0.765040062007233,10,1,5783456902
0.103000291488981,0.513569063388476,10,1,5783456902
0.522127888796137,0.370496511328147,10,1,5783456902
0.449775225039141,0.921854043971108,10,1,5783456902
0.932985747122958,0.658315411555031,10,1,5783456902
0.282652532097087,0.114416138392981,10,1,5783456902
0.927210714188524,0.0344866558664654,10,1,5783456902
0.718907646057904,0.595034036619752,10,1,5783456902
0.151495981070189,0.0840458746508599,10,1,5783456902
0.583272025947356,0.749249642507589,10,1,5783456902
0.513087551331546,0.803203287701348,10,1,5783456902
0.418871811078969,0.369364780054839,10,1,5783456902
0.891367394482515,0.756995017535526,10,1,5783456902
0.666754919972255,0.76567425572654,10,1,5783456902
0.306243512526238,0.666630541549912,10,1,5783456902
0.717917620045311,0.433458793657171,10,1,5783456902
0.702953866249517,0.492148725953117,10,1,5783456902
0.160277017815138,0.663651998888919,10,1,5783456902
0.00118781272624391,0.427672373898905,10,1,5783456902
0.72700208153823,0.510924310364937,10,1,5783456902
0.198461506401414,0.593303538648985,10,1,5783456902
0.298224132842007,0.528099944071132,10,1,5783456902
0.848181533531476,0.152921984710039,10,1,5783456902
0.0485586570325642,0.679135900321596,10,1,5783456902
0.0212925125375518,0.52600382172062,10,1,5783456902
0.373727652125854,0.854848586706057,10,1,5783456902
0.549968657194363,0.606210994718476,10,1,5783456902
0.33153204407508,0.616285181709943,10,1,5783456902
0.601720908290738,0.574811263550309,10,1,5783456902
0.412854841188485,0.0734289961098762,10,1,5783456902
0.565526911945723,0.35667545714041,10,1,5783456902
0.543299088652646,0.0285678629401114,10,1,5783456902
0.877089858018275,0.883725067756775,10,1,5783456902
0.736615353340441,0.390202821595645,10,1,5783456902
0.60911673405601,0.100215434144164,10,1,5783456902
0.0261070995352553,0.58634736145329,10,1,5783456902
0.995506758905156,0.293389101128783,10,1,5783456902
0.965804591474352,0.504534014476486,10,1,5783456902
0.422096735983089,0.693811052364062,10,1,5783456902
0.748374008944967,0.424947529850121,10,1,5783456902
0.340721593560811,0.296693862784962,10,1,5783456902
0.819707119241964,0.403039343581612,10,1,5783456902
0.509150509567192,0.330186340331125,10,1,5783456902
0.935772077427183,0.819910313349238,10,1,5783456902
0.770517645623358,0.520444935840024,10,1,5783456902
0.0816210037933187,0.554333704288684,10,1,5783456902
0.620066428478856,0.573098750060713,10,1,5783456902
0.329483013424396,0.814290143847851,10,1,5783456902
0.267602672088556,0.254129682204109,10,1,5783456902
0.0909231060383369,0.985304979498225,10,1,5783456902
0.251623160135588,0.57276129721983,10,1,5783456902
0.503432344884164,0.0636359916927631,10,1,5783456902
0.70246380461877,0.293640848777455,10,1,5783456902
0.711274160184089,0.918868908068013,10,1,5783456902
0.195335878166395,0.560080041428862,10,1,5783456902
0.00767907257051825,0.773499229692723,10,1,5783456902
0.578174561216582,0.804500284335062,10,1,5783456902
0.124135639873821,0.527967893002565,10,1,5783456902
0.465509906393107,0.104885049765326,10,1,5783456902
0.13054221849833,0.582103786530711,10,1,5783456902
0.531651269508469,0.792551043588288,10,1,5783456902
0.228027557678367,0.84636423348945,10,1,5783456902
0.572105061019633,0.488727258372243,10,1,5783456902
0.8908661008607,0.59813731153922,10,1,5783456902
0.918362869102412,0.892918931092643,10,1,5783456902
0.557250494869804,0.0621556070028613,10,1,5783456902
0.767806904078438,0.401537343778156,10,1,5783456902
0.888070790534695,0.159940807636521,10,1,5783456902
0.593351076291921,0.577167876670344,10,1,5783456902
0.766060959076571,0.710562854631442,10,1,5783456902
0.720777297727283,0.921619222833625,10,1,5783456902
0.66456148318904,0.544113464276726,10,1,5783456902
0.251381586750067,0.0717335985064445,10,1,5783456902
0.643222891300092,0.303235539253497,10,1,5783456902
0.669104141350481,0.805602930299395,10,1,5783456902
0.756216774469577,0.695287889059787,10,1,5783456902
0.656892171827601,0.398192163510871,10,1,5783456902
0.0569568954138395,0.186532292564494,10,1,5783456902
0.263276950874525,0.109376066598943,10,1,5783456902
0.132765154332589,0.99564371536313,10,1,5783456902
0.680054221191416,0.692509839267815,10,1,5783456902
0.171106040638255,0.418331495842216,10,1,5783456902
0.23397965332369,0.598823229925826,10,1,5783456902
0.295621006262405,0.866592660338124,10,1,5783456902
0.0654543239699266,0.827341494793058,10,1,5783456902
0.429107616990945,0.842238049525095,10,1,5783456902
0.561408590922419,0.498923480109876,10,1,5783456902
0.863239776382644,0.746132895711675,10,1,5783456902
0.952380874553134,0.158604172027389,10,1,5783456902
0.835981818530423,0.121640086615399,10,1,5783456902
0.802339256874432,0.0469288039251188,10,1,5783456902
0.581855059621752,0.343577620397725,10,1,5783456902
0.00787256557355787,0.570478985659269,10,1,5783456902
0.137625641093129,0.932861130376624,10,1,5783456902
0.638855116838469,0.601955791363239,10,1,5783456902
0.267793934637182,0.681458831369692,10,1,5783456902
0.671623116743553,0.68172403697577,10,1,5783456902
0.369546101323913,0.81935333263973,10,1,5783456902
0.50514397773049,0.585975150060494,10,1,5783456902
0.661295139769178,0.52350269100944,10,1,5783456902
0.54882440176045,0.447752903194428,10,1,5783456902
0.654888416454987,0.527171423839146,10,1,5783456902
0.152531173181082,0.125085765760448,10,1,5783456902
0.247585108134846,0.936914367906802,10,1,5783456902
0.0269485830290446,0.824945924912279,10,1,5783456902
0.287143519364553,0.245400939518687,10,1,5783456902
0.11324521786625,0.488165072893245,10,1,5783456902
0.310266379717968,0.662546834774322,10,1,5783456902
0.685369806461886,0.626788446009091,10,1,5783456902
0.685045405443037,0.401699034383781,10,1,5783456902
0.690021493414376,0.349814897266703,10,1,5783456902
0.755294670338685,0.854017964205847,10,1,5783456902
0.378392273413346,0.16016688414368,10,1,5783456902
0.978822491093369,0.985121557547631,10,1,5783456902
0.365507596775334,0.770340871663199,10,1,5783456902
0.326113506313358,0.2945966281216,10,1,5783456902
0.074677302971712,0.0293839604784263,10,1,5783456902
0.615530118997188,0.655187041494916,10,1,5783456902
0.264429851661015,0.347945933008847,10,1,5783456902
0.666238631041708,0.262425606072749,10,1,5783456902
0.249720416071588,0.00847083146473881,10,1,5783456902
0.0648871122552332,0.439283034829908,10,1,5783456902
0.785283756015336,0.771717785718562,10,1,5783456902
0.405380408145397,0.115721213909435,10,1,5783456902
0.308482109999431,0.0666203331610613,10,1,5783456902
0.640203107957915,0.736988760484634,10,1,5783456902
0.881286245175224,0.410927953511064,10,1,5783456902
0.368844423751316,0.232322101417808,10,1,5783456902
0.410620436225397,0.793501723504842,10,1,5783456902
0.194553070003797,0.791289917901399,10,1,5783456902
0.0733503396274076,0.995103407742727,10,1,5783456902
0.460310692070005,0.108671492681014,10,1,5783456902
0.255306056831514,0.996437810948152,10,1,5783456902
0.284770480516488,0.717595495833041,10,1,5783456902
0.282213483606409,0.540234031374207,10,1,5783456902
0.359965060002281,0.515383827349531,10,1,5783456902
0.22775668954453,0.470703178250713,10,1,5783456902
0.652370178994989,0.706423186787129,10,1,5783456902
0.81793235680374,0.905802858619086,10,1,5783456902
0.056850282868846,0.439092726299717,10,1,5783456902
0.954531866820605,0.341453785132915,10,1,5783456902
0.616930274973513,0.0249641078428438,10,1,5783456902
0.378014771589368,0.122400911737903,10,1,5783456902
0.393759601395318,0.339636994030949,10,1,5783456902
0.805097746126525,0.79929900163427,10,1,5783456902
0.544141401014173,0.814346971798201,10,1,5783456902
0.422766872470231,0.714122894770581,10,1,5783456902
0.215445498872625,0.50028835910897,10,1,5783456902
0.020468741679065,0.954677090917506,10,1,5783456902
0.0252182428562329,0.999707964293216,10,1,5783456902
0.117364408249731,0.255993888223468,10,1,5783456902
0.404124332436711,0.95980743309029,10,1,5783456902
0.727727190710344,0.130830374805846,10,1,5783456902
0.70743659185842,0.35478939714707,10,1,5783456902
0.350366118929571,0.473418614178934,10,1,5783456902
0.741929099581464,0.635593898278773,10,1,5783456902
0.743505364482443,0.53912301061664,10,1,5783456902
0.0822814330304227,0.330262256427424,10,1,5783456902
0.275593582839988,3.45581954541707E-05,10,1,5783456902
0.441964114490668,0.676582516326454,10,1,5783456902
0.0785876846348792,0.714656002404822,10,1,5783456902
0.70813283434813,0.0682638443786736,10,1,5783456902
0.398521213335792,0.191021244248287,10,1,5783456902
0.602244491325116,0.720193737041571,10,1,5783456902
0.385640129343815,0.747114186635794,10,1,5783456902
0.868563726877817,0.272533957464683,10,1,5783456902
0.382856656663753,0.674762709178564,10,1,5783456902
0.0198971717905188,0.0439270800757816,10,1,5783456902
0.16702724464671,0.149894238704122,10,1,5783456902
0.230091622517772,0.342973509647214,10,1,5783456902
0.997617538696719,0.594227396461874,10,1,5783456902
0.496126286240906,0.892300832937888,10,1,5783456902
0.95467487977587,0.494998890212725,10,1,5783456902
0.325562690665722,0.306827130561856,10,1,5783456902
0.523176794162959,0.528509421985515,10,1,5783456902
0.830472633514257,0.375125073020169,10,1,5783456902
0.171449524744747,0.0940214882759722,10,1,5783456902
0.962893994750353,0.743670942648329,10,1,5783456902
0.434900745253228,0.0789180866085752,10,1,5783456902
0.65307995917822,0.468535239321223,10,1,5783456902
0.523325001309887,0.110791054364888,10,1,5783456902
0.764695792503061,0.812283972233891,10,1,5783456902
0.730677264246405,0.327499300110559,10,1,5783456902
0.547056402796067,0.669584398620514,10,1,5783456902
0.595572491443754,0.225735816089811,10,1,5783456902
0.920052585474648,0.321480115096336,10,1,5783456902
0.308166161581062,0.695140420269478,10,1,5783456902
0.13281642512218,0.417767321918139,10,1,5783456902
0.104377448555938,0.874651848560498,10,1,5783456902
0.671296626745926,0.960320512705153,10,1,5783456902
0.701647968130521,0.858363862393461,10,1,5783456902
0.200522095312627,0.455357059877053,10,1,5783456902
0.623029659460072,0.345253772363467,10,1,5783456902
0.893233754036081,0.144185383274764,10,1,5783456902
0.490005527461741,0.68056769779568,10,1,5783456902
0.00226916820295209,0.42696918358063,10,1,5783456902
0.832465217671183,0.481153882671944,10,1,5783456902
0.0907533374192324,0.672569080553896,10,1,5783456902
0.263084922302221,0.263833634970398,10,1,5783456902
0.532385184002152,0.444953219902892,10,1,5783456902
0.0499960581871552,0.171198451192219,10,1,5783456902
0.890583689679705,0.485803759911731,10,1,5783456902
0.734961072942872,0.654468061177773,10,1,5783456902
0.328356801741018,0.258745770308881,10,1,5783456902
0.110105261707004,0.112094720461305,10,1,5783456902
0.0545041965997206,0.321420313104364,10,1,5783456902
0.285917648710278,0.678929566388817,10,1,5783456902
0.200626560505182,0.106698881128126,10,1,5783456902
0.813347216306409,0.653317344197154,10,1,5783456902
0.58016735927338,0.111137155841916,10,1,5783456902
0.91041110032944,0.143656331216032,10,1,5783456902
0.30641809291513,0.893486397574049,10,1,5783456902
0.365437636800404,0.362647328496935,10,1,5783456902
0.736806366085833,0.597244618750291,10,1,5783456902
0.166600489975647,0.197524055908367,10,1,5783456902
0.561685089706119,0.100927364200026,10,1,5783456902
0.949772349308448,0.642567195740751,10,1,5783456902
0.384528396548002,0.0257991480550084,10,1,5783456902
0.555907867466097,0.220068447410184,10,1,5783456902
0.379607430188661,0.84216604249597,10,1,5783456902
0.108816137322941,0.48219121589978,10,1,5783456902
0.768513970051226,0.861683123572836,10,1,5783456902
0.790120763441818,0.0870995829197998,10,1,5783456902
0.676172316931019,0.938043570216195,10,1,5783456902
0.935913474277988,0.176998431737318,10,1,5783456902
0.90901694429908,0.300988283402876,10,1,5783456902
0.269228636059328,0.675452974200567,10,1,5783456902
0.171207598082662,0.334458379481689,10,1,5783456902
0.0211203524706081,0.800840868881346,10,1,5783456902
0.166478549265982,0.251272909155939,10,1,5783456902
0.211738734035345,0.439564136997951,10,1,5783456902
0.929046597423814,0.564130992445308,10,1,5783456902
0.949988349152435,0.508706846979718,10,1,5783456902
0.064798582218712,0.461459294967034,10,1,5783456902
0.750955555880496,0.726859454852898,10,1,5783456902
0.736952412828123,0.00748910361929589,10,1,5783456902
0.0147247851953489,0.514323882055867,10,1,5783456902
0.0883341809970744,0.163051965511579,10,1,5783456902
0.564661906686314,0.134641549001446,10,1,5783456902
0.0989486765448153,0.791818533700024,10,1,5783456902
0.864519795042265,0.959449150921317,10,1,5783456902
0.474931825201386,0.556924173767063,10,1,5783456902
0.286321970629627,0.591675844386372,10,1,5783456902
0.193812490080631,0.428274409343626,10,1,5783456902
0.271212306551148,0.146847011268929,10,1,5783456902
0.794424486707007,0.942288669606983,10,1,5783456902
0.105108199678309,0.143333824619456,10,1,5783456902
0.494499964928675,0.895122674668094,10,1,5783456902
0.23173850872322,0.389831911779717,10,1,5783456902
0.471985366235256,0.163227437412202,10,1,5783456902
0.0349661580535665,0.0750238318077754,10,1,5783456902
0.104550164402451,0.248494974540129,10,1,5783456902
0.120787454495516,0.495938104563686,10,1,5783456902
0.381303899357883,0.0851277166670983,10,1,5783456902
0.300485045424769,0.0779752948844887,10,1,5783456902
0.980051705422883,0.521662876232309,10,1,5783456902
0.638952880027694,0.217025501631272,10,1,5783456902
0.00970986077989533,0.51477773551135,10,1,5783456902
0.593399080802246,0.152668785207317,10,1,5783456902
0.460416559132318,0.0783320089308326,10,1,5783456902
0.907787248416846,0.0236027960263829,10,1,5783456902
0.23293894040681,0.0233684319722114,10,1,5783456902
0.295927638359407,0.49946367941218,10,1,5783456902
0.325342963727064,0.0457980547893948,10,1,5783456902
0.690124102823261,0.459203512463547,10,1,5783456902
0.363634549342757,0.344075775614964,10,1,5783456902
0.628951447981304,0.609996023534466,10,1,5783456902
0.61067612002424,0.229300707125397,10,1,5783456902
0.465548818556835,0.699749036321685,10,1,5783456902
0.269478375035493,0.242237611031696,10,1,5783456902
0.943299694593793,0.372709054314365,10,1,5783456902
0.49898466990516,0.876895862630704,10,1,5783456902
0.181216777563601,0.919203182053324,10,1,5783456902
0.975380463213205,0.15551895940242,10,1,5783456902
0.359498414192373,0.907930457634764,10,1,5783456902
0.754694820179925,0.649580546992184,10,1,5783456902
0.628600909559908,0.74823078676963,10,1,5783456902
0.578545903378642,0.684226779133228,10,1,5783456902
0.680022015680667,0.803139605706932,10,1,5783456902
0.193109546384998,0.865273595729688,10,1,5783456902
0.516628299598551,0.872398464620296,10,1,5783456902
0.155691973864855,0.851207768784494,10,1,5783456902
0.261308512279769,0.296024193385823,10,1,5783456902
0.625052985978055,0.795675643445287,10,1,5783456902
0.457320187027298,0.85898962295052,10,1,5783456902
0.721910301006732,0.794641494621828,10,1,5783456902
0.16035898157716,0.569643746245521,10,1,5783456902
0.659126917754781,0.770222961096631,10,1,5783456902
0.375884744524907,0.957361226035303,10,1,5783456902
0.613552760017275,0.407166442955686,10,1,5783456902
0.440593291154525,0.962220765483414,10,1,5783456902
0.552019759036755,0.89535301018786,10,1,5783456902
0.866932872781589,0.644802509950133,10,1,5783456902
0.59990721033365,0.461665156606314,10,1,5783456902
0.820291462973284,0.05268096324399,10,1,5783456902
0.422043759838696,0.569369952350304,10,1,5783456902
0.290245679052272,0.268872764691432,10,1,5783456902
0.240342074873555,0.132322333655088,10,1,5783456902
0.664998572976953,0.770869738595157,10,1,5783456902
0.3041488194295,0.444612047203899,10,1,5783456902
0.11088851550019,0.79942783215296,10,1,5783456902
0.295002385419907,0.617478723975848,10,1,5783456902
0.0318607808989309,0.651978945864501,10,1,5783456902
0.100628651266713,0.114284361078684,10,1,5783456902
0.0328952373863143,0.418859742160386,10,1,5783456902
0.709945261949644,0.379188396960751,10,1,5783456902
0.756324479500526,0.937546179434779,10,1,5783456902
0.676264217764729,0.920374079897141,10,1,5783456902
0.919537700529443,0.407200079138621,10,1,5783456902
0.947896727648617,0.987269751907119,10,1,5783456902
0.00376832700285679,0.876150586530497,10,1,5783456902
0.0887982455412737,0.79483338743441,10,1,5783456902
0.991460358909662,0.373899516698454,10,1,5783456902
0.175109239426506,0.97811350303315,10,1,5783456902
0.336910765978795,0.131369504983376,10,1,5783456902
0.233499947663129,0.470977025571922,10,1,5783456902
0.587014657597449,0.434968341797408,10,1,5783456902
0.783363440570177,0.997163954195392,10,1,5783456902
0.40720234501618,0.302911903652329,10,1,5783456902
0.978161925253584,0.270051968713767,10,1,5783456902
0.429139683538612,0.876576051290384,10,1,5783456902
0.0147428198325934,0.729899912596327,10,1,5783456902
0.0573448153206515,0.254597434120005,10,1,5783456902
0.0368467642529211,0.235046350943944,10,1,5783456902
0.247164180045042,0.332117015267655,10,1,5783456902
0.383177294982141,0.939725307569187,10,1,5783456902
0.296913694779522,0.913528884102573,10,1,5783456902
0.434932953692314,0.243654530888366,10,1,5783456902
0.0515473281129744,0.24354156776189,10,1,5783456902
0.488050438240703,0.87886256623325,10,1,5783456902
0.897756975529505,0.0244955564051534,10,1,5783456902
0.554839933637711,0.259250144013144,10,1,5783456902
0.979895189167411,0.932988127274582,10,1,5783456902
0.888125399783628,0.10527042611149,10,1,5783456902
0.997550050717621,0.841843981139749,10,1,5783456902
0.817598867127181,0.0660016124610365,10,1,5783456902
0.637890693237311,0.926815832927743,10,1,5783456902
0.152183795460297,0.925838513517411,10,1,5783456902
0.508845282931719,0.558757044991055,10,1,5783456902
0.415743204428251,0.809981962322629,10,1,5783456902
0.995640752734175,0.0760784472655578,10,1,5783456902
0.73772576289486,0.197615280630398,10,1,5783456902
0.991980395451675,0.657171254939954,10,1,5783456902
0.21036965344155,0.477841103252741,10,1,5783456902
0.788217325474071,0.126549583618718,10,1,5783456902
0.677245466852101,0.353872967347616,10,1,5783456902
0.914378918324858,0.428643728984203,10,1,5783456902
0.334742409892466,0.269402650091234,10,1,5783456902
0.828377389978916,0.617829258159141,10,1,5783456902
0.693303375346126,0.727763541161544,10,1,5783456902
0.562250159671406,0.272998931004706,10,1,5783456902
0.28668364622106,0.193948867451303,10,1,5783456902
0.191874475274144,0.00392526146203309,10,1,5783456902
0.74322888670841,0.731617941420585,10,1,5783456902
0.207843715865207,0.766559085262992,10,1,5783456902
0.725110348188044,0.17724041305668,10,1,5783456902
0.60659915270533,0.27073056542139,10,1,5783456902
0.299693593873634,0.347522704442668,10,1,5783456902
0.232927995880639,0.00940180821528314,10,1,5783456902
0.328260021546871,0.365914534137137,10,1,5783456902
0.321173997150844,0.78746937973481,10,1,5783456902
0.0909840099994357,0.0890882499642798,10,1,5783456902
0.707553265059181,0.716866814017084,10,1,5783456902
0.808797631730463,0.20349571267013,10,1,5783456902
0.648460712460134,0.124659225256538,10,1,5783456902
0.309287831096771,0.855928350419715,10,1,5783456902
0.932751184925205,0.55062849405041,10,1,5783456902
0.648566951304919,0.376439359294076,10,1,5783456902
0.765938873789011,0.411556607037926,10,1,5783456902
0.23830680436476,0.0108620910180783,10,1,5783456902
0.899806694869375,0.683578982874435,10,1,5783456902
0.730198698265728,0.348744388155892,10,1,5783456902
0.348632946465111,0.567552170077644,10,1,5783456902
0.861052345524605,0.36740444439067,10,1,5783456902
0.631940546287221,0.446102212043666,10,1,5783456902
0.0328637673354408,0.375395433220354,10,1,5783456902
0.553240496738105,0.115987039425279,10,1,5783456902
0.442394345114087,0.822753933528224,10,1,5783456902
0.421397065228408,0.0493667275273815,10,1,5783456902
0.857462124457219,0.494587545580583,10,1,5783456902
0.668553931765515,0.156597095416801,10,1,5783456902
0.448411687342508,0.524097003047835,10,1,5783456902
0.796645631913699,0.209251681161342,10,1,5783456902
0.455108284747001,0.370927846999664,10,1,5783456902
0.184134765367544,0.311975305012734,10,1,5783456902
0.867236024230351,0.807179852301116,10,1,5783456902
0.293372213565894,0.0126680706313937,10,1,5783456902
0.713769356212721,0.625908675096023,10,1,5783456902
0.622296096806296,0.548711430222987,10,1,5783456902
0.716270175970627,0.991161597653623,10,1,5783456902
0.838871184473325,0.805500855583018,10,1,5783456902
0.31452353545665,0.645415049061021,10,1,5783456902
0.621570758745832,0.329164515290262,10,1,5783456902
0.709709413868177,0.0728459805368329,10,1,5783456902
0.75492729182832,0.732272071294615,10,1,5783456902
0.894865532382073,0.299749346978462,10,1,5783456902
0.0665402531824952,0.62157966865998,10,1,5783456902
0.54847411495453,0.153512614654923,10,1,5783456902
0.634917237679949,0.432979839923493,10,1,5783456902
0.105038981960764,0.444657957368588,10,1,5783456902
0.0879628624241742,0.733904385469431,10,1,5783456902
0.444973193070121,0.0495337976333232,10,1,5783456902
0.029605158799737,0.8650412111488,10,1,5783456902
0.337412797433203,0.499933341384472,10,1,5783456902
0.612168812648706,0.229898642214458,10,1,5783456902
0.381998689621583,0.511374914892269,10,1,5783456902
0.572483426718303,0.605212039745157,10,1,5783456902
0.910887691726037,0.548500925107253,10,1,5783456902
0.887403775982555,0.382302463910908,10,1,5783456902
0.767943863893901,0.217462630186148,10,1,5783456902
0.67391822241911,0.130582435444302,10,1,5783456902
0.367638350694433,0.787081843354894,10,1,5783456902
0.718149649277918,0.815396513476924,10,1,5783456902
0.123725983577824,0.93592108779859,10,1,5783456902
0.089162192954614,0.94710653889231,10,1,5783456902
0.105475481045085,0.338257283932785,10,1,5783456902
0.381509833351669,0.539257004687374,10,1,5783456902
0.408285740813869,0.627082005511994,10,1,5783456902
0.303321327682032,0.754461497772227,10,1,5783456902
0.97727861420597,0.175037527355631,10,1,5783456902
0.0676757836746442,0.960395465842837,10,1,5783456902
0.887893517658912,0.284177175880985,10,1,5783456902
0.351957288142068,0.724028333122652,10,1,5783456902
0.0589345300574804,0.0477263593690047,10,1,5783456902
0.188690566922957,0.250084638536191,10,1,5783456902
0.696794578925939,0.792956448628049,10,1,5783456902
0.815332932346616,0.687867697872373,10,1,5783456902
0.0592205514829738,0.640271405246672,10,1,5783456902
0.748319957494422,0.818394269046217,10,1,5783456902
0.497344908532794,0.934614826798763,10,1,5783456902
0.831061957511711,0.208628746764311,10,1,5783456902
0.970133021904677,0.572020134147557,10,1,5783456902
0.648536456681483,0.776862371588863,10,1,5783456902
0.0220711852618554,0.116422194207791,10,1,5783456902
0.950306357691965,0.321359017360392,10,1,5783456902
0.358485382101131,0.106393678487117,10,1,5783456902
0.130367158570776,0.0993367962540059,10,1,5783456902
0.188783688435029,0.820543233137378,10,1,5783456902
0.565110978746964,0.515810578666009,10,1,5783456902
0.713572000913377,0.584400932397317,10,1,5783456902
0.479968214112467,0.747039073517821,10,1,5783456902
0.184679037640634,0.767047778159894,10,1,5783456902
0.959122479170285,0.944510757606203,10,1,5783456902
0.128624834097542,0.0319928143069541,10,1,5783456902
0.310368737720554,0.735892504035683,10,1,5783456902
0.0431149575165473,0.57013227971388,10,1,5783456902
0.342797018769673,0.556664257126029,10,1,5783456902
0.922898919226168,0.760657283628583,10,1,5783456902
0.18429168150803,0.534472782472887,10,1,5783456902
0.459163381942178,0.266802965675786,10,1,5783456902
0.783380401352505,0.682661541107527,10,1,5783456902
0.643097735267982,0.462443049270116,10,1,5783456902
0.357669977953024,0.165922997677813,10,1,5783456902
0.683491146599588,0.283535625673665,10,1,5783456902
0.0173022027623762,0.61525552671482,10,1,5783456902
0.377860866435439,0.671908647851546,10,1,5783456902
0.443532297042,0.200362514542749,10,1,5783456902
0.230094745778856,0.122138354297005,10,1,5783456902
0.564541476404923,0.654831228642623,10,1,5783456902
0.44588905253004,0.434708374556261,10,1,5783456902
0.456897081972085,0.143181276171937,10,1,5783456902
0.00954372228909905,0.527493163808082,10,1,5783456902
0.884727570543562,0.197823828100236,10,1,5783456902
0.854037803157581,0.230737105655983,10,1,5783456902
0.581193202616072,0.310930060149181,10,1,5783456902
0.710182626348193,0.851371296930153,10,1,5783456902
0.405361973427743,0.490152563764607,10,1,5783456902
0.480167050661302,0.31384881241618,10,1,5783456902
0.393568633258159,0.0873938501554354,10,1,5783456902
0.601719130137312,0.499657968136528,10,1,5783456902
0.267793779622399,0.402168504314526,10,1,5783456902
0.894627588976985,0.824001932367142,10,1,5783456902
0.934062180802522,0.547035865451093,10,1,5783456902
0.0184900692013601,0.846268807722252,10,1,5783456902
0.615204313440432,0.0380120085005506,10,1,5783456902
0.497357258531467,0.882046374711394,10,1,5783456902
0.593585448514212,0.100505414870815,10,1,5783456902
0.857642454926861,0.89920714384577,10,1,5783456902
0.877317492848868,0.699083269709103,10,1,5783456902
0.529274551743485,0.377375959933042,10,1,5783456902
0.452255503022931,0.376972265047786,10,1,5783456902
0.390673098659387,0.951312384580106,10,1,5783456902
0.413907179150751,0.00743261099901904,10,1,5783456902
0.74723466177344,0.331908979679017,10,1,5783456902
0.828884945449627,0.895994124829841,10,1,5783456902
0.455880332419746,0.0499403658681397,10,1,5783456902
0.131168306787534,0.438678421422741,10,1,5783456902
0.991815780166972,0.45228114644293,10,1,5783456902
0.363071140085637,0.370143299036515,10,1,5783456902
0.943801413462359,0.348463859012574,10,1,5783456902
0.292424927206022,0.925947797398603,10,1,5783456902
0.362177236079133,0.421174621447759,10,1,5783456902
0.424690149224189,0.252920187237428,10,1,5783456902
0.792251119311008,0.638498510313879,10,1,5783456902
0.665788642566063,0.905632701704279,10,1,5783456902
0.462883929748988,0.380535422714658,10,1,5783456902
0.197508873807821,0.640670849817012,10,1,5783456902
0.420276633756595,0.479168177952864,10,1,5783456902
0.804568639206215,0.396713179177514,10,1,5783456902
0.301756079391558,0.0794102752137791,10,1,5783456902
0.563741581508196,0.15288365556577,10,1,5783456902
0.0295147429672478,0.278639260845317,10,1,5783456902
0.760235829574463,0.910905700853065,10,1,5783456902
0.179926436693049,0.257965640573181,10,1,5783456902
0.947788634139753,0.952113311650437,10,1,5783456902
0.213333440826929,0.701321406958244,10,1,5783456902
0.332219871862612,0.208512569260398,10,1,5783456902
0.181838891179563,0.849165126972266,10,1,5783456902
0.854920309819196,0.441101920822157,10,1,5783456902
0.619516332205092,0.578458842280282,10,1,5783456902
0.0178609200047264,0.294642771709443,10,1,5783456902
0.179288528351148,0.691246093404026,10,1,5783456902
0.533242250736627,0.564781544773758,10,1,5783456902
0.900122918892684,0.716942191714145,10,1,5783456902
0.502127175500551,0.170977131661326,10,1,5783456902
0.614168956154556,0.703812801668856,10,1,5783456902
0.415108779542281,0.570606698801917,10,1,5783456902
0.6671744576304,0.843747972544526,10,1,5783456902
0.340153681284409,0.166137143845176,10,1,5783456902
0.291087185957157,0.0176134994050878,10,1,5783456902
0.235863400549084,0.245905070448577,10,1,5783456902
0.91781304653234,0.62725915740309,10,1,5783456902
0.0675104376424676,0.612917906971731,10,1,5783456902
0.649445623129085,0.189903909063499,10,1,5783456902
0.188573596840495,0.518187641283764,10,1,5783456902
0.547402268515683,0.63369339068023,10,1,5783456902
0.574316944296112,0.091206353153086,10,1,5783456902
0.890441815530979,0.846921187106744,10,1,5783456902
0.261466039056558,0.422522916465639,10,1,5783456902
0.904602950928817,0.24557175965713,10,1,5783456902
0.596457658216317,0.254892207612146,10,1,5783456902
0.409365891763273,0.296790351429233,10,1,5783456902
0.104690505097535,0.269122521794306,10,1,5783456902
0.384857978453763,0.934804600178333,10,1,5783456902
0.894874479285497,0.887118159088831,10,1,5783456902
0.720166252781977,0.355982339304165,10,1,5783456902
0.347759669761857,0.840398312920404,10,1,5783456902
0.792083089585635,0.0385779262665757,10,1,5783456902
0.999631442042718,0.827056627915017,10,1,5783456902
0.766104474779112,0.392037040824325,10,1,5783456902
0.348688233207693,0.0575500741183028,10,1,5783456902
0.627895659415693,0.513745537138963,10,1,5783456902
0.0579490329099857,0.230116525753466,10,1,5783456902
0.633533955333617,0.861316486760272,10,1,5783456902
0.72034145874956,0.258176935497405,10,1,5783456902
0.68331850900099,0.166659850518978,10,1,5783456902
0.968391736602492,0.950147437422894,10,1,5783456902
0.950549996220236,0.588519512120483,10,1,5783456902
0.450683146791328,0.586026782576375,10,1,5783456902
0.309557228420964,0.208746900070197,10,1,5783456902
0.632964599938443,0.622904774699299,10,1,5783456902
0.496762694456271,0.650218416185409,10,1,5783456902
0.517505756375285,0.734567678797003,10,1,5783456902
0.358064208293662,0.525707992106201,10,1,5783456902
0.428657345916843,0.177969392005937,10,1,5783456902
0.29189788813212,0.311151284377885,10,1,5783456902
0.709339053339005,0.91540819535527,10,1,5783456902
0.46240946252186,0.30838578308431,10,1,5783456902
0.244025793010026,0.132124536071969,10,1,5783456902
0.621387214167758,0.506249144363246,10,1,5783456902
0.515144719234937,0.908030559378643,10,1,5783456902
0.982369372337478,0.483901677683599,10,1,5783456902
0.169062688095534,0.516032105226935,10,1,5783456902
0.14160766737526,0.468406454601817,10,1,5783456902
0.10136237451937,0.890421120045523,10,1,5783456902
0.691882943731361,0.603731721437729,10,1,5783456902
0.217101358510571,0.939681282247567,10,1,5783456902
0.482012959867568,0.335570181564489,10,1,5783456902
0.0306744008716819,0.0502683787065834,10,1,5783456902
0.640682336772201,0.795919396645339,10,1,5783456902
0.337577091543118,0.235599710939011,10,1,5783456902
0.20880009530109,0.952608015910659,10,1,5783456902
0.429211728324473,0.754649097196638,10,1,5783456902
0.235901555748059,0.768116005736437,10,1,5783456902
0.977605712515143,0.868618396054845,10,1,5783456902
0.195161574385447,0.426475533345839,10,1,5783456902
0.949189592954948,0.104196594119254,10,1,5783456902
0.137967615134134,0.607018407096497,10,1,5783456902
0.593032879492452,0.954996605404878,10,1,5783456902
