0.965070791974222,0.355215550452811,10,1,5783456902
0.044897107089513,0.892812121017579,10,1,5783456902
0.437332968488064,0.34270426286295,10,1,5783456902
0.0725756324838309,0.14181519418452,10,1,5783456902
0.0309163513266535,0.771268681138825,10,1,5783456902
0.789769367186719,0.94097375020703,10,1,5783456902
0.779218478193464,0.614752354031922,10,1,5783456902
0.642514947249391,0.0402149934582505,10,1,5783456902
0.646253198885904,0.227058310197298,10,1,5783456902
0.812455685009173,0.944628339194977,10,1,5783456902
0.808477795222269,0.934046482768746,10,1,5783456902
0.524591311037329,0.101038260925702,10,1,5783456902
0.786779623338689,0.943498568359589,10,1,5783456902
0.744599433457128,0.631251949904877,10,1,5783456902
0.100579026947799,0.0639616252887376,10,1,5783456902
0.351578148340726,0.0816565283056216,10,1,5783456902
0.255603492383392,0.928888540448243,10,1,5783456902
0.269737044394365,0.37109576378524,10,1,5783456902
0.880629708576589,0.539441702233076,10,1,5783456902
0.746544621256989,0.726752444926503,10,1,5783456902
0.524456870227607,0.391022845731088,10,1,5783456902
0.719165320911197,0.359575048023895,10,1,5783456902
0.247643801939661,0.866868459174687,10,1,5783456902
0.669114799006598,0.191919666646791,10,1,5783456902
0.951558526760998,0.620279621205668,10,1,5783456902
0.747835431320619,0.479730470634721,10,1,5783456902
0.589793584211904,0.0127812682089425,10,1,5783456902
0.688688210019259,0.587183808432371,10,1,5783456902
0.206988400378862,0.79882456702184,10,1,5783456902
0.386164705266891,0.615834991093174,10,1,5783456902
0.617356594486187,0.415468415400003,10,1,5783456902
0.602735427184306,0.96775587651337,10,1,5783456902
0.647366177207359,0.598129571261916,10,1,5783456902
0.0531056132319812,0.924492297147526,10,1,5783456902
0.363637827033852,0.977789071420972,10,1,5783456902
0.930801899825797,0.836869807603294,10,1,5783456902
0.232918236779921,0.0806582088814478,10,1,5783456902
0.244528089455978,0.897601038833358,10,1,5783456902
0.140237432127408,0.404981707741784,10,1,5783456902
0.102839439975945,0.759451300281219,10,1,5783456902
0.32324325062731,0.158786875334723,10,1,5783456902
0.505962756211326,0.774566084747218,10,1,5783456902
0.865701243899567,0.776089709654785,10,1,5783456902
0.957050503421367,0.378304446454062,10,1,5783456902
0.425890172373803,0.967268939011369,10,1,5783456902
0.889048547103691,0.697329080024795,10,1,5783456902
0.959257435534119,0.496906151173636,10,1,5783456902
0.0974257204199285,0.247582419262296,10,1,5783456902
0.985042252668197,0.311347661876155,10,1,5783456902
0.494026531111002,0.0455808059122953,10,1,5783456902
0.902627155282862,0.906654603810727,10,1,5783456902
0.253599487746488,0.674333907116237,10,1,5783456902
0.157592567256438,0.574267442742709,10,1,5783456902
0.349496201983489,0.540520741263829,10,1,5783456902
0.365472204656657,0.479042663499458,10,1,5783456902
0.4568697961548,0.159533088183473,10,1,5783456902
0.39299242573625,0.181041461210534,10,1,5783456902
0.563538197969424,0.516633256416993,10,1,5783456902
0.610631663132397,0.969937934269914,10,1,5783456902
0.875856779885782,0.941775829869915,10,1,5783456902
0.309214047808164,0.681060434561765,10,1,5783456902
0.12805118294816,0.63969914694077,10,1,5783456902
0.111583685816036,0.0999797504610327,10,1,5783456902
0.889629951976864,0.774139564531126,10,1,5783456902
0.113137804500647,0.964239127951201,10,1,5783456902
0.919245233165544,0.154824494125399,10,1,5783456902
0.803751275810653,0.837355528071985,10,1,5783456902
0.0539093731402049,0.671210488288527,10,1,5783456902
0.751339311191396,0.30542729625571,10,1,5783456902
0.753404662566689,0.892606139196675,10,1,5783456902
0.218370380160956,0.195220534642743,10,1,5783456902
0.186337642973458,0.45951101999792,10,1,5783456902
0.939582521860755,0.970146897807169,10,1,5783456902
0.114325843282802,0.417656538579477,10,1,5783456902
0.0837118591741506,0.601896594091875,10,1,5783456902
0.532878144376217,0.468263280120059,10,1,5783456902
0.822353997383491,0.4687506616927,10,1,5783456902
0.801400353185492,0.430971774688453,10,1,5783456902
0.765018483268482,0.419566347409602,10,1,5783456902
0.234255899332812,0.68456321417315,10,1,5783456902
0.610024897645781,0.421282737474217,10,1,5783456902
0.422732151131202,0.711581426351877,10,1,5783456902
0.0937954875219473,0.460574952600092,10,1,5783456902
0.298399991605957,0.213115852408206,10,1,5783456902
0.536163494477509,0.491063199560078,10,1,5783456902
0.400953976178263,0.135046192637309,10,1,5783456902
0.248053895013749,0.487310176381124,10,1,5783456902
0.0871680396667975,0.0373746811518627,10,1,5783456902
0.53824474488923,0.139873533725563,10,1,5783456902
0.582998980112751,0.548334571430659,10,1,5783456902
0.0861037135064744,0.979965609150435,10,1,5783456902
0.892685462593702,0.502499993377252,10,1,5783456902
0.894436768217267,0.147463153375647,10,1,5783456902
0.667886956678659,0.707078872466149,10,1,5783456902
0.641282829770228,0.246818800316928,10,1,5783456902
0.423562930377083,0.22711404475721,10,1,5783456902
0.766430906181875,0.262633437696657,10,1,5783456902
0.801368294756853,0.115784906037891,10,1,5783456902
0.336154175600231,0.460308333969207,10,1,5783456902
0.132969457772602,0.864594149451891,10,1,5783456902
0.115076188002131,0.661600926857837,10,1,5783456902
0.126422440853911,0.624955860126129,10,1,5783456902
0.0656899673667155,0.205366250813621,10,1,5783456902
0.468980709162691,0.316800429969113,10,1,5783456902
0.353815647361878,0.116869770360003,10,1,5783456902
0.811873186709644,0.980925769241394,10,1,5783456902
0.698346651675775,0.11782190327801,10,1,5783456902
0.92676511305904,0.547651170084691,10,1,5783456902
0.708987484864557,0.210851244709565,10,1,5783456902
0.248527243038539,0.393356884990024,10,1,5783456902
0.767244137911394,0.77288738114444,10,1,5783456902
0.983168883793374,0.395666850317882,10,1,5783456902
0.812716155488049,0.141311131515532,10,1,5783456902
0.274294853532125,0.678893294218558,10,1,5783456902
0.190817653117857,0.0319869243241246,10,1,5783456902
0.800063689061888,0.466681160822873,10,1,5783456902
0.0317125776118319,0.216118516791952,10,1,5783456902
0.569054174391656,0.678997858212105,10,1,5783456902
0.327180444630054,0.34163365642999,10,1,5783456902
0.159108349917133,0.118324428762886,10,1,5783456902
0.258336719945308,0.485111147804216,10,1,5783456902
0.338236774822833,0.633042684300207,10,1,5783456902
0.0402192572472986,0.281535366752461,10,1,5783456902
0.695498725820903,0.580362142890476,10,1,5783456902
0.281180051563839,0.228981294473335,10,1,5783456902
0.0781318269341531,0.338815808847956,10,1,5783456902
0.509643501387039,0.496118532248685,10,1,5783456902
0.776777496218426,0.824537004980311,10,1,5783456902
0.00794327139733131,0.252521314960754,10,1,5783456902
0.390352725443174,0.887197585458781,10,1,5783456902
0.455891178299378,0.553294670154531,10,1,5783456902
0.795908787995958,0.120284097358426,10,1,5783456902
0.303045374503078,0.226425286264792,10,1,5783456902
0.648518328121966,0.248622525612593,10,1,5783456902
0.226972865701366,0.839891548904847,10,1,5783456902
0.977995129898063,0.704440447161043,10,1,5783456902
0.862651928636115,0.107615833679112,10,1,5783456902
0.37330666915185,0.345248816738297,10,1,5783456902
0.56036923711195,0.754408802229064,10,1,5783456902
0.369938021903106,0.378744671220897,10,1,5783456902
0.422753767549216,0.121659169969814,10,1,5783456902
0.661005061462316,0.805603842428299,10,1,5783456902
0.730674273949702,0.783920001516317,10,1,5783456902
0.303922867916784,0.348089778455576,10,1,5783456902
0.259630949820245,0.909176344025518,10,1,5783456902
0.962902281149536,0.596439879888274,10,1,5783456902
0.240206775068792,0.739843523390801,10,1,5783456902
0.548542975939883,0.126152080706664,10,1,5783456902
0.269823785209959,0.306645987119244,10,1,5783456902
0.879262932302759,0.754273597161196,10,1,5783456902
0.403990928104222,0.17945316652447,10,1,5783456902
0.673863369522544,0.570046304239028,10,1,5783456902
0.15259308811596,0.685616735368568,10,1,5783456902
0.377631164443597,0.362719440709532,10,1,5783456902
0.344921175204836,0.0571463644278452,10,1,5783456902
0.271801315906592,0.967072012236837,10,1,5783456902
0.510574072568057,0.567422804334193,10,1,5783456902
0.597153844531864,0.00517161575124536,10,1,5783456902
0.300585732592412,0.43033895298184,10,1,5783456902
0.346982055519577,0.752907965876509,10,1,5783456902
0.934979465771254,0.00150864100654147,10,1,5783456902
0.615738847724411,0.875286582063883,10,1,5783456902
0.839232854146693,0.405888987644298,10,1,5783456902
0.189791322339225,0.945938520552974,10,1,5783456902
0.81496263790358,0.448909048636449,10,1,5783456902
0.672234277550166,0.64617939312865,10,1,5783456902
0.461823447857417,0.382608444864327,10,1,5783456902
0.0819248379444977,0.705910766564112,10,1,5783456902
0.376174887326939,0.977009897056062,10,1,5783456902
0.500183190551339,0.101676749033323,10,1,5783456902
0.874329648697943,0.936702164148844,10,1,5783456902
0.0842971717986116,0.444681321234619,10,1,5783456902
0.99236251653185,0.285221227728583,10,1,5783456902
0.649435604448473,0.226039837614822,10,1,5783456902
0.117893967366321,0.293511154685718,10,1,5783456902
0.440706024912345,0.974292988321947,10,1,5783456902
0.376147113967383,0.0410380497678693,10,1,5783456902
0.547657779154078,0.117308757564232,10,1,5783456902
0.910025808275321,0.0158981999430434,10,1,5783456902
0.0861112418960408,0.396730654786352,10,1,5783456902
0.195316827292509,0.00301504966091048,10,1,5783456902
0.352354107698248,0.967990676793105,10,1,5783456902
0.278172266900098,0.595307127750067,10,1,5783456902
0.87119573141239,0.108830548157815,10,1,5783456902
0.894455927858363,0.793069850722905,10,1,5783456902
0.873334727995426,0.851788096537058,10,1,5783456902
0.497652291317398,0.536582877183906,10,1,5783456902
0.40629118630195,0.217329010581977,10,1,5783456902
0.510689217692508,0.707892335738321,10,1,5783456902
0.681165675728435,0.175511097278629,10,1,5783456902
0.151754052915795,0.163364688467583,10,1,5783456902
0.8074577586788,0.00148814827922461,10,1,5783456902
0.217316759141927,0.0682767670584496,10,1,5783456902
0.430421159518035,0.388276141964341,10,1,5783456902
0.282356223771308,0.912868232650387,10,1,5783456902
0.0856720931416572,0.493565694930227,10,1,5783456902
0.0834957057895487,0.454601622950179,10,1,5783456902
0.968434448892566,0.770980597806,10,1,5783456902
0.156488655979317,0.315134749886446,10,1,5783456902
0.0482496494642008,0.746391066090371,10,1,5783456902
0.369965815682852,0.317795497872187,10,1,5783456902
0.521190128156514,0.0471725523798714,10,1,5783456902
0.403324325339326,0.0604513092172283,10,1,5783456902
0.301258351575643,0.199629234682861,10,1,5783456902
0.947675909822205,0.692976355498064,10,1,5783456902
0.519532060951548,0.981084662974979,10,1,5783456902
0.661631394032921,0.134401564533747,10,1,5783456902
0.776424943283344,0.258520611578677,10,1,5783456902
0.909466412212128,0.430593691669401,10,1,5783456902
0.146653837093957,0.716798747992347,10,1,5783456902
0.109102456251874,0.886547484068688,10,1,5783456902
0.710360765010325,0.723883275431784,10,1,5783456902
0.0979728833327906,0.444488211692627,10,1,5783456902
0.714781809062332,0.1960762743753,10,1,5783456902
0.451015961285624,0.956094199946318,10,1,5783456902
0.386983566840096,0.289173978727246,10,1,5783456902
0.773360066691518,0.0945164760403561,10,1,5783456902
0.381060567332604,0.0357125918590908,10,1,5783456902
0.0644026384937062,0.625515664899789,10,1,5783456902
0.0784037344041417,0.683634773139202,10,1,5783456902
0.913581068216458,0.683793020119921,10,1,5783456902
0.814263664682372,0.512719756357978,10,1,5783456902
0.977599377550933,0.194928778035217,10,1,5783456902
0.678367604096845,0.108965041844669,10,1,5783456902
0.279185952014426,0.0787187405037124,10,1,5783456902
0.172413691288656,0.142281933564972,10,1,5783456902
0.132955912024068,0.618455328650433,10,1,5783456902
0.199558162853769,0.0132512160200697,10,1,5783456902
0.749707827203719,0.954222503487547,10,1,5783456902
0.194351661231857,0.5544339697473,10,1,5783456902
0.350483341643749,0.996760683611146,10,1,5783456902
0.0919541447749317,0.574617761660368,10,1,5783456902
0.216263296550515,0.361420957426126,10,1,5783456902
0.458718001571352,0.892694361939521,10,1,5783456902
0.659333057790733,0.656115873274393,10,1,5783456902
0.224529145162139,0.539109412120623,10,1,5783456902
0.373297603855482,0.412257479052652,10,1,5783456902
0.121661990591112,0.307805505447118,10,1,5783456902
0.720773277851065,0.808966207734445,10,1,5783456902
0.364800547024323,0.0494468640853754,10,1,5783456902
0.458924123554362,0.830686211446371,10,1,5783456902
0.645902852343763,0.501696558522736,10,1,5783456902
0.305158471512156,0.958999111311067,10,1,5783456902
0.638378629289323,0.817693304040312,10,1,5783456902
0.73715220091248,0.54726519131936,10,1,5783456902
0.568514621209701,0.67629215573477,10,1,5783456902
0.381784661550545,0.668658833452562,10,1,5783456902
0.489703651567312,0.782229894029753,10,1,5783456902
0.0690640267123321,0.188557720697579,10,1,5783456902
0.717351963133586,0.885810420931454,10,1,5783456902
0.605038889952585,0.926482754610385,10,1,5783456902
0.0820458951649945,0.556522102268858,10,1,5783456902
0.105019215746911,0.14210759287218,10,1,5783456902
0.851177812197519,0.96660713447435,10,1,5783456902
0.121762198687043,0.00582750458856562,10,1,5783456902
0.918635272637645,0.222379996081897,10,1,5783456902
0.576626711313541,0.653747982493188,10,1,5783456902
0.139771780684001,0.846350620477199,10,1,5783456902
0.352247007318854,0.12345743372677,10,1,5783456902
0.212275346447681,0.534437400573595,10,1,5783456902
0.426455011279866,0.327301659605544,10,1,5783456902
0.0724047081605539,0.598657152897657,10,1,5783456902
0.496726629762582,0.444385349827223,10,1,5783456902
0.2191668593772,0.294711596782234,10,1,5783456902
0.399809097931973,0.89045015194663,10,1,5783456902
0.281272030043088,0.622729946821523,10,1,5783456902
0.351820581161962,0.522910773420938,10,1,5783456902
0.710020782268026,0.770996766802837,10,1,5783456902
0.885834454975196,0.455656628980656,10,1,5783456902
0.48658663000636,0.968165187021709,10,1,5783456902
0.0830394421393932,0.576162779764181,10,1,5783456902
0.857148300120966,0.47764243686483,10,1,5783456902
0.257002132606849,0.15073817244694,10,1,5783456902
0.528956464719544,0.840382708009153,10,1,5783456902
0.945798151273397,0.0763787399157847,10,1,5783456902
0.776096148934057,0.537192353265664,10,1,5783456902
0.857215191911668,0.576095373694217,10,1,5783456902
0.443788365238188,0.535300479413702,10,1,5783456902
0.788447982258567,0.0331073916564248,10,1,5783456902
0.645293966204485,0.274690043212727,10,1,5783456902
0.31170297874559,0.0997296540792041,10,1,5783456902
0.0317760768431028,0.68593077469578,10,1,5783456902
0.78502619369974,0.610997317745446,10,1,5783456902
0.867121175096176,0.209926252033251,10,1,5783456902
0.813364554856485,0.47731033912283,10,1,5783456902
0.559537028677212,0.304326507852912,10,1,5783456902
0.304790470092375,0.848422839647866,10,1,5783456902
0.959843038279784,0.826435078583042,10,1,5783456902
0.218108350796716,0.678503632309369,10,1,5783456902
0.871576127103771,0.287746197210835,10,1,5783456902
0.29106366624165,0.165655002930333,10,1,5783456902
0.428854502718369,0.482403387024402,10,1,5783456902
0.283891463424609,0.94633462740208,10,1,5783456902
0.629589758236963,0.662801374291117,10,1,5783456902
0.324859941694712,0.282794689544741,10,1,5783456902
0.510619459962323,0.714487750726208,10,1,5783456902
0.93216778968648,0.0575720189326441,10,1,5783456902
0.569413069371232,0.185505847228055,10,1,5783456902
0.813343058611211,0.620004681884597,10,1,5783456902
0.466635635777293,0.0330511918121301,10,1,5783456902
0.511465831442181,0.141359707081385,10,1,5783456902
0.123189248397586,0.43230939124229,10,1,5783456902
0.167965442364048,0.34189679903595,10,1,5783456902
0.265364001173797,0.993806707312344,10,1,5783456902
0.194454547488738,0.738792390423685,10,1,5783456902
0.860374144867284,0.870990875404241,10,1,5783456902
0.109146453665321,0.215598829446852,10,1,5783456902
0.558592695121255,0.288622899937232,10,1,5783456902
0.811631536036491,0.804252564458016,10,1,5783456902
0.567018137907429,0.676561273695986,10,1,5783456902
0.126905192741531,0.965666786556321,10,1,5783456902
0.828738804098913,0.57073407475238,10,1,5783456902
0.598897487556615,0.83548654279575,10,1,5783456902
0.832855058008202,0.722725925502048,10,1,5783456902
0.930059033801596,0.0454205935521332,10,1,5783456902
0.8868935892008,0.868615020544871,10,1,5783456902
0.287182520572123,0.620702305030237,10,1,5783456902
0.405739204648151,0.866481647190753,10,1,5783456902
0.42561923419402,0.59849609197624,10,1,5783456902
0.612670717617394,0.696908284356029,10,1,5783456902
0.411245412186735,0.0570225575901804,10,1,5783456902
0.0701488166388202,0.697673450008986,10,1,5783456902
0.678811593554991,0.891479133640881,10,1,5783456902
0.573320541729248,0.271820969513236,10,1,5783456902
0.498737070288033,0.727875958842625,10,1,5783456902
0.799639027947481,0.561780854584456,10,1,5783456902
0.211646852380521,0.105072542698902,10,1,5783456902
0.557541883364241,0.814456470968542,10,1,5783456902
0.803516869546819,0.507162845493179,10,1,5783456902
0.928073601316091,0.270035528749633,10,1,5783456902
0.514632876402922,0.865371415525914,10,1,5783456902
0.102807796161346,0.919283480319607,10,1,5783456902
0.630742883388909,0.0255596737610428,10,1,5783456902
0.214171189472294,0.661183903242089,10,1,5783456902
0.889975978933506,0.252923694046526,10,1,5783456902
0.96853452815664,0.868204485541781,10,1,5783456902
0.057431596221414,0.537832843312877,10,1,5783456902
0.851923276218455,0.686879946953486,10,1,5783456902
0.0145653036937696,0.40464554351103,10,1,5783456902
0.514842622793657,0.0960887284929435,10,1,5783456902
0.839170135395048,0.848486339634274,10,1,5783456902
0.426578853933908,0.591354445094038,10,1,5783456902
0.848348907510472,0.58160974073971,10,1,5783456902
0.968018315517928,0.242395829294564,10,1,5783456902
0.933881220963097,0.656447487930916,10,1,5783456902
0.317871362648467,0.505177562903732,10,1,5783456902
0.916602556605679,0.987176565650599,10,1,5783456902
0.721171601279185,0.118705757137523,10,1,5783456902
0.709901256362411,0.992488705503495,10,1,5783456902
0.845178803829703,0.971087606929666,10,1,5783456902
0.301007495522997,0.138765798548763,10,1,5783456902
0.689202635073058,0.454600223406684,10,1,5783456902
0.818258883913368,0.964335005387357,10,1,5783456902
0.623098872789374,0.787524246027327,10,1,5783456902
0.821256463272071,0.15360091625828,10,1,5783456902
0.383681186582469,0.665298982133304,10,1,5783456902
0.103284465355054,0.704263980459542,10,1,5783456902
0.911147025212552,0.127472436199352,10,1,5783456902
0.727726218312891,0.0989841515467962,10,1,5783456902
0.906440332248041,0.808772437352689,10,1,5783456902
0.228553845001379,0.58512110884385,10,1,5783456902
0.806908115070399,0.162638766689001,10,1,5783456902
0.711838800386865,0.796534282893353,10,1,5783456902
0.0599548367143123,0.845457093127632,10,1,5783456902
0.606864235938425,0.767955863355295,10,1,5783456902
0.560172206627208,0.455369961379929,10,1,5783456902
0.036036006165705,0.689313231147633,10,1,5783456902
0.276799319398694,0.998943593010478,10,1,5783456902
0.558260326620394,0.585797504772275,10,1,5783456902
0.262224447065942,0.309072385088792,10,1,5783456902
0.245180912347607,0.493399436419945,10,1,5783456902
0.555489261421912,0.447111153637761,10,1,5783456902
0.0597439565850104,0.382547974390303,10,1,5783456902
0.739283211383438,0.90464470254606,10,1,5783456902
0.721510557812513,0.801818173426741,10,1,5783456902
0.0575842380110796,0.353494205077465,10,1,5783456902
0.958631187779035,0.285901144129669,10,1,5783456902
0.0702363939144577,0.20347851309847,10,1,5783456902
0.336501667363806,0.727893514401764,10,1,5783456902
0.436911122371328,0.772372539994276,10,1,5783456902
0.25153188781476,0.911366672855794,10,1,5783456902
0.354372136405131,0.904773536454987,10,1,5783456902
0.0846602777042211,0.339807897099582,10,1,5783456902
0.710517750898183,0.627917348400931,10,1,5783456902
0.231556123279285,0.717338180515644,10,1,5783456902
0.126401117590929,0.0660588534368827,10,1,5783456902
0.315681698219308,0.0503377266495799,10,1,5783456902
0.0454933885809363,0.0332339968569628,10,1,5783456902
0.411193806172805,0.0912936069369024,10,1,5783456902
0.878322800571092,0.383407254432186,10,1,5783456902
0.825257800731412,0.218146334946137,10,1,5783456902
0.151665516130874,0.826866844835424,10,1,5783456902
0.774874694467413,0.529745478139764,10,1,5783456902
0.520524947936528,0.701847002995584,10,1,5783456902
0.579400703627424,0.0240411781123875,10,1,5783456902
0.932582665751872,0.190582895448334,10,1,5783456902
0.92137270823265,0.638703157689571,10,1,5783456902
0.665356739793162,0.432598407012352,10,1,5783456902
0.693482575456359,0.13313838324683,10,1,5783456902
0.329393881254187,0.510662039157536,10,1,5783456902
0.64573730751385,0.375410061248707,10,1,5783456902
0.48577939679263,0.288551991806901,10,1,5783456902
0.499873398436084,0.268697130398285,10,1,5783456902
0.869742731769516,0.990881064662668,10,1,5783456902
0.790938579346426,0.859459678734654,10,1,5783456902
0.944263160505445,0.520377634746225,10,1,5783456902
0.342616962435889,0.291808285765172,10,1,5783456902
0.888992809153098,0.0585736038140192,10,1,5783456902
0.403591207833305,0.875024174872681,10,1,5783456902
0.262100460185306,0.677496214431213,10,1,5783456902
0.476627406239375,0.968660155734556,10,1,5783456902
0.894006437237453,0.935369118824108,10,1,5783456902
0.0519803954991529,0.0311195128256472,10,1,5783456902
0.577658280676398,0.890496718307028,10,1,5783456902
0.142477711693776,0.249145632440372,10,1,5783456902
0.207231166712849,0.855398599636792,10,1,5783456902
0.708332532536355,0.0545165415493507,10,1,5783456902
0.978025390171931,0.170386724196409,10,1,5783456902
0.979025953660783,0.434285587879865,10,1,5783456902
0.505617760796244,0.858756715177555,10,1,5783456902
0.759361604784772,0.0013518683997058,10,1,5783456902
0.692018431088021,0.0414137110392518,10,1,5783456902
0.222409212783718,0.516149035856019,10,1,5783456902
0.905310540001359,0.965694233733298,10,1,5783456902
0.819408604029456,0.766670457355993,10,1,5783456902
0.52078332615466,0.834822000949196,10,1,5783456902
0.132100794988251,0.30970503828817,10,1,5783456902
0.718998129261938,0.655028624402471,10,1,5783456902
0.105492001530654,0.445504571874132,10,1,5783456902
0.235147303378278,0.198221649701585,10,1,5783456902
0.851231178971569,0.77037975332999,10,1,5783456902
0.438775635409101,0.485078795646131,10,1,819034567
0.216994467906136,0.38052858754415,10,1,819034567
0.508661855662013,0.885308314260584,10,1,819034567
0.574543255158088,0.911278619499494,10,1,819034567
0.790693608409759,0.0976619391787399,10,1,819034567
0.303389226428139,0.568372592748583,10,1,819034567
0.813476157816765,0.817092713617034,10,1,819034567
0.718671349667555,0.688815133640465,10,1,819034567
0.981256216881189,0.6860849296397,10,1,819034567
0.741463420082049,0.0119552125340219,10,1,819034567
0.274681267540285,0.232830691426543,10,1,819034567
0.834733934480206,0.355727979631411,10,1,819034567
0.376665319346414,0.171457166387148,10,1,819034567
0.43794443425194,0.166248706090825,10,1,819034567
0.36462206135587,0.279792241802832,10,1,819034567
0.459370483050313,0.611356929957522,10,1,819034567
0.0548790040447189,0.0959473310471295,10,1,819034567
0.149316894145016,0.885746394536583,10,1,819034567
0.654455128304715,0.939181636766561,10,1,819034567
0.141466816320352,0.173554444088842,10,1,819034567
0.924263925400036,0.151057229428719,10,1,819034567
0.106268119878217,0.11108557159699,10,1,819034567
0.245225701159316,0.106618598720469,10,1,819034567
0.220322233865001,0.203610930465719,10,1,819034567
0.709657242666469,0.452348305637651,10,1,819034567
0.292290242741309,0.958098361923945,10,1,819034567
0.37764959802539,0.139801474292683,10,1,819034567
0.436232470797926,0.313321513519304,10,1,819034567
0.361171653228315,0.684377559446474,10,1,819034567
0.71551720145231,0.917651830356828,10,1,819034567
0.500223375963017,0.554657812030951,10,1,819034567
0.419561649546331,0.115664272422807,10,1,819034567
0.452561838840986,0.865322020395349,10,1,819034567
0.856863881455009,0.830085079739384,10,1,819034567
0.734741166557184,0.598300545117746,10,1,819034567
0.785050152471117,0.451670401425731,10,1,819034567
0.3782587287178,0.861334439573238,10,1,819034567
0.757195600895209,0.637077450984191,10,1,819034567
0.999852047987436,0.853098058080774,10,1,819034567
0.789231126850077,0.358019945921935,10,1,819034567
0.521468000555652,0.644973831342805,10,1,819034567
0.0211347993532751,0.246345367997992,10,1,819034567
0.356490835306545,0.509274276327375,10,1,819034567
0.654144152382111,0.81986690509983,10,1,819034567
0.572707424322588,0.0132949315633279,10,1,819034567
0.526074525199953,0.140421261554197,10,1,819034567
0.0132046160001265,0.801448584805258,10,1,819034567
0.208754777653215,0.423965674112377,10,1,819034567
0.471851098784271,0.0029497438937558,10,1,819034567
0.483132251789852,0.148113551772079,10,1,819034567
0.724804381846571,0.559363091722845,10,1,819034567
0.325777667722123,0.0361949933580672,10,1,819034567
0.811135041547703,0.641499629423413,10,1,819034567
0.896542890265799,0.167804664388699,10,1,819034567
0.437763642393075,0.283523660389464,10,1,819034567
0.314335425566306,0.860767004000158,10,1,819034567
0.486264515725186,0.493531576951366,10,1,819034567
0.343761300200113,0.585530944235441,10,1,819034567
0.413758720328056,0.552457462531734,10,1,819034567
0.481716766335089,0.594001999813639,10,1,819034567
0.177449376481607,0.797467897182725,10,1,819034567
0.948885265350572,0.88802613982344,10,1,819034567
0.332023092577217,0.422977732230344,10,1,819034567
0.869959460487498,0.685931169210797,10,1,819034567
0.0762572204511693,0.171512595980157,10,1,819034567
0.518791045956343,0.388237091189403,10,1,819034567
0.463563933521758,0.311469855281055,10,1,819034567
0.473149860001203,0.326631637274387,10,1,819034567
0.452498729694454,0.0968974447841822,10,1,819034567
0.774963059035329,0.155194723483121,10,1,819034567
0.62065800569377,0.06023804762963,10,1,819034567
0.889828519381326,0.406504303065273,10,1,819034567
0.0250240049698531,0.058063401679644,10,1,819034567
0.133908269307573,0.775068341921029,10,1,819034567
0.824562993272181,0.894725526097529,10,1,819034567
0.628588495688899,0.0628761916972533,10,1,819034567
0.868480526926477,0.439960787459334,10,1,819034567
0.128092418638386,0.332269241591193,10,1,819034567
0.248703832183883,0.70577233906632,10,1,819034567
0.348350217752143,0.923746762525098,10,1,819034567
0.284210244250757,0.443354556881442,10,1,819034567
0.371435223837776,0.658884926184095,10,1,819034567
0.379537727524433,0.201271256092258,10,1,819034567
0.464281604924122,0.256331086751172,10,1,819034567
0.137492847647064,0.0798831864659508,10,1,819034567
0.863528871234059,0.895021292296842,10,1,819034567
0.307778844093635,0.515821402380245,10,1,819034567
0.937633866798593,0.0927468389157955,10,1,819034567
0.436885234904561,0.0823078502095083,10,1,819034567
0.105147066057105,0.909098847296169,10,1,819034567
0.587003729371742,0.824546108234566,10,1,819034567
0.148379384969487,0.465750609865441,10,1,819034567
0.345720410105835,0.13382437925257,10,1,819034567
0.238976093131694,0.0961347194670754,10,1,819034567
0.594629717279799,0.690685259039127,10,1,819034567
0.0447508095584435,0.973528967301352,10,1,819034567
0.507643557308172,0.683707969785364,10,1,819034567
0.0156232882237206,0.555262648277355,10,1,819034567
0.443470171676392,0.172662576786099,10,1,819034567
0.577209075309484,0.806812887057889,10,1,819034567
0.906480654374332,0.269016169504379,10,1,819034567
0.834353312260434,0.195374774972964,10,1,819034567
0.413382336617248,0.97765928709453,10,1,819034567
0.994925820454929,0.621486731734353,10,1,819034567
0.798105707398515,0.186765598028537,10,1,819034567
0.159285313123373,0.829382999422386,10,1,819034567
0.557242512178682,0.984568021002754,10,1,819034567
0.385303102049191,0.445665368452815,10,1,819034567
0.0848846127950589,0.300579406614184,10,1,819034567
0.326852658299896,0.980133982554291,10,1,819034567
0.356603359061331,0.536453898138072,10,1,819034567
0.588591976955594,0.975937302773368,10,1,819034567
0.964356677641292,0.969824215422952,10,1,819034567
0.291679292371079,0.0475889893866386,10,1,819034567
0.351085264766743,0.693225898315341,10,1,819034567
0.896555897312819,0.961888964478218,10,1,819034567
0.531856052469592,0.0598090165914906,10,1,819034567
0.044070612006609,0.684011846332031,10,1,819034567
0.715465893718157,0.471189638128172,10,1,819034567
0.50144798802528,0.274389587247061,10,1,819034567
0.890571697462249,0.330478163828978,10,1,819034567
0.473835819362333,0.0948705164221189,10,1,819034567
0.716193028048542,0.23626893311997,10,1,819034567
0.768402855055699,0.293093452010519,10,1,819034567
0.542841450902681,0.766897302918923,10,1,819034567
0.264577046969533,0.201624672459576,10,1,819034567
0.366127161889973,0.917798578374748,10,1,819034567
0.490895727531037,0.27020452536404,10,1,819034567
0.578964594411365,0.682176877610642,10,1,819034567
0.630089327803314,0.768272899881594,10,1,819034567
0.695650974778966,0.416500436305991,10,1,819034567
0.050615004234106,0.929363137218698,10,1,819034567
0.471626702762095,0.299451156830814,10,1,819034567
0.65732934469321,0.156858165385138,10,1,819034567
0.413917512105713,0.691236876249996,10,1,819034567
0.725536274174844,0.253941847070989,10,1,819034567
0.39742335728298,0.185055086608774,10,1,819034567
0.948222291510794,0.452034132585003,10,1,819034567
0.600888083287132,0.163446340212196,10,1,819034567
0.625264799136828,0.62195772172986,10,1,819034567
0.449093591913452,0.335771348171891,10,1,819034567
0.812890286591536,0.655471270498775,10,1,819034567
0.688560506477642,0.0457338587817375,10,1,819034567
0.570141973883037,0.840173586048996,10,1,819034567
0.344128741832692,0.837776338584503,10,1,819034567
0.166361339658507,0.0638630144217571,10,1,819034567
0.879705784848806,0.270729595674357,10,1,819034567
0.265722775281831,0.0908125136117235,10,1,819034567
0.367763749715675,0.421842679843719,10,1,819034567
0.179479344759313,0.189762554484125,10,1,819034567
0.932799610848123,0.344800606156884,10,1,819034567
0.990302188920757,0.833737574670339,10,1,819034567
0.0318292950076922,0.556248041135329,10,1,819034567
0.2939710352119,0.599338849375378,10,1,819034567
0.256504325239469,0.18560883154661,10,1,819034567
0.191363206587586,0.284492776789658,10,1,819034567
0.586820842686159,0.653137619092,10,1,819034567
0.217667813157283,0.146638619902102,10,1,819034567
0.870103767474485,0.355375063190609,10,1,819034567
0.011489065096729,0.721568050156584,10,1,819034567
0.224360374184734,0.843839335895319,10,1,819034567
0.947461015022133,0.151652540460161,10,1,819034567
0.964768701378056,0.39926378410093,10,1,819034567
0.33570425677504,0.901148269198703,10,1,819034567
0.855491620098688,0.311862009230454,10,1,819034567
0.170296992138065,0.497067021648514,10,1,819034567
0.133254670305215,0.0022166099419465,10,1,819034567
0.251388538398999,0.602327599947804,10,1,819034567
0.0331017055737068,0.575498428425333,10,1,819034567
0.530116258389297,0.401362763517851,10,1,819034567
0.514418580054428,0.733794450499234,10,1,819034567
0.832926571913212,0.401212383460433,10,1,819034567
0.368424433109306,0.685798911342699,10,1,819034567
0.26056372077004,0.419214043973702,10,1,819034567
0.461951151079445,0.741129357209747,10,1,819034567
0.439569553999909,0.0199281924159249,10,1,819034567
0.744026812382824,0.00456446051153048,10,1,819034567
0.439992581701189,0.767943171739471,10,1,819034567
0.282130356843732,0.552680308882072,10,1,819034567
0.377495893307742,0.60918548203958,10,1,819034567
0.655459302190752,0.484419600250841,10,1,819034567
0.539152914568859,0.603351423879566,10,1,819034567
0.245115209683395,0.165188397641054,10,1,819034567
0.649620910707183,0.752456930038475,10,1,819034567
0.994131385185122,0.723632866027777,10,1,819034567
0.541294787305467,0.919336963254439,10,1,819034567
0.15285645139426,0.0334518188413764,10,1,819034567
0.957797793885406,0.124398396972293,10,1,819034567
0.102742348065462,0.232853184988625,10,1,819034567
0.561458580653342,0.937616308456059,10,1,819034567
0.742083304270407,0.193952450433609,10,1,819034567
0.465556035119476,0.545175587054165,10,1,819034567
0.769033512761303,0.174406113988818,10,1,819034567
0.259447113754839,0.167809702918436,10,1,819034567
0.780401010910257,0.280210451375922,10,1,819034567
0.190672422220954,0.52861413520499,10,1,819034567
0.166204671712997,0.321038230628818,10,1,819034567
0.603942818430259,0.247162102930815,10,1,819034567
0.974465711464744,0.288426415236769,10,1,819034567
0.934708486938722,0.818460755919083,10,1,819034567
0.506069415912834,0.688821091051828,10,1,819034567
0.435871256491793,0.728837774658943,10,1,819034567
0.733108274617081,0.89014361425088,10,1,819034567
0.798182990121622,0.29428539624709,10,1,819034567
0.684351939960363,0.945976583768637,10,1,819034567
0.862325343399564,0.042383782337251,10,1,819034567
0.0146288501995491,0.654074216294062,10,1,819034567
0.764920441046755,0.570330282070653,10,1,819034567
0.388555544302864,0.0387354068705124,10,1,819034567
0.1118171074481,0.536196686427217,10,1,819034567
0.92555954034326,0.153309964098892,10,1,819034567
0.269658205216705,0.459633896783569,10,1,819034567
0.833191230910454,0.465835254156919,10,1,819034567
0.849489356243334,0.341779370297203,10,1,819034567
0.782493376583936,0.314641204331573,10,1,819034567
0.398091190162992,0.232854819007214,10,1,819034567
0.850628513345819,0.737944823686596,10,1,819034567
0.0764247141625038,0.876534344227898,10,1,819034567
0.186847208098028,0.0197040112252806,10,1,819034567
0.802725531700867,0.62103099410313,10,1,819034567
0.0915291730779531,0.705789994748647,10,1,819034567
0.33670277209801,0.806062161442795,10,1,819034567
0.992496593996031,0.623879362360196,10,1,819034567
0.369894553491716,0.728608953101869,10,1,819034567
0.582689178131437,0.659740077045831,10,1,819034567
0.791976423568046,0.51862434402447,10,1,819034567
0.0558723611587899,0.9205135042976,10,1,819034567
0.495461677947797,0.610590000680277,10,1,819034567
0.92785287405415,0.156547618759673,10,1,819034567
0.589161907408275,0.767111133154696,10,1,819034567
0.883675203918398,0.962516572577733,10,1,819034567
0.0189452165611863,0.625243251769974,10,1,819034567
0.681946851600883,0.46757653855912,10,1,819034567
0.889958990785869,0.22118347768129,10,1,819034567
0.267940868771571,0.95167981821312,10,1,819034567
0.429456622852872,0.0657015271010541,10,1,819034567
0.36858229668587,0.462379751583708,10,1,819034567
0.370712364408168,0.198033633492485,10,1,819034567
0.640523437051103,0.832037640944739,10,1,819034567
0.709846474306523,0.391515324578901,10,1,819034567
0.604427678850338,0.834089069441458,10,1,819034567
0.896864941006417,0.174639737816377,10,1,819034567
0.542267871881954,0.531675021929697,10,1,819034567
0.590875132460131,0.715145767303807,10,1,819034567
0.216721246531599,0.28840182842714,10,1,819034567
0.326979662581604,0.913479873871179,10,1,819034567
0.881342135906904,0.79980619395675,10,1,819034567
0.335831326467791,0.0421408911387173,10,1,819034567
0.755739200959846,0.81310079357965,10,1,819034567
0.832877462857319,0.209900135504473,10,1,819034567
0.232960213497841,0.28307239051838,10,1,819034567
0.242336489332997,0.654470274482101,10,1,819034567
0.905599414941745,0.150608271469246,10,1,819034567
0.816454504277508,0.863569176459093,10,1,819034567
0.317308494015439,0.929465688569343,10,1,819034567
0.728136038642121,0.997978305769895,10,1,819034567
0.2243682170101,0.589842112877339,10,1,819034567
0.683093347090809,0.895105141252647,10,1,819034567
0.240161263939166,0.808231786502304,10,1,819034567
0.330557629630873,0.541315218431103,10,1,819034567
0.90396952381379,0.547685382805936,10,1,819034567
0.705742197822067,0.48764173381527,10,1,819034567
0.568806736223995,0.866077957091496,10,1,819034567
0.201468412151706,0.0511550206844396,10,1,819034567
0.560350625360117,0.511846003574565,10,1,819034567
0.558800435082866,0.0897732121436023,10,1,819034567
0.777087916406056,0.0240278316474249,10,1,819034567
0.0677681741523826,0.0561778785679392,10,1,819034567
0.645018094870305,0.380030620995598,10,1,819034567
0.523085343023083,0.0462567450296527,10,1,819034567
0.370849327423824,0.894982273902474,10,1,819034567
0.727170064364469,0.386769237939262,10,1,819034567
0.421878133128343,0.937263256063927,10,1,819034567
0.467036520268988,0.705498654442088,10,1,819034567
0.848275953902631,0.22125964039124,10,1,819034567
0.351022367247852,0.222608857465692,10,1,819034567
0.422290311442135,0.134088192167524,10,1,819034567
0.555046301119115,0.688619231878755,10,1,819034567
0.746756200690958,0.436212814417244,10,1,819034567
0.615498477694279,0.367815553458519,10,1,819034567
0.444669690495454,0.956825132264957,10,1,819034567
0.733716493123262,0.279538594505344,10,1,819034567
0.651503507252829,0.384098459809528,10,1,819034567
0.614661620017688,0.560971374355621,10,1,819034567
0.963130696460723,0.195350546521088,10,1,819034567
0.297559399760318,0.390518118919132,10,1,819034567
0.0260186661847115,0.0439919552957886,10,1,819034567
0.349963881536061,0.933830964374165,10,1,819034567
0.510504446469228,0.407736541488891,10,1,819034567
0.576028978549649,0.217302247323848,10,1,819034567
0.302342050479608,0.280364154135334,10,1,819034567
0.848699796142542,0.786264428455983,10,1,819034567
0.400523374540679,0.260045034811386,10,1,819034567
0.693883511337532,0.521689591780013,10,1,819034567
0.946672216835788,0.25644392908075,10,1,819034567
0.893627920561228,0.896423397330063,10,1,819034567
0.68932360319373,0.979303548354568,10,1,819034567
0.206790468125994,0.70598885893367,10,1,819034567
0.129872874973159,0.59607578412015,10,1,819034567
0.326366911067419,0.978578712716976,10,1,819034567
0.984283627041817,0.633391376569736,10,1,819034567
0.235978157860241,0.285539651941588,10,1,819034567
0.0276801189370905,0.454436958307669,10,1,819034567
0.772953366114741,0.429139215567257,10,1,819034567
0.549623804576289,0.703433689011611,10,1,819034567
0.212893545186708,0.188434718104639,10,1,819034567
0.438640347030365,0.353604079957249,10,1,819034567
0.490470182656337,0.43806172625171,10,1,819034567
0.214016788082559,0.531809557774981,10,1,819034567
0.705663984181708,0.837987339262928,10,1,819034567
0.792112368565267,0.446392865817924,10,1,819034567
0.117477196804342,0.141176696123999,10,1,819034567
0.13705182600371,0.348272898741933,10,1,819034567
0.85241560795341,0.655339608632839,10,1,819034567
0.372121088347798,0.404693738404085,10,1,819034567
0.638216339080101,0.905868130536853,10,1,819034567
0.741317705376898,0.265509052478093,10,1,819034567
0.0585827751659631,0.676387944522268,10,1,819034567
0.750256054605967,0.673030756936149,10,1,819034567
0.0497810990188627,0.783445823355601,10,1,819034567
0.29102813901765,0.00874370898729904,10,1,819034567
0.42175973515115,0.169649448236243,10,1,819034567
0.121771152155477,0.517946858660919,10,1,819034567
0.317883298891618,0.696647608524152,10,1,819034567
0.0867547585241202,0.956785818578357,10,1,819034567
0.838431962797401,0.137251529104041,10,1,819034567
0.823949829511863,0.802877459216929,10,1,819034567
0.0901200240295461,0.941130119528946,10,1,819034567
0.712117901415605,0.53865063221154,10,1,819034567
0.16597573458319,0.126582728498677,10,1,819034567
0.944762916799199,0.448627391645083,10,1,819034567
0.682352422260023,0.610570034554493,10,1,819034567
0.571917683420474,0.958809846889822,10,1,819034567
0.319247012991505,0.265710581106869,10,1,819034567
0.450663601033225,0.99701294522652,10,1,819034567
0.00911474514590616,0.297420702535328,10,1,819034567
0.58087980174779,0.716038656431621,10,1,819034567
0.621056205442236,0.762779980703557,10,1,819034567
0.808517700390585,0.596213665682404,10,1,819034567
0.683458204627858,0.0341350070515452,10,1,819034567
0.508266754798517,0.666572676822439,10,1,819034567
0.870099251334143,0.760137994834581,10,1,819034567
0.991653079294074,0.896525817440719,10,1,819034567
0.659816289761048,0.767621032897834,10,1,819034567
0.178408166363074,0.19126528203305,10,1,819034567
0.166307514255553,0.633481078355721,10,1,819034567
0.862968506883012,0.603458164665293,10,1,819034567
0.810915213552718,0.819251605154309,10,1,819034567
0.443304822651455,0.875573002384828,10,1,819034567
0.280515229182298,0.251408829568367,10,1,819034567
0.277354661337179,0.363605395425328,10,1,819034567
0.467202867650179,0.857961440606075,10,1,819034567
0.698334678850257,0.280750073298668,10,1,819034567
0.97224909853222,0.869836712259806,10,1,819034567
0.701576762941603,0.648948496082947,10,1,819034567
0.60969153286584,0.714452486405911,10,1,819034567
0.428848542492683,0.894016252356047,10,1,819034567
0.0205356372203669,0.807921564821457,10,1,819034567
0.411183264172715,0.453608740550915,10,1,819034567
0.647012120299003,0.00989851589270163,10,1,819034567
0.83795797626681,0.889355055878218,10,1,819034567
0.0161165166793946,0.126234149277687,10,1,819034567
0.956536493622636,0.410641679247941,10,1,819034567
0.416782213990756,0.167008266861465,10,1,819034567
0.839504803002286,0.0939714476269922,10,1,819034567
0.957529196680894,0.021712737999378,10,1,819034567
0.312692533788555,0.326783937890202,10,1,819034567
0.59260473672589,0.688875995438981,10,1,819034567
0.791203511700487,0.898860088082083,10,1,819034567
0.215775413926338,0.0259122576713677,10,1,819034567
0.410232425711381,0.955968530423252,10,1,819034567
0.510005549974076,0.93034115667231,10,1,819034567
0.124192786221198,0.203206278433429,10,1,819034567
0.234884741524535,0.743393929050067,10,1,819034567
0.397823401489434,0.280803422454558,10,1,819034567
0.926103270599889,0.207786825408485,10,1,819034567
0.569648465513036,0.763917415695235,10,1,819034567
0.646055878708588,0.6438075022259,10,1,819034567
0.493359995759853,0.111652177590434,10,1,819034567
0.953620912724056,0.684376196441533,10,1,819034567
0.0806151399661799,0.65102996161543,10,1,819034567
0.109667335185007,0.306833495466647,10,1,819034567
0.00535114960944583,0.998130050494539,10,1,819034567
0.304352489923395,0.38405883370321,10,1,819034567
0.252418303256129,0.0941748284810728,10,1,819034567
0.578487935625478,0.248942783243468,10,1,819034567
0.0996322287615623,0.139525435890692,10,1,819034567
0.934495591472005,0.161655941296043,10,1,819034567
0.20418054506447,0.988487436869282,10,1,819034567
0.780345091378561,0.347932096419052,10,1,819034567
0.986593614313549,0.837016002719056,10,1,819034567
0.562718359485437,0.143379072583213,10,1,819034567
0.790123575671204,0.225065657219064,10,1,819034567
0.993490614818328,0.265582814452578,10,1,819034567
0.691300005589602,0.705733773082366,10,1,819034567
0.356755724529952,0.60865133106632,10,1,819034567
0.240771107494324,0.947677070111459,10,1,819034567
0.613841801319634,0.428793613814434,10,1,819034567
0.787948403485228,0.657623827966315,10,1,819034567
0.779657472015768,0.956154820661846,10,1,819034567
0.995979381077271,0.898617677841844,10,1,819034567
0.0658486660710356,0.562898302830407,10,1,819034567
0.91069074943704,0.346822526166298,10,1,819034567
0.783083565253615,0.851576322326138,10,1,819034567
0.487878435097159,0.574986029787194,10,1,819034567
0.844898096658845,0.732191232163271,10,1,819034567
0.948074209554194,0.92936019922605,10,1,819034567
0.154899126783115,0.237364042356212,10,1,819034567
0.504838274756429,0.104122268515026,10,1,819034567
0.302615851891444,0.597507952639749,10,1,819034567
0.642958088485175,0.36584083380905,10,1,819034567
0.396870916181704,0.119013385836945,10,1,819034567
0.190427717144374,0.912929949759802,10,1,819034567
0.577292479673208,0.800775036998601,10,1,819034567
0.568081802156227,0.0195689599702726,10,1,819034567
0.883746374465608,0.284952677764002,10,1,819034567
0.915564563284464,0.835190325980874,10,1,819034567
0.264908352537115,0.801291922988835,10,1,819034567
0.553638637992837,0.481851779753325,10,1,819034567
0.316059002922195,0.993228638140367,10,1,819034567
0.266041440239495,0.123740967162756,10,1,819034567
0.763533953471815,0.635308457504285,10,1,819034567
0.883258600130367,0.0414832632940065,10,1,819034567
0.012785717526425,0.722703778073369,10,1,819034567
0.099088710530669,0.135565905988739,10,1,819034567
0.0144023848026118,0.0811340340819999,10,1,819034567
0.26713592252499,0.496291246418731,10,1,819034567
0.851015709970643,0.196575314326743,10,1,819034567
0.373012586387836,0.71485269552337,10,1,819034567
0.0543022498129435,0.21750970843061,10,1,819034567
0.0889173407310615,0.321679043401653,10,1,819034567
0.792731044609189,0.374141391041299,10,1,819034567
0.479333400163118,0.357653071516598,10,1,819034567
0.420680534357377,0.626734257628096,10,1,819034567
0.829722010958019,0.620704096714048,10,1,819034567
0.78466129202211,0.897452470979001,10,1,819034567
0.0282758953091142,0.546099893763051,10,1,819034567
0.870900858067368,0.992693831817507,10,1,819034567
0.317853222003875,0.702257427415788,10,1,819034567
0.825156582096038,0.489530035459937,10,1,819034567
0.407998566252773,0.503258185477923,10,1,819034567
0.426296757863879,0.642995167564549,10,1,819034567
0.370140162831933,0.274452376205058,10,1,819034567
0.752567771798994,0.302715822094313,10,1,819034567
0.124122249289676,0.971926719344813,10,1,819034567
0.323264149141566,0.375533411235318,10,1,819034567
0.255629321017794,0.0639866945113217,10,1,819034567
0.382390966194427,0.351889374744875,10,1,819034567
0.965320893100559,0.823281208209761,10,1,819034567
0.913243739244307,0.515757002866879,10,1,819034567
0.948955685198341,0.633773283227321,10,1,819034567
0.627722367621541,0.742053706059218,10,1,819034567
0.219421718651739,0.432147170082301,10,1,819034567
0.261441140384787,0.146855414388273,10,1,819034567
0.830243257063755,0.97130533864878,10,1,819034567
0.556016526493481,0.649897834239204,10,1,819034567
0.269809112696129,0.261772375348588,10,1,819034567
0.24551087477307,0.182484268548454,10,1,819034567
0.874873067260243,0.66152005984667,10,1,819034567
0.353305266513665,0.296750419177629,10,1,819034567
0.835293271752535,0.8001073637683,10,1,819034567
0.0022117565910742,0.257917248440689,10,1,819034567
0.60830201960655,0.226660356104062,10,1,819034567
0.288727467613667,0.207886973065154,10,1,819034567
0.207300799798913,0.344480367911596,10,1,819034567
0.880079310904048,0.535947345721811,10,1,819034567
0.266421038059741,0.625275085043986,10,1,819034567
0.767542146416952,0.448849298653563,10,1,819034567
0.70344758150781,0.962024482050371,10,1,819034567
0.341955340172933,0.272357563795116,10,1,819034567
0.484300944512517,0.372943646629089,10,1,819034567
0.832276612979027,0.877735730914242,10,1,819034567
0.0632994993040219,0.622941957938811,10,1,819034567
0.544128604581674,0.319915413070911,10,1,819034567
0.17294117114427,0.284558948794429,10,1,819034567
0.124985097052398,0.516062941402412,10,1,819034567
0.515311602784337,0.795552282989637,10,1,819034567
0.194660475807858,0.0294505249682893,10,1,819034567
0.217017034990056,0.247001554195823,10,1,819034567
0.122618970661343,0.611760999106214,10,1,819034567
0.0226499623481184,0.690605254526966,10,1,819034567
0.890079318480115,0.126675148019845,10,1,819034567
0.205815888259339,0.638130815722081,10,1,819034567
0.651578410871266,0.135496674082537,10,1,819034567
0.404609123668825,0.773956845889294,10,1,819034567
0.36120654969867,0.690423520363698,10,1,819034567
0.025808471961013,0.139612447510008,10,1,819034567
0.137156294831282,0.604374052128586,10,1,819034567
0.486961819398156,0.208086732887125,10,1,819034567
0.845507209573367,0.309488209799626,10,1,819034567
0.177008123270268,0.690135793203029,10,1,819034567
0.417517977148754,0.705214562235255,10,1,819034567
0.685435546735137,0.545687617539287,10,1,819034567
0.089011516852171,0.580647912374803,10,1,819034567
0.0693570216431807,0.124087129710176,10,1,819034567
0.000476389261367061,0.986909065790327,10,1,819034567
0.17380940800363,0.795100402412166,10,1,819034567
0.259171134496934,0.546340123475705,10,1,819034567
0.7391173175898,0.375887841393096,10,1,819034567
0.315133340350291,0.0671258897210221,10,1,819034567
0.729378220364373,0.940236384465059,10,1,819034567
0.588707181220167,0.817863579705948,10,1,819034567
0.741146953220045,0.462569168127245,10,1,819034567
0.60661850388415,0.573782189007696,10,1,819034567
0.568956860215005,0.385949847126723,10,1,819034567
0.482045515432191,0.616480443698939,10,1,819034567
0.98094717745645,0.505082305961697,10,1,819034567
0.0446509796725305,0.0522705098736838,10,1,819034567
0.385445179323955,0.23599616850263,10,1,819034567
0.912588157351634,0.693535803733287,10,1,819034567
0.604867934317662,0.687681329414549,10,1,819034567
0.180548909582694,0.775494502947277,10,1,819034567
0.956307815934693,0.29631765178583,10,1,819034567
0.739441536457673,0.641061543854024,10,1,819034567
0.847883785991855,0.786936696682991,10,1,819034567
0.0878985018994709,0.749244763606417,10,1,819034567
0.203412962251124,0.933548960432347,10,1,819034567
0.213141135953658,0.140123843226229,10,1,819034567
0.785937678770111,0.762329968605,10,1,819034567
0.422524472453875,0.168310842439758,10,1,819034567
0.0490139054250287,0.75055028456225,10,1,819034567
0.724442988443625,0.333692826578841,10,1,819034567
0.58859915599485,0.960499276783995,10,1,819034567
0.0812346639541364,0.658739919361651,10,1,819034567
0.201069267245419,0.373133741967423,10,1,819034567
0.410898414677983,0.389253262861478,10,1,819034567
0.547443049927627,0.656960858487268,10,1,819034567
0.230331314520633,0.175091167981876,10,1,819034567
0.0379218991636581,0.989001829417215,10,1,819034567
0.383733498353345,0.966088984191944,10,1,819034567
0.166583030233483,0.364215996218967,10,1,819034567
0.532598785711242,0.271839644147073,10,1,819034567
0.736952741775966,0.947880079804277,10,1,819034567
0.532221857827543,0.0206544999502603,10,1,819034567
0.730842779699252,0.0668417408994781,10,1,819034567
0.290619159348342,0.862301565954814,10,1,819034567
0.47854505863177,0.642545487861951,10,1,819034567
0.442635837009978,0.845201549458405,10,1,819034567
0.704978731472503,0.885450589480397,10,1,819034567
0.691329812337282,0.307765093404031,10,1,819034567
0.168009656058416,0.426871572211248,10,1,819034567
0.68897768109878,0.956904626928485,10,1,819034567
0.297982877526992,0.55219076987333,10,1,819034567
0.18961062738735,0.111812140606908,10,1,819034567
0.821904964770814,0.440702329248489,10,1,819034567
0.336548844675209,0.318246351681152,10,1,819034567
0.593261595362403,0.193594866706753,10,1,819034567
0.715077006550042,0.21319669047006,10,1,819034567
0.971831699421981,0.295201744179939,10,1,819034567
0.302659580791364,0.359663752795993,10,1,819034567
0.423785965911988,0.2708295386767,10,1,819034567
0.343531029251405,0.706095496789472,10,1,819034567
0.609890188430239,0.384142675790103,10,1,819034567
0.36677505241042,0.706393834814393,10,1,819034567
0.263733064289892,0.133334174486519,10,1,819034567
0.40028541834541,0.134740339928107,10,1,819034567
0.969186177485686,0.131617584478085,10,1,819034567
0.0701611992213096,0.470252396687621,10,1,819034567
0.0392244371235502,0.841684695956057,10,1,819034567
0.298027391789053,0.205126583030953,10,1,819034567
0.191891424010029,0.492213797674742,10,1,819034567
0.833016316750644,0.836354479150869,10,1,819034567
0.485855466064859,0.0761797865207647,10,1,819034567
0.692806835742823,0.58107866955721,10,1,819034567
0.424583818370107,0.505047090354625,10,1,819034567
0.311687626363861,0.523623628560372,10,1,819034567
0.913835982735764,0.144609144066889,10,1,819034567
0.586765006844025,0.665669409755203,10,1,819034567
0.129135631362099,0.295084839039422,10,1,819034567
