0.376527022686279,0.988683265248291,10,1,819034567
0.631407726110545,0.262304838086975,10,1,819034567
0.316691052174837,0.425385443215195,10,1,819034567
0.572419148057699,0.567909949467695,10,1,819034567
0.832596064047602,0.0127454587516782,10,1,819034567
0.285633359299525,0.789570709138892,10,1,819034567
0.874737975064039,0.656223039486447,10,1,819034567
0.166777628690791,0.39585531138711,10,1,819034567
0.292439653243382,0.704696594889259,10,1,819034567
0.631846262880861,0.943374625513911,10,1,819034567
0.178228560195994,0.942381821739745,10,1,819034567
0.0649067157216567,0.901278184594807,10,1,819034567
0.215116045358274,0.296024240439149,10,1,819034567
0.918874618318898,0.0683198634599451,10,1,819034567
0.847335741967053,0.323801232306337,10,1,819034567
0.219168388249017,0.946527626074424,10,1,819034567
0.704349653661147,0.956782557283171,10,1,819034567
0.778079142357551,0.150632669202028,10,1,819034567
0.075339678153612,0.935424279313324,10,1,819034567
0.650073249664092,0.617496798782555,10,1,819034567
0.615706520740266,0.962905494383056,10,1,819034567
0.909041332117032,0.0676163746159766,10,1,819034567
0.632651009986747,0.0706800449035088,10,1,819034567
0.185234679156271,0.661984154392202,10,1,819034567
0.370625205996781,0.523082480010082,10,1,819034567
0.794464282686152,0.79185471951113,10,1,819034567
0.0915683456614795,0.705916208901168,10,1,819034567
0.182702679400005,0.487798709534182,10,1,819034567
0.732638136356188,0.1559748841811,10,1,819034567
0.447314607755935,0.672040134750871,10,1,819034567
0.747706974178658,0.665686631274773,10,1,819034567
0.816460310867009,0.471212147314038,10,1,819034567
0.780413360604257,0.200968099202147,10,1,819034567
0.481738133995789,0.546710437193958,10,1,819034567
0.600609849797665,0.828751416841786,10,1,819034567
0.424739496028929,0.224216318988998,10,1,819034567
0.889878694442319,0.238486473593463,10,1,819034567
0.941115436489519,0.306992239141738,10,1,819034567
0.812917842086961,0.567491634776673,10,1,819034567
0.0689359829970027,0.949637620959508,10,1,819034567
0.153478129080796,0.412626513897086,10,1,819034567
0.749076859662273,0.288445831421966,10,1,819034567
0.0274290024927564,0.565034983268159,10,1,819034567
0.914765163267109,0.551335479848996,10,1,819034567
0.269281186879269,0.107388802571182,10,1,819034567
0.159315115985128,0.50592878475396,10,1,819034567
0.243982616354374,0.693692501431586,10,1,819034567
0.574004990173103,0.887171584980176,10,1,819034567
0.644634922425364,0.240341164338351,10,1,819034567
0.445056900677787,0.793604911538361,10,1,819034567
0.454447060359816,0.180385350023616,10,1,819034567
0.894978898599476,0.883900015796556,10,1,819034567
0.568525496120467,0.383083633851101,10,1,819034567
0.154468873753542,0.512822226132275,10,1,819034567
0.51828742902606,0.208411617949153,10,1,819034567
0.0484081220050916,0.0488123636286852,10,1,819034567
0.526828868641688,0.626281716012761,10,1,819034567
0.204156853933302,0.837172048007047,10,1,819034567
0.777666801308888,0.361126945465411,10,1,819034567
0.147012916474115,0.122646094267011,10,1,819034567
0.609595828682642,0.422543737575956,10,1,819034567
0.294378451668314,0.0602909257173145,10,1,819034567
0.217817136233775,0.429475300255466,10,1,819034567
0.678524471025529,0.697626281824568,10,1,819034567
0.267369911782681,0.212583207954785,10,1,819034567
0.133491028247851,0.344620887271185,10,1,819034567
0.852640740723078,0.0783062964522334,10,1,819034567
0.738559385367859,0.170817538907276,10,1,819034567
0.394128624283425,0.0753295957199827,10,1,819034567
0.503300474561869,0.958218898099116,10,1,819034567
0.344090204261989,0.34604742385175,10,1,819034567
0.346561191779274,0.297861919775515,10,1,819034567
0.918136020483479,0.488557253266427,10,1,819034567
0.743848667565955,0.787290820691452,10,1,819034567
0.0914207138673984,0.364723687203786,10,1,819034567
0.509650700421937,0.918198293458145,10,1,819034567
0.794609820734919,0.2463198496802,10,1,819034567
0.940369946852185,0.312651997450651,10,1,819034567
0.635705967859237,0.0141951287753161,10,1,819034567
0.00644971603809452,0.717428953312689,10,1,819034567
0.770793769869998,0.262166821089595,10,1,819034567
0.194561653871991,0.678403569467103,10,1,819034567
0.306112727104039,0.410722460402347,10,1,819034567
0.70592682357577,0.538921639019528,10,1,819034567
0.424523446331449,0.590749151523978,10,1,819034567
0.100652606117992,0.194322872634268,10,1,819034567
0.601821892290944,0.0404159275163853,10,1,819034567
0.851410963494938,0.51224545122094,10,1,819034567
0.235213830608291,0.137893816931906,10,1,819034567
0.225195448790859,0.888515962747714,10,1,819034567
0.941586719591356,0.173081728891598,10,1,819034567
0.45998240695004,0.835424607866091,10,1,819034567
0.86285447754834,0.105779810186974,10,1,819034567
0.627785090449046,0.534082236287904,10,1,819034567
0.62932248700917,0.415310284655968,10,1,819034567
0.961135970921289,0.981834021937003,10,1,819034567
0.446789827831314,0.784577290629193,10,1,819034567
0.270557945411179,0.944802797262614,10,1,819034567
0.899801463196558,0.364483564548159,10,1,819034567
0.568420795369881,0.698019459585791,10,1,819034567
0.800211007604439,0.12852616113675,10,1,819034567
0.260617586616423,0.914829863294931,10,1,819034567
0.616034767816675,0.626773739527739,10,1,819034567
0.730085084553385,0.698638878165283,10,1,819034567
0.389402549156707,0.667819792121696,10,1,819034567
0.176972190120998,0.218037317371576,10,1,819034567
0.713303363373806,0.0294056670022447,10,1,819034567
0.204940204554503,0.558754492647799,10,1,819034567
0.644142039610279,0.311168691047015,10,1,819034567
0.0743653995577287,0.321360178594774,10,1,819034567
0.628127018359219,0.59055048542331,10,1,819034567
0.636439045371814,0.0127391616593826,10,1,819034567
0.0681028834589315,0.114233111065799,10,1,819034567
0.18944238130377,0.833286664029493,10,1,819034567
0.835400030913975,0.0136409994746303,10,1,819034567
0.905560070815628,0.936545051217935,10,1,819034567
0.058848747837966,0.789498971427634,10,1,819034567
0.177989651826327,0.565866479486387,10,1,819034567
0.807873172303663,0.354101397308333,10,1,819034567
0.0320106166349721,0.163940888762844,10,1,819034567
0.156729382539988,0.0224042414506818,10,1,819034567
0.333724062524212,0.517146851891016,10,1,819034567
0.647341636395893,0.599114354572549,10,1,819034567
0.305129281536694,0.741535800849634,10,1,819034567
0.841561652277591,0.417828331858109,10,1,819034567
0.420958730890879,0.324815209502898,10,1,819034567
0.591438361864252,0.0673154687037518,10,1,819034567
0.799430540756774,0.544447728393902,10,1,819034567
0.32473034017299,0.0401244362437956,10,1,819034567
0.964283035546002,0.365743866508271,10,1,819034567
0.0255561576365233,0.885543088824889,10,1,819034567
0.400799076376706,0.648390259828973,10,1,819034567
0.435838856175208,0.54439580523192,10,1,819034567
0.413104007957506,0.633500863638786,10,1,819034567
0.193590853145631,0.442071592923082,10,1,819034567
0.37892418674566,0.438582031595115,10,1,819034567
0.0259257286902121,0.472094147989312,10,1,819034567
0.923962664030675,0.0812956425888229,10,1,819034567
0.575479798537534,0.0832105371664014,10,1,819034567
0.354555742680454,0.422263578120176,10,1,819034567
0.413684902251841,0.490501673900499,10,1,819034567
0.59504367885621,0.111804406369961,10,1,819034567
0.879588952486896,0.327989814513848,10,1,819034567
0.0342620079118987,0.248834675730338,10,1,819034567
0.0610468078875943,0.0346467647003319,10,1,819034567
0.63645601071017,0.28324846384433,10,1,819034567
0.361486430625983,0.582163855571135,10,1,819034567
0.276615970870678,0.756830836969695,10,1,819034567
0.44689860201796,0.936085006357063,10,1,819034567
0.706754127868655,0.390122210339295,10,1,819034567
0.0779567769125231,0.997533479671056,10,1,819034567
0.903269377051822,0.725056743748246,10,1,819034567
0.542087304307852,0.73615810078364,10,1,819034567
0.349195438052443,0.423522892729019,10,1,819034567
0.336865670708612,0.672780771692926,10,1,819034567
0.188757483463867,0.903337624724618,10,1,819034567
0.448736217872556,0.51220862463173,10,1,819034567
0.501612629244726,0.417094019011711,10,1,819034567
0.699101178650024,0.561521559449154,10,1,819034567
0.45592133443793,0.51619625285923,10,1,819034567
0.566501820799669,0.266594010315405,10,1,819034567
0.549592847169612,0.00457186279459609,10,1,819034567
0.486498930821412,0.377644081933133,10,1,819034567
0.867701687146681,0.440020751908566,10,1,819034567
0.815798289625034,0.414490162948302,10,1,819034567
0.183084360872987,0.997833812226881,10,1,819034567
0.761501297303972,0.336143802908825,10,1,819034567
0.924958251002576,0.211397994832519,10,1,819034567
0.852787787910509,0.536141733136759,10,1,819034567
0.680418273216609,0.0235634270469953,10,1,819034567
0.198402026283769,0.95690268850881,10,1,819034567
0.458775182446389,0.569697001976805,10,1,819034567
0.897608472775254,0.385647650220871,10,1,819034567
0.167308657127014,0.85561223577221,10,1,819034567
0.0848757022935782,0.6907927385724,10,1,819034567
0.242460398596167,0.694284023801129,10,1,819034567
0.275810728105923,0.943867759770907,10,1,819034567
0.654444751290953,0.974756423418166,10,1,819034567
0.837076269120885,0.730855165012957,10,1,819034567
0.43255943751633,0.804253939388559,10,1,819034567
0.16404887444302,0.0720331237831298,10,1,819034567
0.720661641884127,0.533773696671991,10,1,819034567
0.244174500447015,0.960427045536135,10,1,819034567
0.433749894540643,0.481678447102578,10,1,819034567
0.0136765998294583,0.153602938508468,10,1,819034567
0.225520917684001,0.661364172064497,10,1,819034567
0.0411518825139758,0.453272961972043,10,1,819034567
0.468801024555388,0.972318232773596,10,1,819034567
0.775735782877478,0.562239029133459,10,1,819034567
0.861843541413678,0.00984722820528394,10,1,819034567
0.98117132852435,0.131900837515239,10,1,819034567
0.342762235686894,0.184580976863182,10,1,819034567
0.0893105790335298,0.370096316169488,10,1,819034567
0.97440763832364,0.603701546101567,10,1,819034567
0.437129440024521,0.770565714971297,10,1,819034567
0.479262172412015,0.961341696045502,10,1,819034567
0.245982619903137,0.944713014784581,10,1,819034567
0.295092789581683,0.657702520485208,10,1,819034567
0.196052153284085,0.024201219637181,10,1,819034567
0.501487876965363,0.885070761895666,10,1,819034567
0.946979018387619,0.322662417612145,10,1,819034567
0.0768609243799938,0.973845174914705,10,1,819034567
0.706798746193013,0.615887324363005,10,1,819034567
0.279753645115094,0.153476188377569,10,1,819034567
0.141499940137199,0.6081989077862,10,1,819034567
0.465939724572333,0.620885556044842,10,1,819034567
0.359749574434917,0.32432127843028,10,1,819034567
0.808948242023647,0.219390814481788,10,1,819034567
0.516920446143864,0.276231280503341,10,1,819034567
0.50908953090513,0.341753410375584,10,1,819034567
0.997499430098295,0.798045954340132,10,1,819034567
0.317048936138835,0.810799534125456,10,1,819034567
0.170967085116881,0.731735341187572,10,1,819034567
0.0708797788647217,0.181882387559281,10,1,819034567
0.426938477843969,0.734718928625483,10,1,819034567
0.497987257859761,0.102441881644771,10,1,819034567
0.728801270621357,0.836294874346205,10,1,819034567
0.456063401124715,0.294914089711623,10,1,819034567
0.731608069052344,0.850266283769099,10,1,819034567
0.372431178683145,0.057240596941774,10,1,819034567
0.027320025912251,0.29074691953923,10,1,819034567
0.146074693905922,0.875667359625056,10,1,819034567
0.171879798815713,0.425067360394423,10,1,819034567
0.372367354219491,0.206695723763614,10,1,819034567
0.544081930380474,0.418128622478739,10,1,819034567
0.789309837234708,0.273467017541879,10,1,819034567
0.813057577584553,0.419908006981915,10,1,819034567
0.45644141688184,0.784209769626822,10,1,819034567
0.147015127957334,0.62895365785373,10,1,819034567
0.835610052308503,0.304539037454483,10,1,819034567
0.179406582696498,0.0414101260218098,10,1,819034567
0.80360154268397,0.472868992525885,10,1,819034567
0.294570242016819,0.711290774447612,10,1,819034567
0.576675411905298,0.342937047169749,10,1,819034567
0.830525778623804,0.461814054612748,10,1,819034567
0.385480758019903,0.880079987108741,10,1,819034567
0.201790222360249,0.354752400452584,10,1,819034567
0.972601260032674,0.387257801598021,10,1,819034567
0.64540247061961,0.189610420574589,10,1,819034567
0.895977864830389,0.332320007707374,10,1,819034567
0.284499737830532,0.404781097892423,10,1,819034567
0.885541821313855,0.376200957435237,10,1,819034567
0.755993837234541,0.398938114006913,10,1,819034567
0.381690863216571,0.971341425907414,10,1,819034567
0.636524374564559,0.411714355329006,10,1,819034567
0.0654320858712709,0.29532686663628,10,1,819034567
0.91632068924601,0.923115530104871,10,1,819034567
0.156904315122557,0.816828381728256,10,1,819034567
0.692820496495585,0.250609369379912,10,1,819034567
0.246426212041496,0.596586183027864,10,1,819034567
0.618530220259362,0.362739389873413,10,1,819034567
0.374955532890086,0.496093822628147,10,1,819034567
0.951552583369216,0.60031115787232,10,1,819034567
0.501272189892937,0.386906825454285,10,1,819034567
0.324347721062862,0.410496932155603,10,1,819034567
0.223095858908388,0.417378682427176,10,1,819034567
0.401013813178051,0.283553535238879,10,1,819034567
0.614809076120916,0.221355465171237,10,1,819034567
0.16378568007331,0.102222318745829,10,1,819034567
0.205716340541009,0.974445996607693,10,1,819034567
0.0916257711717077,0.309741115423741,10,1,819034567
0.873547535040905,0.888410860413049,10,1,819034567
0.477786274119913,0.263629472850918,10,1,819034567
0.604044169589357,0.317267487437673,10,1,819034567
0.542795956288327,0.896295028837795,10,1,819034567
0.0478371216372118,0.187208429586273,10,1,819034567
0.584382587290574,0.00761380231051856,10,1,819034567
0.126666795835956,0.303174751085902,10,1,819034567
0.144094559928779,0.384326835572866,10,1,819034567
0.0671811624031893,0.167363198363004,10,1,819034567
0.112501269642542,0.943061573379066,10,1,819034567
0.36864452485474,0.164991184788341,10,1,819034567
0.687390401752314,0.916073882610875,10,1,819034567
0.210624747371076,0.759977131612692,10,1,819034567
0.873219082737312,0.74778401141124,10,1,819034567
0.215144096998779,0.65519743460849,10,1,819034567
0.647714387447955,0.144441590392274,10,1,819034567
0.384156379787714,0.230747608807454,10,1,819034567
0.197508217768718,0.344338240019045,10,1,819034567
0.335481490345984,0.908991266292294,10,1,819034567
0.281494477474998,0.94271841091794,10,1,819034567
0.524530650028494,0.964030564457548,10,1,819034567
0.314570713559826,0.598588962743468,10,1,819034567
0.449847395011736,0.974472585411798,10,1,819034567
0.257121696217527,0.628293123831429,10,1,819034567
0.19179963589848,0.159626410100117,10,1,819034567
0.865500885012764,0.44063953604852,10,1,819034567
0.284378321251372,0.889032734686075,10,1,819034567
0.966326282458994,0.255963683055499,10,1,819034567
0.0903224523314106,0.914033701675541,10,1,819034567
0.867380729115134,0.784437182943605,10,1,819034567
0.952339317139066,0.247163815599773,10,1,819034567
0.76998802591915,0.0995052637198883,10,1,819034567
0.0775437725828523,0.383493380930118,10,1,819034567
0.81039390544606,0.287534402764731,10,1,819034567
0.755898030351183,0.455906270396338,10,1,819034567
0.657939763077581,0.996247050759679,10,1,819034567
0.0941740218581428,0.572859959605573,10,1,819034567
0.713121168608136,0.874683099774225,10,1,819034567
0.201989620401632,0.990752835539878,10,1,819034567
0.728793925922718,0.0266008570291039,10,1,819034567
0.341515759031073,0.766115184410034,10,1,819034567
0.718241179457433,0.0419531778225095,10,1,819034567
0.198587162906211,0.175490834332817,10,1,819034567
0.174503109941378,0.700774974012093,10,1,819034567
0.385898481426707,0.647565697645201,10,1,819034567
0.529274306661949,0.601033342592622,10,1,819034567
0.0102923339941641,0.624705195259957,10,1,819034567
0.97278326252524,0.9158444328512,10,1,819034567
0.753750503160216,0.997613832689047,10,1,819034567
0.106493236632293,0.295949110131608,10,1,819034567
0.453875088881756,0.623850137566203,10,1,819034567
0.692722041234187,0.448784148281479,10,1,819034567
0.63736486563292,0.765845036295858,10,1,819034567
0.692120594956897,0.984827543309252,10,1,819034567
0.248575226692618,0.569711878704226,10,1,819034567
0.432507290050887,0.0357729047219506,10,1,819034567
0.726103461892968,0.15031341355236,10,1,819034567
0.0284821777070223,0.2663015684379,10,1,819034567
0.110044013717663,0.853113549388403,10,1,819034567
0.677024529793284,0.757326955800734,10,1,819034567
0.649104831857808,0.617608883910422,10,1,819034567
0.646471461384836,0.925168642961711,10,1,819034567
0.1119123245876,0.771629124943161,10,1,819034567
0.846983217077674,0.574323262616262,10,1,819034567
0.171349390272475,0.970940198279055,10,1,819034567
0.644332370229784,0.77131457340937,10,1,819034567
0.464454243496927,0.524741385178587,10,1,819034567
0.944603206572219,0.0550610842180017,10,1,819034567
0.057085718465653,0.441490462875293,10,1,819034567
0.50216090265409,0.0142857138396826,10,1,819034567
0.855731002436137,0.520456425386813,10,1,819034567
0.0819525414639424,0.968623916344854,10,1,819034567
0.743895742607997,0.163685019789297,10,1,819034567
0.756343717306941,0.991544726777177,10,1,819034567
0.799435403263919,0.912140122386647,10,1,819034567
0.462268750315017,0.49099769235865,10,1,819034567
0.566952198804286,0.961910129610715,10,1,819034567
0.999227436414407,0.423790005346138,10,1,819034567
0.123259014124428,0.22046198295251,10,1,819034567
0.617791986460649,0.433673954516031,10,1,819034567
0.509185294309007,0.965910461452006,10,1,819034567
0.855108776683868,0.300354878767051,10,1,819034567
0.110890607751389,0.777006201423125,10,1,819034567
0.853463749221868,0.0180698812635758,10,1,819034567
0.592382315041874,0.989377460657161,10,1,819034567
0.896016192343623,0.313946194474968,10,1,819034567
0.852012652588299,0.0214077061277038,10,1,819034567
0.346982792579554,0.361080014486164,10,1,819034567
0.49320103641687,0.927580587757353,10,1,819034567
0.351193063156276,0.827135377858339,10,1,819034567
0.634263356180288,0.815441375032071,10,1,819034567
0.783936647815281,0.511630832535996,10,1,819034567
0.0227706802048022,0.754807193067092,10,1,819034567
0.0582204680428342,0.0920756589727336,10,1,819034567
0.756467961284822,0.382901578357145,10,1,819034567
0.0914396107108104,0.0237832916097989,10,1,819034567
0.0970402805231672,0.344329041441332,10,1,819034567
0.268581559425812,0.67891668629583,10,1,819034567
0.589833586356724,0.966766284202211,10,1,819034567
0.590145354103613,0.820716190360869,10,1,819034567
0.83082755187506,0.502088112184482,10,1,819034567
0.282630427485944,0.591280656404714,10,1,819034567
0.154477971362959,0.60179878277167,10,1,819034567
0.715952128113841,0.267622938740591,10,1,819034567
0.86856258301229,0.387294990582473,10,1,819034567
0.872523635968862,0.491555215830808,10,1,819034567
0.946252937078348,0.646413465390332,10,1,819034567
0.03270154622746,0.5518113658872,10,1,819034567
0.998900518960355,0.727203496216994,10,1,819034567
0.841070638283915,0.352477259423884,10,1,819034567
0.697880993926817,0.591405710802746,10,1,819034567
0.80712215210209,0.937729837914016,10,1,819034567
0.756002739528294,0.603184362467767,10,1,819034567
0.274789535345667,0.50002378736109,10,1,819034567
0.756584366984164,0.707626643575081,10,1,819034567
0.0772212006782915,0.494171637623397,10,1,819034567
0.838038568299103,0.919398988631055,10,1,819034567
0.4377432530146,0.303471068153475,10,1,819034567
0.27116252031368,0.927153269793388,10,1,819034567
0.438454902113991,0.543799229757172,10,1,819034567
0.535946913332532,0.0498825176065338,10,1,819034567
0.367961114567741,0.365659092058494,10,1,819034567
0.588103055947327,0.734320339090649,10,1,819034567
0.370024697974778,0.420693974628448,10,1,819034567
0.306978723154464,0.12689993141532,10,1,819034567
0.36253048245173,0.439509486119616,10,1,819034567
0.356343429718809,0.639045642814482,10,1,819034567
0.779377969234208,0.520422914016744,10,1,819034567
0.740981715244918,0.468255497516957,10,1,819034567
0.9206595711991,0.963286275700264,10,1,819034567
0.732657017550955,0.449676685913756,10,1,819034567
0.313328241104282,0.425079488117482,10,1,819034567
0.921605128129745,0.908106838700906,10,1,819034567
0.982116357111724,0.257927909601238,10,1,819034567
0.0934654453354726,0.0815047290689206,10,1,819034567
0.60266322990573,0.164212246802968,10,1,819034567
0.708801367991734,0.130478966896486,10,1,819034567
0.127326241856768,0.473033814830831,10,1,819034567
0.117166565399006,0.0690827100389413,10,1,819034567
0.6991894015601,0.781343097683749,10,1,819034567
0.0097728304195499,0.357105289230413,10,1,819034567
0.434100424119291,0.769696177780856,10,1,819034567
0.432879146048749,0.795509477745523,10,1,819034567
0.876375984060143,0.729765234281525,10,1,819034567
0.705866841135762,0.137090715418128,10,1,819034567
0.240164401198124,0.0065500841767232,10,1,819034567
0.539049001934544,0.718101091798688,10,1,819034567
0.288769490993704,0.123302397181694,10,1,819034567
0.096447744663096,0.0226854729503421,10,1,819034567
0.702602745253287,0.0115732221090319,10,1,819034567
0.556146661327068,0.57020933485168,10,1,819034567
0.657801001356317,0.432858477519362,10,1,819034567
0.91252059199057,0.685736336483568,10,1,819034567
0.0711953161572358,0.617965323765951,10,1,819034567
0.183794371674318,0.196350228439266,10,1,819034567
0.812983505868434,0.737740148101052,10,1,819034567
0.367547686329585,0.619326427122778,10,1,819034567
0.378914454646154,0.113075827695997,10,1,819034567
0.286245309379146,0.443603712238759,10,1,819034567
0.26428401251348,0.92655990605619,10,1,819034567
0.261702539466018,0.0449632585270514,10,1,819034567
0.795587424995589,0.307321023724827,10,1,819034567
0.442382261143725,0.589959915383157,10,1,819034567
0.312065352654401,0.63849745187364,10,1,819034567
0.708940950514441,0.872259371981408,10,1,819034567
0.750321965783971,0.975791248227718,10,1,819034567
0.324995998992139,0.889929605608309,10,1,819034567
0.670149074593908,0.231553939925839,10,1,819034567
0.38503344516154,0.72649885780308,10,1,819034567
0.303948634600688,0.694903360797337,10,1,819034567
0.264919193762837,0.365111760972229,10,1,819034567
0.0728901016474648,0.535324369143815,10,1,819034567
0.0581712022377356,0.422283454294722,10,1,819034567
0.893828740678983,0.394663265721643,10,1,819034567
0.897939964956532,0.59766326120576,10,1,819034567
0.506102991980648,0.788338896810947,10,1,819034567
0.721570579874805,0.164708873419442,10,1,819034567
0.998940491170101,0.457795713387011,10,1,819034567
0.839229780544516,0.748899444935228,10,1,819034567
0.223773035768881,0.0746643418130359,10,1,819034567
0.899106659765631,0.458496310566004,10,1,819034567
0.619000640856726,0.804166626755519,10,1,819034567
0.868234164216493,0.164333380132713,10,1,819034567
0.917814954875468,0.604701632942276,10,1,819034567
0.00309596458799355,0.959254371124755,10,1,819034567
0.228581505535749,0.489618498671103,10,1,819034567
0.954773782549824,0.292858428005653,10,1,819034567
0.31745292896231,0.516209338396155,10,1,819034567
0.419080555217506,0.368176816810589,10,1,819034567
0.341090043388656,0.442908733059029,10,1,819034567
0.183196554023464,0.542586447551804,10,1,819034567
0.537971274975517,0.28454009331655,10,1,819034567
0.0183801968167832,0.769595813090785,10,1,819034567
0.140267370541586,0.633619380894044,10,1,819034567
0.60125896967538,0.32767850851863,10,1,819034567
0.954635634511565,0.0395081228101581,10,1,819034567
0.463832566234518,0.06411343406364,10,1,819034567
0.483736737574934,0.399939046174601,10,1,819034567
0.349613019749839,0.426310228260534,10,1,819034567
0.975304175516917,0.127472695722579,10,1,819034567
0.427687090230024,0.446846828817342,10,1,819034567
0.0689200596302904,0.749956826248842,10,1,819034567
0.31260258538035,0.254966835351068,10,1,819034567
0.358700930418299,0.214731838951116,10,1,819034567
0.541950334435867,0.0934582860680575,10,1,819034567
0.558788864014873,0.742543434273022,10,1,819034567
0.63047920918809,0.0183189222158679,10,1,819034567
0.428002255584181,0.551499944440322,10,1,819034567
0.796068977438414,0.21164058454268,10,1,819034567
0.325217428190554,0.593016777526018,10,1,819034567
0.594013287098097,0.033636911520601,10,1,819034567
0.832011923492828,0.880160925144629,10,1,819034567
0.184726115022569,0.316779459274335,10,1,819034567
0.417546423239321,0.096594411228105,10,1,819034567
0.0767441989794277,0.019636702649062,10,1,819034567
0.441113887469822,0.651096053426664,10,1,819034567
0.0595522379985483,0.382710361711335,10,1,819034567
0.903696189311387,0.299065469880283,10,1,819034567
0.739163834313189,0.694407460410977,10,1,819034567
0.944993159129952,0.810926355440386,10,1,819034567
0.87601407557979,0.806044595017109,10,1,819034567
0.113165960361435,0.225396621074023,10,1,819034567
0.446276048793771,0.308701741751676,10,1,819034567
0.92977560860755,0.98377854138182,10,1,819034567
0.886893853895319,0.702167564121524,10,1,819034567
0.263549047579188,0.628189888524992,10,1,819034567
0.564485406165102,0.146260069577391,10,1,819034567
0.179198028353216,0.627498255762799,10,1,819034567
0.0452376123975586,0.16401274921228,10,1,819034567
0.946557009351513,0.341521650398562,10,1,819034567
0.122579513620649,0.635707975332068,10,1,819034567
0.620874884775455,0.158678885071984,10,1,819034567
0.759576803741087,0.99208061909735,10,1,819034567
0.394262810404968,0.0477628941507326,10,1,819034567
0.411591389758461,0.917329090845868,10,1,819034567
0.0737674794615808,0.669292369499593,10,1,819034567
0.437986466694432,0.100165304667368,10,1,819034567
0.796848369438317,0.785359213710987,10,1,819034567
0.199315889787261,0.579898263556619,10,1,819034567
0.100214351691245,0.225167746907303,10,1,819034567
0.979491537259569,0.61468864161339,10,1,819034567
0.964703032726057,0.0502978986604639,10,1,819034567
0.719110236440442,0.534928093380619,10,1,819034567
0.815711299214791,0.537353840028735,10,1,819034567
0.330846340890663,0.813528546271062,10,1,819034567
0.801030690625193,0.362316628882202,10,1,819034567
0.123387819305226,0.27232254759455,10,1,819034567
0.0882956997693114,0.510733663111637,10,1,819034567
0.450250177473189,0.247783053764651,10,1,819034567
0.0762901272790568,0.973888560643062,10,1,819034567
0.403170660678316,0.148597834415877,10,1,819034567
0.689555836555455,0.838120064906437,10,1,819034567
0.969626605164976,0.173031416272508,10,1,819034567
0.480149265726478,0.479637426790473,10,1,819034567
0.721297797687042,0.330374268389426,10,1,819034567
0.616333030997789,0.913065186806796,10,1,819034567
0.596543700936627,0.32238186499769,10,1,819034567
0.482236004743998,0.679992743809552,10,1,819034567
0.167524593965343,0.853944912842121,10,1,819034567
0.730443994602067,0.0678521177700322,10,1,819034567
0.0242928920232588,0.391313468225316,10,1,819034567
0.757706201339589,0.669100699850761,10,1,819034567
0.683899072622376,0.0643001420275129,10,1,819034567
0.221077867363628,0.83955057046007,10,1,819034567
0.488420130729469,0.735989874977272,10,1,819034567
0.810479010001181,0.628440471903008,10,1,819034567
0.0754277316073342,0.177446372196525,10,1,819034567
0.0542695662679569,0.0529837927266579,10,1,819034567
0.0917781764710135,0.530375204498359,10,1,819034567
0.0304763715393532,0.706826552659995,10,1,819034567
0.159214194223002,0.784979867209308,10,1,819034567
0.742615670951625,0.000025080725723825,10,1,819034567
0.984939594586885,0.792584811194932,10,1,819034567
0.743759971026156,0.246278729204272,10,1,819034567
0.127884814872092,0.926904293677254,10,1,819034567
0.934656066547624,0.548510478391706,10,1,819034567
0.932942628744752,0.165742648393438,10,1,819034567
0.278634704691104,0.0646011941016544,10,1,819034567
0.942078291100019,0.439933484272962,10,1,819034567
0.619091790503051,0.986986547301066,10,1,819034567
0.940938602157753,0.275459363170605,10,1,819034567
0.907341544435677,0.411218936473307,10,1,819034567
0.501843325475543,0.303235639174259,10,1,819034567
0.881225634123744,0.197684402379467,10,1,819034567
0.162269787908341,0.397902346672519,10,1,819034567
0.595279410855205,0.675985829614762,10,1,819034567
0.310255019027365,0.780930258660964,10,1,819034567
0.957361929805386,0.727939083457035,10,1,819034567
0.654623053751703,0.81658499584667,10,1,819034567
0.256284517797379,0.548683471527123,10,1,819034567
0.774443016595041,0.490405037954496,10,1,819034567
0.734680049062885,0.994009574193861,10,1,819034567
0.874715751404636,0.702163975750564,10,1,819034567
0.17542663693864,0.127248246379927,10,1,819034567
0.12566382816004,0.311357973188951,10,1,819034567
0.165421696899252,0.633244115295944,10,1,819034567
0.98808521484153,0.541145804891769,10,1,819034567
0.186767027571386,0.939523632168385,10,1,819034567
0.881774397572643,0.391004491710456,10,1,819034567
0.943604010833556,0.842003717616993,10,1,819034567
0.0841175194549733,0.705903787138297,10,1,819034567
0.50234077380797,0.77055674068862,10,1,819034567
0.509955152393211,0.737631230541188,10,1,819034567
0.204474971493058,0.250340366779271,10,1,819034567
0.388985158413484,0.104090373645946,10,1,819034567
0.541133716547928,0.985548110348331,10,1,819034567
0.999938336165552,0.721754746715766,10,1,819034567
0.299541927037443,0.154222371320092,10,1,819034567
0.34418614611976,0.000184444403918071,10,1,819034567
0.104021351594492,0.551352935557185,10,1,819034567
0.825366718037577,0.389636877508068,10,1,819034567
0.519626562146428,0.971324910354924,10,1,819034567
0.511616865894907,0.317056480332589,10,1,819034567
0.438121417865461,0.534877654751557,10,1,819034567
0.102573946534831,0.560766312329287,10,1,819034567
0.311406459200472,0.546727024925773,10,1,819034567
0.363400292177959,0.766052259744158,10,1,819034567
0.137962258572784,0.542045986630546,10,1,819034567
0.727839893277841,0.24276819142322,10,1,819034567
0.404657143382251,0.0828935172839182,10,1,819034567
0.142838250484194,0.18877609268915,10,1,819034567
0.499806692276485,0.827996915791,10,1,819034567
0.9446382628122,0.991490070402288,10,1,819034567
0.477900259693687,0.391545544571839,10,1,819034567
0.500232638398503,0.499572401212254,10,1,819034567
0.274294902838425,0.42573221682298,10,1,819034567
0.525780699016321,0.271860805654148,10,1,819034567
0.444884946106353,0.569550419931528,10,1,819034567
0.996101082943996,0.254762921710705,10,1,819034567
0.554410725342386,0.0146158432397945,10,1,819034567
0.287547382732093,0.547434783384457,10,1,819034567
0.190545449075772,0.109564474440046,10,1,819034567
0.443669559909986,0.778814308893049,10,1,819034567
0.0401103026829244,0.995120071273938,10,1,819034567
0.412574536581711,0.402728506467576,10,1,819034567
0.132145297720228,0.168772422105233,10,1,819034567
0.281335373713283,0.381591255943002,10,1,819034567
0.752553620167216,0.612413980100606,10,1,819034567
0.323829965309081,0.778727456579236,10,1,819034567
0.361760455633115,0.0262539429810666,10,1,819034567
0.378270999576089,0.747213784156358,10,1,819034567
0.412094847663427,0.323531945090566,10,1,819034567
0.21625417162343,0.873821696462417,10,1,819034567
0.83175575865972,0.726797176736042,10,1,819034567
0.469014395347952,0.608693403960249,10,1,819034567
0.821742636829264,0.384840945597946,10,1,819034567
0.1336492700964,0.358205488042525,10,1,819034567
0.768876747514933,0.243621804314732,10,1,819034567
0.647540365219253,0.15316505587017,10,1,819034567
0.623178110830246,0.317279105516138,10,1,819034567
0.735427756120048,0.326932901738556,10,1,819034567
0.296586213979318,0.0448244087012473,10,1,819034567
0.041396290413112,0.553850195547464,10,1,819034567
0.295143163812197,0.776228334824192,10,1,819034567
0.372223561927222,0.793884761938513,10,1,819034567
0.9947998769426,0.900158428450928,10,1,819034567
0.0163150110847359,0.0199463157888893,10,1,819034567
0.531662180697096,0.537118414569496,10,1,819034567
0.847896861025225,0.00380814345656155,10,1,819034567
0.508050136042915,0.227347519735932,10,1,819034567
0.491329054809866,0.261179684289106,10,1,819034567
0.257070353440857,0.212305184056594,10,1,819034567
0.889913669426431,0.245861018221736,10,1,819034567
0.461322721154182,0.187790148007574,10,1,819034567
0.636792463708597,0.146557027197106,10,1,819034567
0.795983652436949,0.00762338092678871,10,1,819034567
0.954673595050454,0.271907113636678,10,1,819034567
0.782738145578589,0.282084665828548,10,1,819034567
0.530337768177965,0.70875639658102,10,1,819034567
0.398748877023452,0.320981011639344,10,1,819034567
0.953710439009284,0.694529284010123,10,1,819034567
0.694605597830362,0.574434786003791,10,1,819034567
0.0382825730581189,0.600574725316197,10,1,819034567
0.586460672140194,0.365000535246343,10,1,819034567
0.178689508788247,0.878240085267146,10,1,819034567
0.343207584691624,0.173254730977862,10,1,819034567
0.74973567119288,0.85733242614887,10,1,819034567
0.712843058973497,0.977288795336067,10,1,819034567
0.0819227978077217,0.628090328226288,10,1,819034567
0.907674283151852,0.791408402250703,10,1,819034567
0.318398970580665,0.0770852434030243,10,1,819034567
0.830496845147469,0.799987844090039,10,1,819034567
0.0855020877578303,0.0197911440466036,10,1,819034567
0.369591760627381,0.359840458271757,10,1,819034567
0.355371494211578,0.685246948039324,10,1,819034567
0.0157671912199699,0.720115274808949,10,1,819034567
0.303278623024378,0.377446608700615,10,1,819034567
0.554778496642929,0.934400436358671,10,1,819034567
0.0544022951931167,0.505182515846723,10,1,819034567
0.0758398929231019,0.018830984600001,10,1,819034567
0.787691705887104,0.624065979805528,10,1,819034567
0.443636966315099,0.368918519856013,10,1,819034567
0.075430424686179,0.161446471683123,10,1,819034567
0.679455662942492,0.752251805778253,10,1,819034567
0.0807852891218224,0.854962627608707,10,1,819034567
0.783301110335152,0.892351405036657,10,1,819034567
0.37745600100666,0.896808725368457,10,1,819034567
0.495251864237023,0.21215115718423,10,1,819034567
0.450453222046948,0.665106959048843,10,1,819034567
0.762425606794525,0.886672645126856,10,1,819034567
0.360308096970978,0.199375226587005,10,1,819034567
0.722584818078723,0.587594757857869,10,1,819034567
0.704464660860545,0.796403635152958,10,1,819034567
0.894201384452693,0.0573138866042724,10,1,819034567
0.287707743428594,0.0911700131859519,10,1,819034567
0.34791119552538,0.914295060156115,10,1,819034567
0.552505472066232,0.723341088001884,10,1,819034567
0.941441576421816,0.626405935200502,10,1,819034567
0.269784303163637,0.3536554222895,10,1,819034567
0.458423077465095,0.0896502786558795,10,1,819034567
0.339252075194572,0.121939677891738,10,1,819034567
0.0612022903641667,0.729166436132432,10,1,819034567
0.154865086540614,0.457592161363811,10,1,819034567
0.0512536087156028,0.125368940737117,10,1,819034567
0.774099021403545,0.872634483132466,10,1,819034567
0.628998567332748,0.564839784815645,10,1,819034567
0.822102211479684,0.373850186260333,10,1,819034567
0.89579184920116,0.768860499602867,10,1,819034567
0.843934310738554,0.661945859822501,10,1,819034567
0.513432699425641,0.651317102955061,10,1,819034567
0.602773271592832,0.283215962473997,10,1,819034567
0.770562973036627,0.263678897527795,10,1,819034567
0.742736915175722,0.586895645093199,10,1,819034567
0.245465497598452,0.198101056602756,10,1,819034567
0.916362526238295,0.404199156465184,10,1,819034567
0.188286096398973,0.105913471903274,10,1,819034567
0.169519339609502,0.438466517087058,10,1,819034567
0.477552032004496,0.199319595409658,10,1,819034567
0.71031966242762,0.456483332032038,10,1,819034567
0.835929744082102,0.923178464764384,10,1,819034567
0.627156700061909,0.220019434627383,10,1,819034567
0.476213827637592,0.893692833234679,10,1,819034567
0.841308178780941,0.588039367301483,10,1,819034567
0.588147738344538,0.499769095088324,10,1,819034567
0.738881714107587,0.365742892323272,10,1,819034567
0.717945292911711,0.0180560772207246,10,1,819034567
0.814972272781065,0.0346428200627233,10,1,819034567
0.501349926799209,0.0803856688860431,10,1,819034567
0.532561100583948,0.32313707687867,10,1,819034567
0.405091913112808,0.984516894958221,10,1,819034567
0.531714898327778,0.447238758374037,10,1,819034567
0.407847901671694,0.148289712620048,10,1,819034567
0.202395906344182,0.0771898850491421,10,1,819034567
0.658731294906766,0.188523117761391,10,1,819034567
0.43217521068128,0.252686925170002,10,1,819034567
0.108065136765471,0.382694717546466,10,1,819034567
0.62799738853016,0.80172789754852,10,1,819034567
0.477422497884596,0.807217642850835,10,1,819034567
0.0401869064690805,0.197876658717525,10,1,819034567
0.738222091632301,0.0994691516575912,10,1,819034567
0.160509314809822,0.771771134323501,10,1,819034567
0.313589853922649,0.403669620881166,10,1,819034567
0.326061844468996,0.316610300585207,10,1,819034567
0.469061341041418,0.714328185879563,10,1,819034567
0.307919417119541,0.945131077447813,10,1,819034567
0.771159604947142,0.680881755283009,10,1,819034567
0.00569137949180654,0.0131040697958693,10,1,819034567
0.444264731795449,0.892725403525923,10,1,819034567
0.26541764038539,0.793540638694318,10,1,819034567
0.766724828174462,0.721532685846837,10,1,819034567
0.330295332549253,0.789286545963785,10,1,819034567
0.368794809510353,0.535827439224983,10,1,819034567
0.366956859386476,0.599388952823566,10,1,819034567
0.360488882658458,0.80633014915264,10,1,819034567
0.00758779483629368,0.0566023534594793,10,1,819034567
0.541923878776836,0.214533635857309,10,1,819034567
0.511120465339555,0.0439032327446185,10,1,819034567
0.523179001076256,0.212561226412071,10,1,819034567
0.727315139393219,0.80843636820435,10,1,819034567
0.857423381922817,0.0795741852186396,10,1,819034567
0.769496867708927,0.306970288872486,10,1,819034567
0.961078154987675,0.550162796615695,10,1,819034567
0.345658703126692,0.641899828790467,10,1,819034567
0.84871823219848,0.928398982290352,10,1,819034567
0.502650402075895,0.915625010866025,10,1,819034567
0.285901909658634,0.84856416727692,10,1,819034567
0.206652862981801,0.137812245382306,10,1,819034567
0.277200558072859,0.958768238764533,10,1,819034567
0.20729382338196,0.384443731316723,10,1,819034567
0.0480704469745676,0.860992648686494,10,1,819034567
0.487142440355457,0.054637865920256,10,1,819034567
0.762708139895048,0.490717647712257,10,1,819034567
0.226230136833752,0.175262726286795,10,1,819034567
0.27788584088691,0.621967099485676,10,1,819034567
0.50489169312867,0.0668381842296712,10,1,819034567
0.872697588204162,0.0254390973465579,10,1,819034567
0.319291064966252,0.540284696102733,10,1,819034567
0.0798811370427148,0.181746107052319,10,1,819034567
0.332018107451151,0.0528086766836973,10,1,819034567
0.0150550354058612,0.0228837398817658,10,1,819034567
0.471073599640718,0.962710615593252,10,1,819034567
0.62881898957905,0.365424721113244,10,1,819034567
0.742815794012958,0.413163334994584,10,1,819034567
0.989669944278356,0.364266244261455,10,1,819034567
0.330398368349913,0.489200760395147,10,1,819034567
0.0403758640481469,0.901949006161546,10,1,819034567
0.913324057980416,0.968554232696813,10,1,819034567
0.227231614564727,0.406276185903212,10,1,819034567
0.615385838721308,0.588608090732912,10,1,819034567
0.440844443217118,0.531934059825439,10,1,819034567
0.76434811856306,0.386849298848018,10,1,819034567
0.790395344459822,0.315141621496358,10,1,819034567
0.786096098088686,0.844028474591469,10,1,819034567
0.0683307581593742,0.520429245863161,10,1,819034567
0.570507771718726,0.963611470031593,10,1,819034567
0.629929282232668,0.411881694970841,10,1,819034567
0.263505205321721,0.790992904839098,10,1,819034567
0.774250453298204,0.0509184850401609,10,1,819034567
0.842335878995642,0.557975806581552,10,1,819034567
0.112622621668012,0.257771758582643,10,1,819034567
0.651353696793484,0.23928393483355,10,1,819034567
0.180733470268839,0.876142146265372,10,1,819034567
0.272327913005329,0.844228654444764,10,1,819034567
0.197149293543252,0.562179119098309,10,1,819034567
0.702513536310406,0.265341392641544,10,1,819034567
0.578594071655312,0.0224127055236056,10,1,819034567
0.298368456898674,0.860050785339895,10,1,819034567
0.896776217183141,0.826727771114778,10,1,819034567
0.0967152936271134,0.337492266643338,10,1,819034567
0.67050535403098,0.264677883007355,10,1,819034567
0.552509867460868,0.935923642892287,10,1,819034567
0.787339792419616,0.809442551818613,10,1,819034567
0.804841916680281,0.125089220607304,10,1,819034567
0.646535525368554,0.614281541451521,10,1,819034567
0.715212588823241,0.749988259995327,10,1,819034567
0.452042327075727,0.710666228051957,10,1,819034567
0.364286410548851,0.996107021176495,10,1,819034567
0.875091601184235,0.374045911121023,10,1,819034567
0.230917902288036,0.272030298331395,10,1,819034567
0.582835548030902,0.187743248936528,10,1,819034567
0.835880594353191,0.178842846986963,10,1,819034567
0.281823242508337,0.0505674050810301,10,1,819034567
0.0965853085412756,0.939461980368501,10,1,819034567
0.767304185592014,0.384469719424234,10,1,819034567
0.770114423809862,0.998146737941295,10,1,819034567
0.72106179680176,0.547845869230231,10,1,819034567
0.412205178713894,0.339457634033461,10,1,819034567
0.512529949349942,0.866890547532314,10,1,819034567
0.0740057106131071,0.0434398232308608,10,1,819034567
0.0315221623030271,0.479669041178737,10,1,819034567
0.671236782706407,0.83516424884857,10,1,819034567
0.507522044359285,0.510089468446631,10,1,819034567
0.32246435345254,0.019686639261236,10,1,819034567
0.729586581728396,0.493546568281463,10,1,819034567
0.656628171313396,0.561005204106725,10,1,819034567
0.454949219659119,0.00530837489915537,10,1,819034567
0.782446796486632,0.983488347720247,10,1,819034567
0.84515791260873,0.856080058849252,10,1,819034567
0.0628332780963712,0.362914088907261,10,1,819034567
0.761302117093327,0.918694318145323,10,1,819034567
0.00889499787584036,0.900092930585094,10,1,819034567
0.292338187007309,0.577671913853971,10,1,819034567
0.0298366166633803,0.400685333804134,10,1,819034567
0.389814623412168,0.464249256223611,10,1,819034567
0.513441976543523,0.644357259883497,10,1,819034567
0.559109303035599,0.145205770928367,10,1,819034567
0.643392438608754,0.434563805976365,10,1,819034567
0.0728838379791963,0.646759506026259,10,1,819034567
0.123861331347776,0.731210639938435,10,1,819034567
0.250924460911803,0.554824213552799,10,1,819034567
0.199323435247657,0.265218743283151,10,1,819034567
0.298613111615489,0.306897126338749,10,1,819034567
0.242024115345513,0.214082994428971,10,1,819034567
0.995161930221526,0.559333938178832,10,1,819034567
0.503307559670424,0.862126226132345,10,1,819034567
0.31947850881567,0.763986666542229,10,1,819034567
0.807162502931593,0.152890266499759,10,1,819034567
0.85436657721248,0.663173538544137,10,1,819034567
0.722814628183163,0.446448005707659,10,1,819034567
0.0283207451685654,0.101805173064082,10,1,819034567
0.106135839069217,0.443632982351284,10,1,819034567
0.507359723988681,0.347063266804597,10,1,819034567
0.0300959088992165,0.94050607449779,10,1,819034567
0.00980935417707229,0.123124014342827,10,1,819034567
0.705132387469023,0.912177356424611,10,1,819034567
0.181603976426711,0.041456532727854,10,1,819034567
0.235498907704492,0.4198952557664,10,1,819034567
0.294373422507024,0.563327389546632,10,1,819034567
0.0454827121223742,0.00185098196176625,10,1,819034567
0.596298321910226,0.556826335279113,10,1,819034567
0.74672466345079,0.905798089244945,10,1,819034567
0.432537493296762,0.632500975446914,10,1,819034567
0.415733168257979,0.901118192044575,10,1,819034567
0.326075676546771,0.895474596141627,10,1,819034567
0.521798684746598,0.698806377448459,10,1,819034567
0.421945749993117,0.980249707192847,10,1,819034567
0.51885776153485,0.468998734903473,10,1,819034567
0.650223721102184,0.629713765254063,10,1,819034567
0.884036610682746,0.563704574734651,10,1,819034567
0.105718920520554,0.880824633225253,10,1,819034567
0.479619158930161,0.674700639207499,10,1,819034567
0.514153843024064,0.265889843750831,10,1,819034567
0.563611252807873,0.290753321952526,10,1,819034567
0.620952365024806,0.532908267310527,10,1,819034567
0.496023468810559,0.171550317410012,10,1,819034567
0.908726854332583,0.453804528166427,10,1,819034567
0.732245243163447,0.841563345878912,10,1,819034567
0.682404331676387,0.666267640396081,10,1,819034567
0.111865680688729,0.756798328761882,10,1,819034567
0.548913773947065,0.427558367881257,10,1,819034567
0.860011746933901,0.589683911562506,10,1,819034567
0.585118165793537,0.0858310786022258,10,1,819034567
0.909536448999059,0.35724805185052,10,1,819034567
0.422719428487794,0.307399111820509,10,1,819034567
0.781784390651474,0.928415878022082,10,1,819034567
0.89889116599306,0.900795097165339,10,1,819034567
0.083434729872172,0.494875759216747,10,1,819034567
0.974006101750201,0.295243305403823,10,1,819034567
0.861726335843627,0.760772777577982,10,1,819034567
0.835218032850565,0.660180906642302,10,1,819034567
0.245949429488717,0.386102653315022,10,1,819034567
0.344625780470866,0.0120787613931039,10,1,819034567
0.318518413296147,0.635940294915016,10,1,819034567
0.190230696221671,0.388547170066098,10,1,819034567
0.812326012130099,0.296256689867489,10,1,819034567
0.48024605056802,0.40631959410043,10,1,819034567
0.469171400995257,0.39123279549138,10,1,819034567
0.48954336245813,0.688440318308314,10,1,819034567
0.898543217541874,0.0752225661530108,10,1,819034567
0.886415378338084,0.52557179969651,11,1,945678934
0.190249769145017,0.868567028637036,11,1,945678934
0.0841535413908705,0.0571315134566004,11,1,945678934
0.66415491491089,0.511431163906991,11,1,945678934
0.364296657755638,0.370514075337914,11,1,945678934
0.45430475724203,0.668504795617789,11,1,945678934
0.240628769120679,0.0719336251978833,11,1,945678934
0.973934115883923,0.622084834821767,11,1,945678934
0.648857606798029,0.143441897219319,11,1,945678934
0.45829514879208,0.354596279204004,11,1,945678934
0.871049713082771,0.558221853611119,11,1,945678934
0.142059057925043,0.324746848509804,11,1,945678934
0.39696376499496,0.214802217812719,11,1,945678934
0.235334859055188,0.689203850931651,11,1,945678934
0.603536007968413,0.399480547734484,11,1,945678934
0.90080024855656,0.776188674439624,11,1,945678934
0.101007727127139,0.387395585068338,11,1,945678934
0.75861062253832,0.147795604438882,11,1,945678934
0.647542103499784,0.895928630153329,11,1,945678934
0.366597885501229,0.235503348537447,11,1,945678934
0.580203716520245,0.550898189917937,11,1,945678934
0.746025483641047,0.732611619842334,11,1,945678934
0.149850385465021,0.563594942948545,11,1,945678934
0.795255040878792,0.553692137398582,11,1,945678934
0.973298203904855,0.0599351802595509,11,1,945678934
0.795463429659003,0.302652436952678,11,1,945678934
0.997844118135824,0.617099785538813,11,1,945678934
0.806184204761787,0.689635921015405,11,1,945678934
0.962485370699218,0.707894546681944,11,1,945678934
0.884752133922071,0.0661492799075705,11,1,945678934
0.802672706150388,0.257379501375447,11,1,945678934
0.371050131854923,0.0221221419923558,11,1,945678934
0.133534492454372,0.097952684343436,11,1,945678934
0.26338881887281,0.389673156642677,11,1,945678934
0.758968315321683,0.665267486299294,11,1,945678934
0.189556319477848,0.738017464802826,11,1,945678934
0.838873226165044,0.855875895265984,11,1,945678934
0.788619346397557,0.692445845639559,11,1,945678934
0.0465013696487564,0.225516633877667,11,1,945678934
0.0149705265491722,0.873128972296247,11,1,945678934
0.0706173125078866,0.302034010438023,11,1,945678934
0.0520160540359198,0.340203749686263,11,1,945678934
0.158020883796655,0.954260860316701,11,1,945678934
0.811972382664524,0.128877628881619,11,1,945678934
0.137523851074292,0.151727577459736,11,1,945678934
0.0996208448510081,0.025187474336966,11,1,945678934
0.145300242948606,0.463756334167093,11,1,945678934
0.306710051694615,0.556555543772498,11,1,945678934
0.277809651223229,0.174057388291054,11,1,945678934
0.655071888250976,0.231279121827248,11,1,945678934
0.833565388791175,0.730151745516209,11,1,945678934
0.250764747152205,0.0613090839567918,11,1,945678934
0.968994628534337,0.317923962814273,11,1,945678934
0.735864031137647,0.776929202111757,11,1,945678934
0.56881513359833,0.108936560163359,11,1,945678934
0.632914151719525,0.740789731314518,11,1,945678934
0.961594267146472,0.204718313498122,11,1,945678934
0.227507535167285,0.676870443600639,11,1,945678934
0.188797221041388,0.727465747891192,11,1,945678934
0.219820411304907,0.741273076897442,11,1,945678934
0.238763247609102,0.00185938915705552,11,1,945678934
0.735282830932963,0.8656899062735,11,1,945678934
0.317862668485996,0.115314624359036,11,1,945678934
0.906263392383498,0.799784176528079,11,1,945678934
0.139912512497714,0.546484538520934,11,1,945678934
0.704374126128548,0.16159646243291,11,1,945678934
0.331840130241698,0.217176285887245,11,1,945678934
0.317586986096405,0.322601050091333,11,1,945678934
0.550098271942838,0.0476970387103153,11,1,945678934
0.23002743863258,0.931771867908339,11,1,945678934
0.0759692984963491,0.904378368509343,11,1,945678934
0.0330699647416939,0.189851865547205,11,1,945678934
0.97594113543461,0.71837478970443,11,1,945678934
0.128548572145382,0.219302193995032,11,1,945678934
0.346676859035854,0.314993348509804,11,1,945678934
0.527119674011932,0.140198518013501,11,1,945678934
0.928115575384799,0.857388320979517,11,1,945678934
0.332127396994093,0.499189481429476,11,1,945678934
0.18179906886583,0.224682895995183,11,1,945678934
0.48114904878359,0.285634928154856,11,1,945678934
0.353793011476749,0.749951440990251,11,1,945678934
0.00223393656060189,0.932508598232615,11,1,945678934
0.0753343389868846,0.952457069814738,11,1,945678934
0.198136197165494,0.284394037428069,11,1,945678934
0.863715570355174,0.225131593837886,11,1,945678934
0.313283665106962,0.367310260867921,11,1,945678934
0.106596950208838,0.00089536241258692,11,1,945678934
0.379875653548147,0.101704340239723,11,1,945678934
0.513986406937288,0.916966937620344,11,1,945678934
0.0742480220796449,0.744990475139091,11,1,945678934
0.122263032030716,0.542239001903388,11,1,945678934
0.303093660443556,0.335709419164231,11,1,945678934
0.824604895083531,0.477823810204622,11,1,945678934
0.0427386805294072,0.786606731903103,11,1,945678934
0.640300357838303,0.0283050911297824,11,1,945678934
0.161075620850125,0.276112135340164,11,1,945678934
0.576982552379268,0.704816518285376,11,1,945678934
0.406499707984723,0.158500589752705,11,1,945678934
0.697860748056335,0.262977353624802,11,1,945678934
0.910863419071968,0.89804227165784,11,1,945678934
0.223178401541038,0.38274969450777,11,1,945678934
0.0251603377469776,0.478501048369274,11,1,945678934
0.0292636334211709,0.211862328676904,11,1,945678934
0.140863815721017,0.544234862046484,11,1,945678934
0.912890487509808,0.574816771074558,11,1,945678934
0.881330287337178,0.621448174816354,11,1,945678934
0.062434185157346,0.811982226542033,11,1,945678934
0.191380631830651,0.764786936060483,11,1,945678934
0.485128144509659,0.71928348687216,11,1,945678934
0.00438949477266437,0.467328718315855,11,1,945678934
0.578237626975492,0.146549995174966,11,1,945678934
0.921366448762824,0.191187521474509,11,1,945678934
0.385013957350572,0.526071112726497,11,1,945678934
0.584059691867648,0.677274827500636,11,1,945678934
0.341750012787089,0.924345104735434,11,1,945678934
0.000479727011676978,0.407071005284859,11,1,945678934
0.976301875051098,0.169956715708032,11,1,945678934
0.921866870956125,0.57211423932131,11,1,945678934
0.863116917201705,0.678255087057378,11,1,945678934
0.220138448343827,0.600653130535687,11,1,945678934
