0.641810496378423,0.801257561046535,11,1,945678934
0.263447105199181,0.838944401114136,11,1,945678934
0.28912764768012,0.215192379747336,11,1,945678934
0.908154329490126,0.107562640692664,11,1,945678934
0.173391580401237,0.345383490835564,11,1,945678934
0.290662624494166,0.528680642670635,11,1,945678934
0.829266208701406,0.306999624556038,11,1,945678934
0.275300806283202,0.920983457425035,11,1,945678934
0.304021129724798,0.303425927610993,11,1,945678934
0.187364703767414,0.287995583526047,11,1,945678934
0.0294699467659356,0.0280006458614999,11,1,945678934
0.874775362047538,0.0599489224669461,11,1,945678934
0.5686624093275,0.260975614694114,11,1,945678934
0.461857753402691,0.0188224307543052,11,1,945678934
0.507840989130265,0.884796372683618,11,1,945678934
0.575771337900603,0.754094465410177,11,1,945678934
0.680128353088822,0.329068562683712,11,1,945678934
0.610735838684509,0.765968573581548,11,1,945678934
0.880777242550055,0.837472993555328,11,1,945678934
0.802403285517461,0.556751954144521,11,1,945678934
0.173781799493336,0.988456753645039,11,1,945678934
0.215155741810074,0.10912005177513,11,1,945678934
0.256608914155284,0.44284350142078,11,1,945678934
0.163048268406132,0.413146252507918,11,1,945678934
0.785277250965388,0.242815509313748,11,1,945678934
0.621813870299846,0.800538088400088,11,1,945678934
0.195094191042932,0.359179006109847,11,1,945678934
0.934215035575992,0.393357976638634,11,1,945678934
0.797363732177605,0.380950561722126,11,1,945678934
0.157885436823799,0.462339255663359,11,1,945678934
0.876271332129235,0.746921540910898,11,1,945678934
0.738299916124305,0.536907696313675,11,1,945678934
0.979996398289253,0.237812482271045,11,1,945678934
0.781988638640299,0.00887090757808906,11,1,945678934
0.1411997543439,0.269382654439546,11,1,945678934
0.201463758232797,0.801897363488989,11,1,945678934
0.468701610666492,0.95874013365554,11,1,945678934
0.621859744106278,0.884673669725402,11,1,945678934
0.0110690621117593,0.443958410742805,11,1,945678934
0.591841431845127,0.792408212550086,11,1,945678934
0.118559824565827,0.377123211572693,11,1,945678934
0.552686841390137,0.301951638149382,11,1,945678934
0.77678226844753,0.397332103065538,11,1,945678934
0.00610726002867512,0.428229119392602,11,1,945678934
0.481460181772175,0.157957663663935,11,1,945678934
0.461216027170872,0.319557149989219,11,1,945678934
0.806923386031501,0.477440048579905,11,1,945678934
0.00626657033756128,0.709574936346228,11,1,945678934
0.578011335269831,0.288190317457687,11,1,945678934
0.783903818188747,0.412893710441808,11,1,945678934
0.697918923555868,0.329127270996464,11,1,945678934
0.0828872790597055,0.510785100007488,11,1,945678934
0.786411170720504,0.0515431781419289,11,1,945678934
0.372294129986349,0.0771532355634916,11,1,945678934
0.0491405578961936,0.686109846537064,11,1,945678934
0.832718790675755,0.992260728632584,11,1,945678934
0.0770491839722718,0.229839980534575,11,1,945678934
0.889677214470703,0.567918424646338,11,1,945678934
0.110614295492622,0.920682330299251,11,1,945678934
0.608018645737785,0.786875559449506,11,1,945678934
0.0810459460075696,0.942779629105599,11,1,945678934
0.00190105708626653,0.275196207107104,11,1,945678934
0.592322166100974,0.725950149369472,11,1,945678934
0.979924537005339,0.0896625105962503,11,1,945678934
0.0285596742326861,0.939884107163269,11,1,945678934
0.071551587611216,0.683647008822433,11,1,945678934
0.48988798091572,0.878240531545715,11,1,945678934
0.706051735127118,0.378755205657063,11,1,945678934
0.791727124922436,0.0367755796347744,11,1,945678934
0.0317824323072091,0.624818419760868,11,1,945678934
0.140467323700495,0.349686421491815,11,1,945678934
0.438878231892348,0.901214965985246,11,1,945678934
0.445998376148494,0.373407018091933,11,1,945678934
0.668089039551172,0.824300196935409,11,1,945678934
0.0920268967272559,0.86482044550383,11,1,945678934
0.297216579822681,0.580629966013992,11,1,945678934
0.758031283145881,0.402360097999342,11,1,945678934
0.913546080867797,0.524995297324306,11,1,945678934
0.331027887867226,0.597530665606643,11,1,945678934
0.69724953751881,0.685848232144032,11,1,945678934
0.475792801148704,0.968415422236796,11,1,945678934
0.73366363409162,0.795991342572734,11,1,945678934
0.739799207210871,0.565605257399266,11,1,945678934
0.996914994536604,0.603165122434501,11,1,945678934
0.493176269079529,0.749603066538815,11,1,945678934
0.56526067667849,0.177642567717413,11,1,945678934
0.418719342546487,0.935031167926909,11,1,945678934
0.537271741744925,0.216981604995106,11,1,945678934
0.717856859047315,0.528445065968473,11,1,945678934
0.930360871714449,0.365366502959295,11,1,945678934
0.823475649461326,0.919424645312228,11,1,945678934
0.460992967539104,0.607549858787837,11,1,945678934
0.627694364175452,0.297439490355259,11,1,945678934
0.594003207160681,0.451306846458082,11,1,945678934
0.581105509813016,0.186707077421221,11,1,945678934
0.0179758926421947,0.183783866462761,11,1,945678934
0.988803510514553,0.912611680046113,11,1,945678934
0.881824973008065,0.0729138109585588,11,1,945678934
0.504818855686544,0.0468158148226783,11,1,945678934
0.749179944979082,0.442794374861756,11,1,945678934
0.680217137892764,0.64201705970194,11,1,945678934
0.0910471918391749,0.716092583736503,11,1,945678934
0.791891568336086,0.319350734186006,11,1,945678934
0.605188213879326,0.2175957038173,11,1,945678934
0.163820313705548,0.0321024906412424,11,1,945678934
0.740639682422036,0.757745156388797,11,1,945678934
0.577936855611646,0.36972295087812,11,1,945678934
0.451722412240616,0.74411962335155,11,1,945678934
0.425031249790539,0.419803550927882,11,1,945678934
0.891908965187836,0.221836324365072,11,1,945678934
0.948855772439136,0.777603412962999,11,1,945678934
0.149268134575026,0.877125228961293,11,1,945678934
0.638098176593343,0.00702122425962437,11,1,945678934
0.351557732280907,0.369380266195756,11,1,945678934
0.334563919138396,0.660697274625662,11,1,945678934
0.450767883249566,0.236318965158115,11,1,945678934
0.956141655273511,0.707708715470607,11,1,945678934
0.658065873728093,0.0873926446569104,11,1,945678934
0.290008503757293,0.217637642740406,11,1,945678934
0.469459406466837,0.509931931891107,11,1,945678934
0.255500351957724,0.788849871320408,11,1,945678934
0.783889646712649,0.719160728266309,11,1,945678934
0.428408994254866,0.0460545210938044,11,1,945678934
0.0428808661084097,0.73801168038288,11,1,945678934
0.688276175183147,0.0462787058731084,11,1,945678934
0.00540655937744039,0.999805910080535,11,1,945678934
0.646218734362299,0.089839865025489,11,1,945678934
0.425009306396422,0.666105172805791,11,1,945678934
0.407485845777644,0.278679664138422,11,1,945678934
0.925803370391953,0.655171094570613,11,1,945678934
0.622924293737901,0.189694025990233,11,1,945678934
0.805007397369222,0.283212062470517,11,1,945678934
0.0940002287087331,0.268976699750739,11,1,945678934
0.732224017577467,0.585344528431909,11,1,945678934
0.102570044132603,0.624926487853786,11,1,945678934
0.216747600732186,0.993118667208322,11,1,945678934
0.173364932166779,0.369999303120578,11,1,945678934
0.657676717509936,0.607548565950032,11,1,945678934
0.891333798683403,0.665025243107665,11,1,945678934
0.929294214188951,0.00662668895018292,11,1,945678934
0.845323283153261,0.805870229876188,11,1,945678934
0.875662663415931,0.251554883746803,11,1,945678934
0.616297243027903,0.00256925785129347,11,1,945678934
0.693137616372303,0.593238713200717,11,1,945678934
0.715036119281334,0.168508586610938,11,1,945678934
0.153618488539492,0.657608610688046,11,1,945678934
0.305942198852574,0.941279666961516,11,1,945678934
0.467202953466039,0.219197138367981,11,1,945678934
0.569902073547562,0.649717875383024,11,1,945678934
0.482372914136715,0.630331867456902,11,1,945678934
0.572652903129469,0.82627999966493,11,1,945678934
0.735375280507866,0.278263842960621,11,1,945678934
0.621617829906609,0.936799214243808,11,1,945678934
0.974356316593369,0.510028459276862,11,1,945678934
0.284697252221124,0.971027788422461,11,1,945678934
0.573646508207529,0.50502117494898,11,1,945678934
0.70194440530275,0.303177368326663,11,1,945678934
0.24168127008149,0.294509195885393,11,1,945678934
0.383522189380135,0.885694051521807,11,1,945678934
0.324001005842987,0.179166430879547,11,1,945678934
0.596327968468325,0.395008827050471,11,1,945678934
0.0331695294141889,0.0837068987048299,11,1,945678934
0.134192045315089,0.988460809875408,11,1,945678934
0.346992567781724,0.419750690303784,11,1,945678934
0.133465515662352,0.986832807462944,11,1,945678934
0.984058780596818,0.326367288366287,11,1,945678934
0.200889094048485,0.331864787778029,11,1,945678934
0.831311088216541,0.520199396477114,11,1,945678934
0.164861829818438,0.922564683632676,11,1,945678934
0.573882064721651,0.718276489815427,11,1,945678934
0.789398180603965,0.615537758582235,11,1,945678934
0.178892736140298,0.300829185263118,11,1,945678934
0.25292626632667,0.567751273820815,11,1,945678934
0.446969128251315,0.742608995838848,11,1,945678934
0.602463017396199,0.562301266958103,11,1,945678934
0.626769561619883,0.392308252350612,11,1,945678934
0.0256785091402989,0.880376043044909,11,1,945678934
0.531946893095035,0.778685627294076,11,1,945678934
0.923097528884693,0.646916217031477,11,1,945678934
0.166241571768133,0.673612493697375,11,1,945678934
0.914810270191838,0.840398598042173,11,1,945678934
0.0534182597982005,0.444246674134329,11,1,945678934
0.337202496290452,0.216692009532004,11,1,945678934
0.280913047577971,0.940227473131253,11,1,945678934
0.0104744198504756,0.872587366336445,11,1,945678934
0.641762384951344,0.847462332336949,11,1,945678934
0.884805574522344,0.529703989118947,11,1,945678934
0.737099049132411,0.918119212620192,11,1,945678934
0.171777707309906,0.626653618192592,11,1,945678934
0.6538593752246,0.854587098948728,11,1,945678934
0.885637841198164,0.478383091571109,11,1,945678934
0.24316139740431,0.382487740894418,11,1,945678934
0.478078510176466,0.79862444167534,11,1,945678934
0.524244233803898,0.723345095489004,11,1,945678934
0.244280491003876,0.31108874235706,11,1,945678934
0.321706141686816,0.72295283190513,11,1,945678934
0.0276216193069003,0.867077842851488,11,1,945678934
0.204271681774137,0.164346330146269,11,1,945678934
0.138059291238054,0.960529910456636,11,1,945678934
0.606177355009056,0.504187462572878,11,1,945678934
0.675083572014884,0.329367332153551,11,1,945678934
0.861167256076603,0.390479796792575,11,1,945678934
0.531846997492208,0.894349458268169,11,1,945678934
0.764406734941312,0.310709437054047,11,1,945678934
0.259068201051298,0.0556644908973116,11,1,945678934
0.424764414604141,0.23101355076699,11,1,945678934
0.582014636026688,0.338221521775663,11,1,945678934
0.762183601630384,0.56712918759801,11,1,945678934
0.360221628419654,0.254461623795215,11,1,945678934
0.291253773922497,0.847766757138261,11,1,945678934
0.449714513659042,0.621992933807666,11,1,945678934
0.445652456235504,0.979548389728094,11,1,945678934
0.66094789399529,0.533343947004095,11,1,945678934
0.399651365551219,0.838144237974243,11,1,945678934
0.996174947201803,0.113876208475832,11,1,945678934
0.975757968047093,0.763748758805957,11,1,945678934
0.210166510002452,0.753046343702581,11,1,945678934
0.274378625423405,0.990502084545933,11,1,945678934
0.634825372717331,0.899371274246964,11,1,945678934
0.771168579846453,0.627631089176612,11,1,945678934
0.65892890484327,0.0177635970215304,11,1,945678934
0.335045082481065,0.369968213346425,11,1,945678934
0.0281869976224831,0.687488993162092,11,1,945678934
0.956745983744994,0.515503658499244,11,1,945678934
0.495986417593641,0.0968286842092709,11,1,945678934
0.483247364619739,0.586320062868977,11,1,945678934
0.87559912199241,0.393545060270262,11,1,945678934
0.0515551993140209,0.443609952548872,11,1,945678934
0.219336369243574,0.182435234646268,11,1,945678934
0.251554910916981,0.597079588417109,11,1,945678934
0.87325072261847,0.138411012754379,11,1,945678934
0.772637995842667,0.720630608693888,11,1,945678934
0.215920413692752,0.887879660685397,11,1,945678934
0.644135061472478,0.59432070773737,11,1,945678934
0.594297249472649,0.539725883593893,11,1,945678934
0.967936675521569,0.395728351436607,11,1,945678934
0.286580461195641,0.041390904235882,11,1,945678934
0.474636874708074,0.681952247454581,11,1,945678934
0.937280173039228,0.261654454101782,11,1,945678934
0.990591254877049,0.914136157801191,11,1,945678934
0.0831565588235659,0.846341732790698,11,1,945678934
0.801317292943001,0.316109112348053,11,1,945678934
0.45566980056331,0.176874736103041,11,1,945678934
0.984359881219539,0.888581865209794,11,1,945678934
0.603123892223874,0.482531018743523,11,1,945678934
0.975555202100868,0.83966839002103,11,1,945678934
0.0614123266347795,0.289296446377981,11,1,945678934
0.287391853597557,0.148486276698732,11,1,945678934
0.361137923426494,0.425388457691797,11,1,945678934
0.14928529248662,0.0362719828808222,11,1,945678934
0.474766823680793,0.511206417560686,11,1,945678934
0.578783517652757,0.0246918427111646,11,1,945678934
0.0750025688753735,0.326123187795607,11,1,945678934
0.666539356844519,0.8951485787953,11,1,945678934
0.169089483882639,0.492410873542776,11,1,945678934
0.571346334378151,0.938554228398216,11,1,945678934
0.096432471154972,0.177559190502357,11,1,945678934
0.06678787521322,0.452118604022889,11,1,945678934
0.488469515711117,0.133959686323114,11,1,945678934
0.510115374326178,0.787145410485957,11,1,945678934
0.650132410313061,0.623915453930323,11,1,945678934
0.373229594573097,0.620944578747967,11,1,945678934
0.0181240125257096,0.266005498100403,11,1,945678934
0.534128321050084,0.377081292298216,11,1,945678934
0.390915815967194,0.157546533367083,11,1,945678934
0.060214936290107,0.961651989178995,11,1,945678934
0.552045749222431,0.106299886164591,11,1,945678934
0.163135279547808,0.352283396259522,11,1,945678934
0.989209334791265,0.0767343564275946,11,1,945678934
0.11048486279002,0.4540231509141,11,1,945678934
0.985383668206914,0.206544471086232,11,1,945678934
0.0163078706310262,0.214232365336088,11,1,945678934
0.209132124071456,0.63388879524927,11,1,945678934
0.134914174555727,0.327733741751733,11,1,945678934
0.286952559965644,0.19196664854869,11,1,945678934
0.27623104014972,0.343241446203132,11,1,945678934
0.439053011345086,0.0192787868460442,11,1,945678934
0.424634393173575,0.470016670091042,11,1,945678934
0.657947025071002,0.665934628165482,11,1,945678934
0.175872400254085,0.348261863898283,11,1,945678934
0.511101010818553,0.360461129271293,11,1,945678934
0.508666754445118,0.807469712587567,11,1,945678934
0.983025497675929,0.106145923388779,11,1,945678934
0.215885397683115,0.545526982618309,11,1,945678934
0.279238782295119,0.182806116412919,11,1,945678934
0.252986127976114,0.486508602764479,11,1,945678934
0.461484448903565,0.541691071862243,11,1,945678934
0.468578008967293,0.0794274150756964,11,1,945678934
0.926594515957959,0.186328766673767,11,1,945678934
0.232449670989707,0.76099110121373,11,1,945678934
0.661296714914739,0.544075785358072,11,1,945678934
0.579068277468469,0.836764265517487,11,1,945678934
0.541352852200922,0.152586790558484,11,1,945678934
0.897085847944159,0.684355182627667,11,1,945678934
0.947780785884382,0.971444736787191,11,1,945678934
0.0864296133380353,0.648224201361497,11,1,945678934
0.324657386703046,0.613290563580589,11,1,945678934
0.254231712983542,0.710617316196037,11,1,945678934
0.250483393522724,0.866399496921086,11,1,945678934
0.304210134947638,0.672924711775484,11,1,945678934
0.942982170272366,0.167379718095313,11,1,945678934
0.906302549110593,0.516476035421308,11,1,945678934
0.364418528297073,0.112496004634565,11,1,945678934
0.650574195901473,0.502278262656833,11,1,945678934
0.179288554272539,0.22461308629452,11,1,945678934
0.04135806610212,0.619830843662669,11,1,945678934
0.449557927586943,0.519616711761288,11,1,945678934
0.745396717737888,0.232036995677066,11,1,945678934
0.368064705234914,0.299015518343936,11,1,945678934
0.293997841956389,0.507081402059795,11,1,945678934
0.994954643120095,0.685577159944834,11,1,945678934
0.072273375773964,0.484605241796363,11,1,945678934
0.878259124591339,0.840381757253697,11,1,945678934
0.294960644743243,0.913088374830987,11,1,945678934
0.459017804971199,0.479335613157524,11,1,945678934
0.753267225779548,0.172107841514281,11,1,945678934
0.462623699650663,0.722003986356426,11,1,945678934
0.794327905218047,0.236414444537032,11,1,945678934
0.445925615332713,0.065634107564692,11,1,945678934
0.835892268116873,0.506139782754943,11,1,945678934
0.957640426507956,0.932900211416124,11,1,945678934
0.67042593007156,0.138126330459108,11,1,945678934
0.0488526819091808,0.568029311888669,11,1,945678934
0.732986830466484,0.938704522522791,11,1,945678934
0.588545629365537,0.214526750218254,11,1,945678934
0.811344770065614,0.476285438407844,11,1,945678934
0.259477351985789,0.491877379994665,11,1,945678934
0.015936943816941,0.894925838743617,11,1,945678934
0.528721243550353,0.713551518109681,11,1,945678934
0.863925819186449,0.268138261217962,11,1,945678934
0.0507037481931931,0.0858651504899237,11,1,945678934
0.109039852041958,0.660913633588029,11,1,945678934
0.701053068334695,0.48634121467397,11,1,945678934
0.660338521368906,0.8730250022228,11,1,945678934
0.473322625200937,0.571235839386711,11,1,945678934
0.136841811882471,0.28610946934069,11,1,945678934
0.428201404358016,0.06851312296835,11,1,945678934
0.268622908761957,0.612776640356086,11,1,945678934
0.699602915103465,0.955086301401604,11,1,945678934
0.210407508103193,0.990016358864134,11,1,945678934
0.652800829048381,0.630069816941986,11,1,945678934
0.546495124070965,0.272694849062376,11,1,945678934
0.0541656533998738,0.789941430760425,11,1,945678934
0.841192748065769,0.883904246110812,11,1,945678934
0.869089079043308,0.97958134151451,11,1,945678934
0.97465131763402,0.195870429320089,11,1,945678934
0.520324488808858,0.534884603201261,11,1,945678934
0.335697984903939,0.9432787334536,11,1,945678934
0.225706187292153,0.426186660452136,11,1,945678934
0.698941491677784,0.0448118912357569,11,1,945678934
0.0653362082552071,0.310206896448734,11,1,945678934
0.021763265391761,0.871787645925261,11,1,945678934
0.778590107427012,0.262866696552815,11,1,945678934
0.619221321473154,0.0252782658148689,11,1,945678934
0.0252378332326746,0.302143069943335,11,1,945678934
0.184871114116839,0.320994307348069,11,1,945678934
0.0419050922814987,0.411855132685609,11,1,945678934
0.156102553110965,0.8210672008182,11,1,945678934
0.14822153379937,0.743567392404842,11,1,945678934
0.306878295231747,0.359725130267858,11,1,945678934
0.718704447071106,0.304892989479865,11,1,945678934
0.283742072872828,0.149853068820886,11,1,945678934
0.274214711781208,0.586359547150245,11,1,945678934
0.429365714989805,0.903195899165696,11,1,945678934
0.681862223407341,0.12020496992327,11,1,945678934
0.709637552634006,0.0383391438787006,11,1,945678934
0.448320088368712,0.672159950494017,11,1,945678934
0.682777093171859,0.60108802319696,11,1,945678934
0.241315605903751,0.200576953863023,11,1,945678934
0.109236229717764,0.463961592746344,11,1,945678934
0.38565318611461,0.810365618195505,11,1,945678934
0.427025596250764,0.487844529285132,11,1,945678934
0.644444206650922,0.470412715729747,11,1,945678934
0.811676279070924,0.446962798375108,11,1,945678934
0.705719152907888,0.95734717981216,11,1,945678934
0.527579654256789,0.57815624765578,11,1,945678934
0.864837778670545,0.00702225481017571,11,1,945678934
0.0915658606250096,0.0802603954023366,11,1,945678934
0.906421237063268,0.910935018279588,11,1,945678934
0.710986153817014,0.421379808728108,11,1,945678934
0.121348245957366,0.809283140112309,11,1,945678934
0.582043788621132,0.41490278648355,11,1,945678934
0.26440169378284,0.604504539501703,11,1,945678934
0.53566542861441,0.202242871552439,11,1,945678934
0.680770338633273,0.385792572397543,11,1,945678934
0.683524278380868,0.750195949551073,11,1,945678934
0.558535012416109,0.0869875482190681,11,1,945678934
0.0389032217230796,0.843564845752285,11,1,945678934
0.501461654742623,0.206813122243952,11,1,945678934
0.443402326619429,0.845723665559271,11,1,945678934
0.985995974638008,0.248654091236729,11,1,945678934
0.809080224926919,0.891708417697737,11,1,945678934
0.908920422863783,0.345320842405351,11,1,945678934
0.408829977933126,0.108533535552167,11,1,945678934
0.00846259977066888,0.84193622465316,11,1,945678934
0.597609957623481,0.973309211574335,11,1,945678934
0.0646182593443902,0.311808375120113,11,1,945678934
0.977350026524568,0.602473953825009,11,1,945678934
0.100270017350458,0.50156368507114,11,1,945678934
0.865454100202275,0.339064429763381,11,1,945678934
0.718570535112149,0.831397938862766,11,1,945678934
0.404470284612874,0.203849209291877,11,1,945678934
0.286437328244341,0.905085210741362,11,1,945678934
0.606848874508836,0.470982583345563,11,1,945678934
0.208431447145839,0.649237415473432,11,1,945678934
0.208173112056333,0.165874191001803,11,1,945678934
0.274805863247721,0.625678578682226,11,1,945678934
0.295789970970792,0.882962894714236,11,1,945678934
0.445837609668076,0.029521660987422,11,1,945678934
0.229594613961175,0.183555846271207,11,1,945678934
0.193479534658058,0.720297440079946,11,1,945678934
0.750577500759039,0.00574797350931622,11,1,945678934
0.934326356522646,0.377805133039163,11,1,945678934
0.70725324574472,0.596595525758858,11,1,945678934
0.985697608891392,0.415382261289625,11,1,945678934
0.818390512784117,0.955255671552374,11,1,945678934
0.574594019864437,0.615479901713755,11,1,945678934
0.966661082305159,0.243875983017433,11,1,945678934
0.451743572407488,0.663377631293349,11,1,945678934
0.95351104054747,0.329576112077844,11,1,945678934
0.907815944248785,0.126886638136233,11,1,945678934
0.237528828379567,0.670267425247811,11,1,945678934
0.12638044743828,0.452120582593818,11,1,945678934
0.180620544156159,0.451909610532259,11,1,945678934
0.631488701111294,0.672267686664441,11,1,945678934
0.487921500306795,0.697731208071517,11,1,945678934
0.938590170220912,0.479055600209303,11,1,945678934
0.724299423185204,0.313618512846323,11,1,945678934
0.15001459526632,0.62515982382717,11,1,945678934
0.448919173710024,0.552791194697096,11,1,945678934
0.0278950859936167,0.468358066188555,11,1,945678934
0.826964423030387,0.102546459305119,11,1,945678934
0.388752813492174,0.50876856131445,11,1,945678934
0.0169908400940777,0.254347405329033,11,1,945678934
0.910112692159939,0.386912854547527,11,1,945678934
0.840465686480558,0.505922021264811,11,1,945678934
0.257826516068555,0.329967745664152,11,1,945678934
0.0468802946714613,0.338542077378411,11,1,945678934
0.794970033183627,0.35936060307997,11,1,945678934
0.076806739989145,0.842441107741212,11,1,945678934
0.833645140047104,0.0373739376365636,11,1,945678934
0.614411738508262,0.37433094540871,11,1,945678934
0.9748842191132,0.831665338080456,11,1,945678934
0.850371596763031,0.407755490177622,11,1,945678934
0.391006051339303,0.270294106984405,11,1,945678934
0.897531717762316,0.948939977968112,11,1,945678934
0.961799615960269,0.705434622952218,11,1,945678934
0.226681874991146,0.119339683039962,11,1,945678934
0.812260237373207,0.675071207611166,11,1,945678934
0.170989438026412,0.603355626549888,11,1,945678934
0.96569326216517,0.932582082867403,11,1,945678934
0.071739605848272,0.0417925160537385,11,1,945678934
0.774564683872122,0.199985947515504,11,1,945678934
0.431055902056882,0.705531303436719,11,1,945678934
0.59050155689671,0.0848522063492085,11,1,945678934
0.205339461387149,0.455898861207082,11,1,945678934
0.0635260185830939,0.0518151928278727,11,1,945678934
0.358007834061219,0.841245597560617,11,1,945678934
0.674390062964467,0.44760048871809,11,1,945678934
0.340852949423723,0.178826995539185,11,1,945678934
0.153809959379922,0.677505580846806,11,1,945678934
0.811616348143199,0.142090272002457,11,1,945678934
0.780336775272929,0.028346480161733,11,1,945678934
0.33129325120683,0.320420355204317,11,1,945678934
0.487797040629418,0.521216654160812,11,1,945678934
0.324109409179827,0.66510547268103,11,1,945678934
0.790133845662825,0.998065798674823,11,1,945678934
0.277329498328148,0.436448896544896,11,1,945678934
0.156440739915638,0.0310936872190508,11,1,945678934
0.890953996396802,0.520420108856037,11,1,945678934
0.768421290340783,0.0920767225691377,11,1,945678934
0.603736799924828,0.0370549709884633,11,1,945678934
0.699944035705666,0.059916165089188,11,1,945678934
0.562251851836431,0.284700409709612,11,1,945678934
0.777683413465385,0.849649067739664,11,1,945678934
0.524247816514179,0.273619327960584,11,1,945678934
0.602174011732721,0.902890788914299,11,1,945678934
0.863928477785976,0.805006409719149,11,1,945678934
0.353303686398768,0.591268838575858,11,1,945678934
0.895520163346493,0.216155219842729,11,1,945678934
0.761672017321682,0.463649712640799,11,1,945678934
0.736388504775131,0.324100024436958,11,1,945678934
0.283403946007176,0.841698884781248,11,1,945678934
0.0760950922812995,0.834713410703458,11,1,945678934
0.323708290126242,0.720169154152536,11,1,945678934
0.661113165605422,0.533323076960816,11,1,945678934
0.990516085208711,0.889622266377019,11,1,945678934
0.934989248116493,0.352149055292126,11,1,945678934
0.441360755473308,0.651584032072527,11,1,945678934
0.336230349222979,0.72106304548881,11,1,945678934
0.440758035990404,0.755217994508683,11,1,945678934
0.624031194770788,0.282749396292473,11,1,945678934
0.0251627194000754,0.32275495777929,11,1,945678934
0.520389533015831,0.886227357840395,11,1,945678934
0.0396150010376477,0.164146317389004,11,1,945678934
0.0284261289130834,0.100962779662215,11,1,945678934
0.0397093878545389,0.339456891291526,11,1,945678934
0.279793611359912,0.937400816494089,11,1,945678934
0.245849481421662,0.536581908103302,11,1,945678934
0.203046195788641,0.692562813928933,11,1,945678934
0.00534757467195313,0.213738050056961,11,1,945678934
0.652194024800775,0.768473236695116,11,1,945678934
0.263549836997513,0.415096220345623,11,1,945678934
0.189056935238823,0.0894607560958454,11,1,945678934
0.692559197560628,0.211078375721782,11,1,945678934
0.0059401775293928,0.151367592432125,11,1,945678934
0.6935890694129,0.581240021289619,11,1,945678934
0.998056663149057,0.30842393957704,11,1,945678934
0.517799793500555,0.0471258889837296,11,1,945678934
0.347024556433303,0.726165451528254,11,1,945678934
0.900559639277718,0.367737331930303,11,1,945678934
0.757461513805208,0.12689788151088,11,1,945678934
0.35491752554115,0.956185773595789,11,1,945678934
0.940285271434111,0.20038829619618,11,1,945678934
0.203094156656841,0.559727831138002,11,1,945678934
0.410098007197092,0.931947257071224,11,1,945678934
0.744539988103794,0.942775069685328,11,1,945678934
0.551094848571941,0.169550187097585,11,1,945678934
0.270047395466917,0.320975771255266,11,1,945678934
0.0984851517097183,0.450599444619068,11,1,945678934
0.331058757412134,0.993180795244172,11,1,945678934
0.172924271790886,0.420942904536887,11,1,945678934
0.11970663971064,0.261410600295667,11,1,945678934
0.931936918600208,0.206979811137727,11,1,945678934
0.54280285421733,0.332661731365447,11,1,945678934
0.274630057946887,0.464051413622231,11,1,945678934
0.340706493149081,0.946303418025162,11,1,945678934
0.363465753413892,0.169000870462907,11,1,945678934
0.61547286987197,0.580763817133202,11,1,945678934
0.452990200243345,0.337440984049291,11,1,945678934
0.699109884010207,0.952048591769764,11,1,945678934
0.605051257563405,0.296109465730741,11,1,945678934
0.860549628039567,0.523284957580543,11,1,945678934
0.410168023837689,0.351145110846326,11,1,945678934
0.4247230230843,0.0532719506151818,11,1,945678934
0.757932625589167,0.175558109563091,11,1,945678934
0.0266701704522401,0.387165398331764,11,1,945678934
0.71784864926322,6.32662897874781E-05,11,1,945678934
0.451045205055052,0.994435386106271,11,1,945678934
0.909588773779492,0.58529600773894,11,1,945678934
0.111281458372141,0.073567235653635,11,1,945678934
0.297156724127737,0.370864656174249,11,1,945678934
0.2772304899279,0.656759001926641,11,1,945678934
0.813509718331914,0.306914553725417,11,1,945678934
0.192303314989141,0.155348869147604,11,1,945678934
0.327584132173052,0.264806191578496,11,1,945678934
0.824705412123159,0.379787819392014,11,1,945678934
0.396011230251331,0.184432638033519,11,1,945678934
0.465031561562915,0.595528008754527,11,1,945678934
0.440732327424775,0.879926363681343,11,1,945678934
0.872076460878715,0.158496132645281,11,1,945678934
0.499394011166888,0.0731343378434337,11,1,945678934
0.633331660838319,0.527838148299439,11,1,945678934
0.991430418897015,0.287658114849696,11,1,945678934
0.575102980801584,0.514123208657735,11,1,945678934
0.585162092003083,0.667499503906267,11,1,945678934
0.104124939096383,0.525736064934361,11,1,945678934
0.890694588758621,0.920519580277317,11,1,945678934
0.411841033173903,0.547245415010717,11,1,945678934
0.821292913894269,0.480340413509076,11,1,945678934
0.435205154877257,0.72368522530906,11,1,945678934
0.919091649511392,0.205901520560146,11,1,945678934
0.534434424517134,0.86200872144392,11,1,945678934
0.733962892503751,0.443508803048112,11,1,945678934
0.389821421481047,0.0931086486101624,11,1,945678934
0.303059065151428,0.674373637023896,11,1,945678934
0.931579684567008,0.0994114635438441,11,1,945678934
0.588353304743665,0.32191441355601,11,1,945678934
0.256548147587433,0.527599182796108,11,1,945678934
0.601962341278205,0.153584070769205,11,1,945678934
0.091011466986783,0.606389128934243,11,1,945678934
0.797601400734645,0.833466852413896,11,1,945678934
0.952236087276076,0.718889187875755,11,1,945678934
0.698068634416044,0.653892921727208,11,1,945678934
0.762201986035105,0.37257909180957,11,1,945678934
0.848854177464097,0.358996205118658,11,1,945678934
0.208981686476872,0.586509263499968,11,1,945678934
0.644417662332788,0.869180078350495,11,1,945678934
0.776996916721074,0.310110492529213,11,1,945678934
0.638706334774075,0.152720983291941,11,1,945678934
0.939999982293624,0.224858720706925,11,1,945678934
0.955245827709456,0.935730117664412,11,1,945678934
0.230217487988637,0.0781088672456263,11,1,945678934
0.261531187083238,0.320921768450101,11,1,945678934
0.453846108206962,0.166465480876148,11,1,945678934
0.773302267720567,0.167791663535874,11,1,945678934
0.337887856351581,0.538240772616562,11,1,945678934
0.407412010775503,0.588238113506061,11,1,945678934
0.369272362054749,0.66659037837673,11,1,945678934
0.322874631007172,0.598274828563456,11,1,945678934
0.299466829300991,0.477077183912445,11,1,945678934
0.251625318209988,0.0874585829216983,11,1,945678934
0.555952344664138,0.785846427930026,11,1,945678934
0.710883393295543,0.672081748663964,11,1,945678934
0.880674348720419,0.734099991876409,11,1,945678934
0.671563019697996,0.142992147592428,11,1,945678934
0.0904914944738791,0.00821786754414155,11,1,945678934
0.762776732150697,0.818886370725707,11,1,945678934
0.566413915649057,0.797005386586961,11,1,945678934
0.203874252525406,0.848020659649742,11,1,945678934
0.879780830562783,0.2181656704817,11,1,945678934
0.107210187842165,0.907627920950081,11,1,945678934
0.450217149342551,0.91667846991343,11,1,945678934
0.430636702756689,0.986441675374243,11,1,945678934
0.351747248922417,0.33240345431067,11,1,945678934
0.442760271153465,0.34969139509287,11,1,945678934
0.797494244518148,0.26388074734453,11,1,945678934
0.452536172056313,0.434052945503809,11,1,945678934
0.43651289029078,0.906580719951071,11,1,945678934
0.290970060429262,0.11306508519425,11,1,945678934
0.868406351198677,0.265685373312433,11,1,945678934
0.752739457056874,0.0805705236629395,11,1,945678934
0.374001291832752,0.0767410540963898,11,1,945678934
0.275635814412266,0.430690479875248,11,1,945678934
0.0386280226067601,0.608039520623912,11,1,945678934
0.985127457958332,0.50840406489977,11,1,945678934
0.989221798567367,0.322815331789584,11,1,945678934
0.79165577163792,0.40674148266957,11,1,945678934
0.855562156262586,0.019015659869277,11,1,945678934
0.25592832614378,0.830764809678445,11,1,945678934
0.982759660423363,0.0410856130028918,11,1,945678934
0.485120693316071,0.693743433110172,11,1,945678934
0.756479064660172,0.771796923590562,11,1,945678934
0.443367789605354,0.00811207864030816,11,1,945678934
0.623921404598503,0.590364804386109,11,1,945678934
0.0526658988398796,0.426241123035806,11,1,945678934
0.341001693521266,0.818670577631879,11,1,945678934
0.946068981306207,0.46192671483541,11,1,945678934
0.157410772783021,0.277527149870513,11,1,945678934
0.262912672537944,0.527705462096884,11,1,945678934
0.589174381870807,0.956221326240626,11,1,945678934
0.289334052520865,0.892609011389882,11,1,945678934
0.555697654524913,0.506877061478937,11,1,945678934
0.418101287842912,0.383877961241949,11,1,945678934
0.24508731012319,0.356151566613388,11,1,945678934
0.924397515984118,0.847901314324244,11,1,945678934
0.757386591794226,0.411968573003539,11,1,945678934
0.382510362563059,0.0202871432780258,11,1,945678934
0.940597879215508,0.682222844083925,11,1,945678934
0.423589276044225,0.708368163190817,11,1,945678934
0.606715819016353,0.974841107453144,11,1,945678934
0.833359897683234,0.453912106721685,11,1,945678934
0.48512344118389,0.938401490339046,11,1,945678934
0.563577146489874,0.282399647355993,11,1,945678934
0.182196671642373,0.480163275331628,11,1,945678934
0.119756146318919,0.655690057554672,11,1,945678934
0.897921367356575,0.483923663369939,11,1,945678934
0.698822659595816,0.612881429456875,11,1,945678934
0.682754503446819,0.746228910799163,11,1,945678934
0.470013633550835,0.269413049336815,11,1,945678934
0.489167699705774,0.113031071527637,11,1,945678934
0.961444920504312,0.124037423769357,11,1,945678934
0.653790114695329,0.9222309201687,11,1,945678934
0.657259205340136,0.483245059410091,11,1,945678934
0.594066439406783,0.245458749480244,11,1,945678934
0.497742878578248,0.147869328629869,11,1,945678934
0.648201452919023,0.12572235633674,11,1,945678934
0.935143517848617,0.427552973998336,11,1,945678934
0.252955187489248,0.188414724868171,11,1,945678934
0.732857633415473,0.380368012733117,11,1,945678934
0.838681477552793,0.507658849297949,11,1,945678934
0.987536442503689,0.865649543202316,11,1,945678934
0.950639836458009,0.27638742803138,11,1,945678934
0.40162623878117,0.88599548105579,11,1,945678934
0.705994835003131,0.498219611316983,11,1,945678934
0.799377875860953,0.335573726154522,11,1,945678934
0.903972523320075,0.211618934997108,11,1,945678934
0.530584522038885,0.839544255364103,11,1,945678934
0.945726394234893,0.241251850056487,11,1,945678934
0.689237827484451,0.336690041308279,11,1,945678934
0.704884956824502,0.978025774855867,11,1,945678934
0.212158342472669,0.0240171320590155,11,1,945678934
0.143489917261531,0.482560027436687,11,1,945678934
0.489220956410718,0.895064458633885,11,1,945678934
0.506289816488416,0.830526462756758,11,1,945678934
0.697994323717577,0.229169433884373,11,1,945678934
0.63866508552288,0.162498454392674,11,1,945678934
0.986509662527391,0.205574024210001,11,1,945678934
0.698341320243814,0.619979995724496,11,1,945678934
0.302832079593844,0.00287625758676757,11,1,945678934
0.67808241877403,0.830093551805271,11,1,945678934
0.341348312094851,0.565520283598903,11,1,945678934
0.319501062375733,0.0988726853585407,11,1,945678934
0.693825387877256,0.945649364238777,11,1,945678934
0.210021574900151,0.197067595118834,11,1,945678934
0.578805159894145,0.132027433779474,11,1,945678934
0.309417003849576,0.74461030566017,11,1,945678934
0.973048613614649,0.490296287977143,11,1,945678934
0.107421164876793,0.0441848410601005,11,1,945678934
0.0970825507546129,0.209778364249399,11,1,945678934
0.0448682718823954,0.352230772281684,11,1,945678934
0.901962392886817,0.705629530269706,11,1,945678934
0.220717908059292,0.475349353982405,11,1,945678934
0.26001597991243,0.0823459518572753,11,1,945678934
0.633247402093965,0.197145828066848,11,1,945678934
0.36468967794785,0.248620737768895,11,1,945678934
0.999815601704749,0.828281953474702,11,1,945678934
0.385976160812969,0.309668362867532,11,1,945678934
0.806258670198659,0.194024317474284,11,1,945678934
0.608107487049601,0.489707187072466,11,1,945678934
0.797960530891862,0.957914332082642,11,1,945678934
0.54406410613158,0.279970273030684,11,1,945678934
0.287225316311872,0.553808903170199,11,1,945678934
0.654954218511831,0.19521475483169,11,1,945678934
0.991264843959226,0.705947963173664,11,1,945678934
0.587678739319009,0.750755175353294,11,1,945678934
0.631752881396356,0.0580106213979523,11,1,945678934
0.970657078883924,0.431756021224873,11,1,945678934
0.0271719565583335,0.350306600992589,11,1,945678934
0.513573842979455,0.176222993057558,11,1,945678934
0.859604609897835,0.692226964011921,11,1,945678934
0.205103525191154,0.684347393213705,11,1,945678934
0.114516949950339,0.186517412530439,11,1,945678934
0.213197869715113,0.142582275718782,11,1,945678934
0.748628131192587,0.530049541290732,11,1,945678934
0.450344267049755,0.685906661477593,11,1,945678934
0.758578509897307,0.953746240327996,11,1,945678934
0.354385647004237,0.369010622897624,11,1,945678934
0.480338555104775,0.40409269137641,11,1,945678934
0.276163721400574,0.216850374912548,11,1,945678934
0.0726442387541724,0.202928877861567,11,1,945678934
0.434069569403076,0.51650302792686,11,1,945678934
0.429437460110486,0.160221904108914,11,1,945678934
0.641828540015478,0.283494766885081,11,1,945678934
0.0357179821235583,0.0511506303691762,11,1,945678934
0.0970186484427791,0.99001075347545,11,1,945678934
0.0419941730919464,0.39439549145763,11,1,945678934
0.226989126757704,0.601084933806917,11,1,945678934
0.0761542904286376,0.25221743836089,11,1,945678934
0.907971648226502,0.798403262025005,11,1,945678934
0.0741654660011708,0.370758916567966,11,1,945678934
0.539433691503004,0.857395126787187,11,1,945678934
0.538182283925139,0.913551695097962,11,1,945678934
0.295759978430893,0.35999873399413,11,1,945678934
0.4995158072135,0.996574390838801,11,1,945678934
0.957396393725684,0.853835752450049,11,1,945678934
0.964385403532305,0.0417666921019961,11,1,945678934
0.232668782532085,0.65224671000303,11,1,945678934
0.395913272669686,0.281469695697877,11,1,945678934
0.597541390231131,0.859619866268931,11,1,945678934
0.368670772732762,0.976945287291749,11,1,945678934
0.224423284618176,0.717832859694718,11,1,945678934
0.90686574414396,0.462195657993801,11,1,945678934
0.00646152048617754,0.577694396401449,11,1,945678934
0.983704043876388,0.997553159181927,11,1,945678934
0.119191995738002,0.127566038115336,11,1,945678934
0.359898410484429,0.702647024331481,11,1,945678934
0.945216055519118,0.404213614942678,11,1,945678934
0.331165207615461,0.613546282102472,11,1,945678934
0.766674037764923,0.389349753508931,11,1,945678934
0.728841388168471,0.0946142709326745,11,1,945678934
0.0261599765298004,0.497869566754103,11,1,945678934
0.095735221249555,0.222615897188382,11,1,945678934
0.882908257318914,0.651053061716684,11,1,945678934
0.397667297757992,0.231085938330073,11,1,945678934
0.592803015103259,0.869480751768004,11,1,945678934
0.127753203031991,0.628341906523917,11,1,945678934
0.891540561176906,0.887544504122474,11,1,945678934
0.00549003957291827,0.313036986739275,11,1,945678934
0.27735572639349,0.416712050597162,11,1,945678934
0.987743575777096,0.133218446878931,11,1,945678934
0.196526304057028,0.836983979758419,11,1,945678934
0.143427874786196,0.79978351723498,11,1,945678934
0.26215319675802,0.652733847000294,11,1,945678934
0.876347425247196,0.145959843599218,11,1,945678934
0.12583522686344,0.676885850162966,11,1,945678934
0.299233098983539,0.234689025335896,11,1,945678934
0.64249027883005,0.0906968191652675,11,1,945678934
0.0292118227594145,0.288155579447091,11,1,945678934
0.526176016200564,0.830195426503471,11,1,945678934
0.02347310642533,0.13372255720056,11,1,945678934
0.290645767518502,0.209054360845745,11,1,945678934
0.345517161033324,0.505501705896004,11,1,945678934
0.532863705907862,0.267892528490824,11,1,945678934
0.356688605572337,0.707284261547319,11,1,945678934
0.334325088855187,0.384907701078034,11,1,945678934
0.898943752771438,0.362712542016177,11,1,945678934
0.740881342610425,0.127217401722602,11,1,945678934
0.9519140757816,0.222036576271069,11,1,945678934
0.0832848457719635,0.146464797216102,11,1,945678934
0.796833677944099,0.445838547756956,11,1,945678934
0.944138630909136,0.852435137879017,11,1,945678934
0.696613619096284,0.0958114118124906,11,1,945678934
0.964264624258608,0.312624974138819,11,1,945678934
0.0850700856825508,0.890408275001954,11,1,945678934
0.115990845116689,0.715256230241547,11,1,945678934
0.829664770623991,0.935056599387224,11,1,945678934
0.636257360739428,0.208905242465923,11,1,945678934
0.497912572831433,0.69300202437486,11,1,945678934
0.21103189263653,0.212764398296341,11,1,945678934
0.289873748742989,0.458937493182662,11,1,945678934
0.979509170946447,0.981176239030738,11,1,945678934
0.483696227353369,0.248111498047984,11,1,945678934
0.710091638923467,0.501621516704033,11,1,945678934
0.72737571393092,0.97417870254839,11,1,945678934
0.786170155095664,0.131737158179111,11,1,945678934
0.604497984637313,0.419595541697271,11,1,945678934
0.245844712887899,0.786112028861129,11,1,945678934
0.991039127906695,0.971672127967397,11,1,945678934
0.79411601947662,0.984972811554532,11,1,945678934
0.0566596088019284,0.384343879972452,11,1,945678934
0.303176522435574,0.961378753701552,11,1,945678934
0.0939256679838762,0.744129898365707,11,1,945678934
0.789507054938944,0.7491570095232,11,1,945678934
0.114048089330193,0.0448597462568676,11,1,945678934
0.926962586931588,0.3138187273903,11,1,945678934
0.0883392262068767,0.636252217187296,11,1,945678934
0.129843790589417,0.291925496617366,11,1,945678934
0.294561867450673,0.720470238976628,11,1,945678934
0.80280139065541,0.134989264119142,11,1,945678934
0.0168234049633602,0.890940197201736,11,1,945678934
0.679363868877138,0.996517292150518,11,1,945678934
0.20260425393209,0.957780278091268,11,1,945678934
0.0404208879678214,0.298335976754538,11,1,945678934
0.536104537045813,0.555250965165146,11,1,945678934
0.748305337161173,0.236112536290449,11,1,945678934
0.868547771378376,0.771730485044129,11,1,945678934
0.107610338769428,0.804786558521434,11,1,945678934
0.645190593375055,0.406983976901376,11,1,945678934
0.305494821636487,0.978568701114613,11,1,945678934
0.828144621425339,0.4721665418845,11,1,945678934
0.897906970828836,0.0434316296472064,11,1,945678934
0.237435489234263,0.894091854852556,11,1,945678934
0.366558692465757,0.743901888950435,11,1,945678934
0.0549725338190816,0.216433099178358,11,1,945678934
0.0133216086274563,0.934173391673541,11,1,945678934
0.309072734004794,0.0783834536521777,11,1,945678934
0.0663168852724461,0.233632342633467,11,1,945678934
0.332961047802668,0.697567718867598,11,1,945678934
0.0575432299886858,0.516296447695427,11,1,945678934
0.583503326016447,0.297219704157084,11,1,945678934
0.210153456584857,0.081111972451966,11,1,945678934
0.584224884714434,0.892367196253953,11,1,945678934
0.679349136085551,0.574530708071713,11,1,945678934
0.284617043062854,0.967189046333337,11,1,945678934
0.954927723694146,0.832493573448828,11,1,945678934
0.0473732561936897,0.427834488092795,11,1,945678934
0.0572666199684773,0.381760912327874,11,1,945678934
0.848991434558021,0.506868563532847,11,1,945678934
0.870536844593502,0.765895189342597,11,1,945678934
0.45402517791238,0.70533299683286,11,1,945678934
0.817771672801663,0.775698332930605,11,1,945678934
0.388757047500522,0.479144567417237,11,1,945678934
0.71739073310742,0.535411948332777,11,1,945678934
0.210647964475001,0.922486449043112,11,1,945678934
0.602346746881969,0.898053406608086,11,1,945678934
0.75824974652187,0.487605745491583,11,1,945678934
0.638330748755568,0.120280221815405,11,1,945678934
0.146943144691,0.842576599691179,11,1,945678934
0.00602990555846805,0.423881032123644,11,1,945678934
0.987807373538524,0.306775547483818,11,1,945678934
0.699155269853467,0.3607803945525,11,1,945678934
0.983440679926228,0.734398567503041,11,1,945678934
0.586858838722295,0.906782788424393,11,1,945678934
0.951375899554613,0.306796331816863,11,1,945678934
0.85935522974304,0.716674927587418,11,1,945678934
0.0877297232936889,0.258054692748309,11,1,945678934
0.467520732873657,0.0962582300808101,11,1,945678934
0.669651213359569,0.729670735323301,11,1,945678934
0.788129763584336,0.296387058478934,11,1,945678934
0.920563992411099,0.0669448740301597,11,1,945678934
0.15620358155557,0.938500416560664,11,1,945678934
0.955726296363355,0.773898187180008,11,1,945678934
0.910010134948647,0.405479623550862,11,1,945678934
0.135845365597307,0.868512777052701,11,1,945678934
0.464534244484099,0.208067960497669,11,1,945678934
0.218213834547693,0.303484393277938,11,1,945678934
0.0125141072950168,0.267760857847124,11,1,945678934
0.80367760162941,0.900003733915237,11,1,945678934
0.450700111356602,0.537943914775845,11,1,945678934
0.382274895707632,0.816530311454354,11,1,945678934
0.612090406935139,0.204832471995476,11,1,945678934
0.386771188774956,0.273110569390687,11,1,945678934
0.0117036420902732,0.115354902269501,11,1,945678934
0.915608212299881,0.484786046667178,11,1,945678934
0.420920451501188,0.937222611502304,11,1,945678934
0.869114163235175,0.861532779444234,11,1,945678934
0.117975950426852,0.19265649188638,11,1,945678934
0.514389804371481,0.310625755337494,11,1,945678934
0.4570817954384,0.973810045315438,11,1,945678934
0.816984190886784,0.73467657694671,11,1,945678934
0.900498723120047,0.628204293009038,11,1,945678934
0.0338525377175323,0.813090400985023,11,1,945678934
0.0901887415693139,0.308053285126599,11,1,945678934
0.0271752731013299,0.556089276505532,11,1,945678934
0.484555175039693,0.866289603299792,11,1,945678934
0.914068887328358,0.842819649732252,11,1,945678934
0.632276666940697,0.172821398292797,11,1,945678934
0.5619363164964,0.900440904281608,11,1,945678934
0.28017042316136,0.20623060920598,11,1,945678934
0.871212717388731,0.129117040861266,11,1,945678934
0.296830230375233,0.142398480248227,11,1,945678934
0.343045623862613,0.721565972991779,11,1,945678934
0.475571928664611,0.162871310550692,11,1,945678934
0.0275601460423864,0.886810178651182,11,1,945678934
0.664660050668435,0.68326276315406,11,1,945678934
0.730642436501339,0.802143632793537,11,1,945678934
0.423865974934211,0.953093283546398,11,1,945678934
0.468171771897959,0.784377158126067,11,1,945678934
0.688752946095794,0.10799236669086,11,1,945678934
0.694783117379739,0.199592338570755,11,1,945678934
0.463447885454688,0.0315831796471286,11,1,945678934
0.288804113681929,0.61919720532113,11,1,945678934
0.249124612112183,0.709791280932555,11,1,945678934
0.633641677803349,0.207773530061501,11,1,945678934
0.657932814662894,0.246441215787538,11,1,945678934
0.473917471559998,0.686570254200459,11,1,945678934
0.478793782502661,0.330517751601649,11,1,945678934
0.807533722863209,0.342978750942517,11,1,945678934
0.0499486802728004,0.933475341014703,11,1,945678934
0.589318643773104,0.483965618210314,11,1,945678934
0.740090437744449,0.5967971327475,11,1,945678934
0.67663990491407,0.347127994303531,11,1,945678934
0.428367259364751,0.433322390857912,11,1,945678934
0.213834170584297,0.197182492249364,11,1,945678934
0.642050828400949,0.400986083758691,11,1,945678934
0.219180232050092,0.966414018419525,11,1,945678934
0.807961717578435,0.370476540354485,11,1,945678934
0.801762950906942,0.345326487430422,11,1,945678934
0.857637205567491,0.10939353520462,11,1,945678934
0.336110346177717,0.209395639327496,11,1,945678934
0.927395809104116,0.845892355652553,11,1,945678934
0.992140659283286,0.540096681882577,11,1,945678934
0.202746192558085,0.740543178436198,11,1,945678934
0.732887987038968,0.19401938474749,11,1,945678934
0.66670738738504,0.446813113025008,11,1,945678934
0.785630195755376,0.592458021699522,11,1,945678934
0.709425479442504,0.851512678528032,11,1,945678934
0.026883353663858,0.712463743840763,11,1,945678934
0.533880562553816,0.527872646027901,11,1,945678934
0.654148822042693,0.482835352036115,11,1,945678934
0.482370863215296,0.514571275039455,11,1,945678934
0.608593974787729,0.128371747207682,11,1,945678934
0.988800504210637,0.412654485449148,11,1,945678934
0.413028079775329,0.385121725517216,11,1,945678934
0.0646145869147086,0.490478704277856,11,1,945678934
0.317557258180894,0.127260303095779,11,1,945678934
0.406703497358547,0.53423910360518,11,1,945678934
0.350847931597454,0.935588155605118,11,1,945678934
0.0833480725377092,0.755392246992036,11,1,945678934
0.465410192726428,0.227284144690457,11,1,945678934
0.812008440944296,0.581923792326046,11,1,945678934
0.734620159781221,0.77536255689145,11,1,945678934
0.0822588991134467,0.558758091578631,11,1,945678934
0.438095964993573,0.962761706179778,11,1,945678934
0.527618233233889,0.10227787588048,11,1,945678934
0.806227111221682,0.266367857736054,11,1,945678934
0.513798363652209,0.737255608776093,11,1,945678934
0.419064766247883,0.0297030947367052,11,1,945678934
0.95104451757512,0.884704106078398,11,1,945678934
0.552654458571178,0.84603426759828,11,1,945678934
0.324166031452145,0.667175793893078,11,1,945678934
0.112200326716114,0.723164062094248,11,1,945678934
0.708965630803716,0.60414505249284,11,1,945678934
0.121386732941785,0.248243591998095,11,1,945678934
0.615360205186352,0.920720800305315,11,1,945678934
0.789217097926685,0.102915130708976,11,1,945678934
0.0510348187499017,0.822092694730175,11,1,945678934
0.221005354639137,0.897172666333826,11,1,945678934
0.949086917019588,0.380059851779246,11,1,945678934
0.465998564361775,0.665088100506948,11,1,945678934
0.189464817596278,0.625554643546315,11,1,945678934
0.280415446876982,0.0394547020753784,11,1,945678934
0.216337785298923,0.892219923621473,11,1,945678934
0.53006183676144,0.732904528424791,11,1,945678934
0.960861654179093,0.314445497651394,11,1,945678934
0.0394869833290779,0.711249326756388,11,1,945678934
0.818382469758734,0.277869835631649,11,1,945678934
0.882922661707904,0.820305295907891,11,1,945678934
0.843840516477712,0.146340953336362,11,1,945678934
0.466966722708698,0.780236840163067,11,1,945678934
0.681223437093153,0.521174315078605,11,1,945678934
0.0183063431534463,0.613066514000269,11,1,945678934
0.958626598907316,0.434327187436563,11,1,945678934
0.459252891967224,0.596946882030339,11,1,945678934
0.773949156778112,0.381588673803757,11,1,945678934
0.327968336634909,0.622673602647116,11,1,945678934
0.111009251572201,0.817516208866218,11,1,945678934
0.723254229345175,0.0174983859128355,11,1,945678934
0.524047954670257,0.98414795092025,11,1,945678934
0.577291821834133,0.840947029092108,11,1,945678934
0.0970411559517279,0.25296439375479,11,1,945678934
0.396248073000955,0.0740039753141204,11,1,945678934
0.74050749293016,0.734408964748533,11,1,945678934
0.443235248893409,0.99655371316343,11,1,945678934
0.855463987530212,0.842195230096556,11,1,945678934
0.0358926871547549,0.481071957922352,11,1,945678934
0.995344626506453,0.135137110408828,11,1,945678934
0.595930185793808,0.864739908514904,11,1,945678934
0.360016471329414,0.0208012377999931,11,1,945678934
0.715632131166961,0.339290345514625,11,1,945678934
0.615644237374565,0.75831388113642,11,1,945678934
0.746194465105721,0.287172900066115,11,1,945678934
0.961599541378513,0.44455812574858,11,1,945678934
0.369253286979343,0.262762950753443,11,1,945678934
0.224916993278856,0.961221432354819,11,1,945678934
0.240516933003002,0.785744195641045,11,1,945678934
0.417448023235349,0.621217093551499,11,1,945678934
0.126328343498399,0.318142835994561,11,1,945678934
0.549822449923441,0.625591023998394,11,1,945678934
