0.499010344737903,0.335910017364099,11,1,945678934
0.336375332535208,0.683215717379692,11,1,945678934
0.870647200489675,0.302465083007957,11,1,945678934
0.542877767023064,0.370906387000814,11,1,945678934
0.629022359134398,0.940806430060203,11,1,945678934
0.8082610878432,0.109363409845966,11,1,945678934
0.40864681846936,0.345053570376407,11,1,945678934
0.243507329537307,0.667318031679212,11,1,945678934
0.0491898196898362,0.591695119472161,11,1,945678934
0.663355524530963,0.276689883324027,11,1,945678934
0.313680120952747,0.554113682811753,11,1,945678934
0.794071990883413,0.656940188906767,11,1,945678934
0.401279957127555,0.0546757717186903,11,1,945678934
0.533318848639754,0.465793238014147,11,1,945678934
0.163893824963899,0.309428807174148,11,1,945678934
0.57868419230321,0.476203728650188,11,1,945678934
0.884380536784921,0.935593002210347,11,1,945678934
0.854426805539321,0.364286882927666,11,1,945678934
0.733303276931925,0.869294016380447,11,1,945678934
0.736317647691728,0.488626235112669,11,1,945678934
0.148775853329631,0.835279290597122,11,1,945678934
0.761974361135537,0.901243481466677,11,1,945678934
0.0961721704813705,0.379477171893346,11,1,945678934
0.768822658495422,0.00512207144635557,11,1,945678934
0.301094827015392,0.441942494099715,11,1,945678934
0.571434102847525,0.438346739204564,11,1,945678934
0.587733629837028,0.268330446230692,11,1,945678934
0.736203202174327,0.402139465713888,11,1,945678934
0.480839931999363,0.860851776085545,11,1,945678934
0.740348410388835,0.753933850136601,11,1,945678934
0.430169435588305,0.609674540783428,11,1,945678934
0.754753098013391,0.777880321677104,11,1,945678934
0.0432028638599302,0.135800600925547,11,1,945678934
0.46613627673532,0.894566326716156,11,1,945678934
0.29842260318066,0.830134428656061,11,1,945678934
0.997301007882182,0.0442713291085282,11,1,945678934
0.133391545532223,0.079628750258081,11,1,945678934
0.214333690166259,0.839401556055564,11,1,945678934
0.551129266419683,0.41726298690468,11,1,945678934
0.33414626657963,0.0798348437265863,11,1,945678934
0.200681262208599,0.902857597955087,11,1,945678934
0.685750984548613,0.932928573758457,11,1,945678934
0.896136900684288,0.860351527028924,11,1,945678934
0.393403577777925,0.656173860905863,11,1,945678934
0.142093326568304,0.665775422917574,11,1,945678934
0.315948223653314,0.949211278871563,11,1,945678934
0.976924060302735,0.775916695029934,11,1,945678934
0.745107580399973,0.145419622559209,11,1,945678934
0.781441333872942,0.718935704850873,11,1,945678934
0.0337613198254527,0.657857020871364,11,1,945678934
0.491471399101327,0.0511048602161257,11,1,945678934
0.83304669060959,0.801385458527635,11,1,945678934
0.09587671992799,0.371515160414314,11,1,945678934
0.188851241988721,0.326110574890258,11,1,945678934
0.892842314617501,0.378338683668271,11,1,945678934
0.386309567414316,0.266701592273352,11,1,945678934
0.894162158661764,0.787207317463332,11,1,945678934
0.457108539930664,0.0744890042005217,11,1,945678934
0.523077327523726,0.951615046698851,11,1,945678934
0.353623251291977,0.496128975951215,11,1,945678934
0.67160264034208,0.276100531502733,11,1,945678934
0.569438658451769,0.944919034184907,11,1,945678934
0.0269970183021677,0.402507637686583,11,1,945678934
0.436374836123787,0.356935918879511,11,1,945678934
0.131668904992278,0.806172193612672,11,1,945678934
0.973064509514872,0.598241628054177,11,1,945678934
0.493378740589956,0.364750895316765,11,1,945678934
0.787726616056084,0.123357007818929,11,1,945678934
0.0675451248297019,0.790580074281339,11,1,945678934
0.988690272556917,0.456371725360835,11,1,945678934
0.289994813415644,0.841048956814293,11,1,945678934
0.434056089683496,0.555376908464943,11,1,945678934
0.235935143764803,0.851339025157622,11,1,945678934
0.992317452002897,0.334373720697543,11,1,945678934
0.879577019957788,0.700221046766887,11,1,945678934
0.597118648773716,0.458398733959967,11,1,945678934
0.449518467077769,0.851923440164783,11,1,945678934
0.291759756853976,0.614010806432807,11,1,945678934
0.992676863400135,0.319894625047421,11,1,945678934
0.610012835645839,0.119044219161137,11,1,945678934
0.0316548290206677,0.288676740813729,11,1,945678934
0.29953274671961,0.00685334897085732,11,1,945678934
0.664090301650265,0.673095852894584,11,1,945678934
0.707269482881988,0.694231517990202,11,1,945678934
0.608938423911326,0.00020300323254574,11,1,945678934
0.998169834916277,0.587693047098075,11,1,945678934
0.995113984117482,0.533188067113167,11,1,945678934
0.694186612244181,0.568281453677616,11,1,945678934
0.219824959241853,0.792072031042349,11,1,945678934
0.914025974387855,0.299299712813836,11,1,945678934
0.191134124888662,0.316416018100948,11,1,945678934
0.583931654552054,0.715786586745731,11,1,945678934
0.760107707972903,0.108031369747704,11,1,945678934
0.238751426316524,0.797534672405245,11,1,945678934
0.620960933777385,0.74121706818695,11,1,945678934
0.212218750870127,0.268609868460987,11,1,945678934
0.0333178537888221,0.717342351863948,11,1,945678934
0.895138676638571,0.609396996962501,11,1,945678934
0.973119670696494,0.840198045457519,11,1,945678934
0.81523257761274,0.118694479911841,11,1,945678934
0.771227598009462,0.813538747002655,11,1,945678934
0.762310513231454,0.34635102516459,11,1,945678934
0.246951409307225,0.97156260145362,11,1,945678934
0.373546156110339,0.195969365461433,11,1,945678934
0.529643620381508,0.512257288557026,11,1,945678934
0.272293934958403,0.44050072974386,11,1,945678934
0.821612580818314,0.457744010902178,11,1,945678934
0.943430601660999,0.434231009963236,11,1,945678934
0.626935363929604,0.0649452735934946,11,1,945678934
0.1971385019983,0.656522693922086,11,1,945678934
0.672492324922329,0.387132960030019,11,1,945678934
0.490728873974608,0.905351026534291,11,1,945678934
0.936598749426884,0.180515234641832,11,1,945678934
0.376301928842188,0.847945349007864,11,1,945678934
0.817291060057588,0.663155439573403,11,1,945678934
0.970632961825192,0.479710894994682,11,1,945678934
0.734244298687462,0.336577240203267,11,1,945678934
0.197099822911827,0.974059844230374,11,1,945678934
0.918192515650043,0.269504977939935,11,1,945678934
0.994195921501205,0.130268006201398,11,1,945678934
0.47889922464698,0.538035437320587,11,1,945678934
0.83714232447431,0.301682821193364,11,1,945678934
0.350125788747193,0.404421027357325,11,1,945678934
0.0860253906439041,0.536078209691187,11,1,945678934
0.75973828758706,0.518285381866145,11,1,945678934
0.0955960700560405,0.283587880037814,11,1,945678934
0.979887757329362,0.247932769781586,11,1,945678934
0.765546656896587,0.469945207202732,11,1,945678934
0.278947584072665,0.37213998773838,11,1,945678934
0.0350022694623879,0.998508334643746,11,1,945678934
0.553183989127406,0.206914171698079,11,1,945678934
0.00980250910135183,0.270680190780612,11,1,945678934
0.439762695355649,0.123688220254359,11,1,945678934
0.636025470600747,0.302123733509014,11,1,945678934
0.987818603324892,0.238716460247231,11,1,945678934
0.235645529892842,0.835926411159355,11,1,945678934
0.606305413374341,0.726208285902164,11,1,945678934
0.238742231935635,0.953089986019156,11,1,945678934
0.186313887089667,0.78446296659059,11,1,945678934
0.40056601220751,0.394530001667223,11,1,945678934
0.32805308695573,0.421581689005973,11,1,945678934
0.220250819993433,0.492094873444843,11,1,945678934
0.045978366576219,0.538453044070018,11,1,945678934
0.317546493737555,0.57110125808746,11,1,945678934
0.30053665390051,0.425919322341557,11,1,945678934
0.261456912115918,0.439094202617777,11,1,945678934
0.166430646620988,0.896621710189211,11,1,945678934
0.545558133844907,0.552954234515127,11,1,945678934
0.595540835398517,0.833779183327241,11,1,945678934
0.377981879571456,0.437741273352268,11,1,945678934
0.582911884756821,0.345763579244135,11,1,945678934
0.12569668674753,0.100788226524473,11,1,945678934
0.762372235182532,0.232469986949314,11,1,945678934
0.363656279428238,0.592686669031934,11,1,945678934
0.731799917959685,0.641137408720071,11,1,945678934
0.260453651803269,0.318294993381093,11,1,945678934
0.0210038958958148,0.483078351815805,11,1,945678934
0.201318532358644,0.378227237489505,11,1,945678934
0.371721746495687,0.81090603370137,11,1,945678934
0.0530543815137179,0.114854509807033,11,1,945678934
0.294323641422938,0.534082931911286,11,1,945678934
0.701729605598363,0.19968710613817,11,1,945678934
0.145692932473925,0.561881501017772,11,1,945678934
0.820167434171491,0.69218576060242,11,1,945678934
0.461082892737702,0.624180683137917,11,1,945678934
0.725125644129399,0.59641173470057,11,1,945678934
0.4730489743171,0.502926283136333,11,1,945678934
0.273365993212043,0.304209874785117,11,1,945678934
0.190071690547037,0.733304779227773,11,1,945678934
0.442593206707456,0.578464740439191,11,1,945678934
0.27255855569784,0.339591042271974,11,1,945678934
0.0945485529922874,0.442653675585037,11,1,945678934
0.150425580381145,0.623302173887022,11,1,945678934
0.123296112300194,0.237277339103319,11,1,945678934
0.753780772173702,0.494450126150577,11,1,945678934
0.797397054575004,0.849182962802857,11,1,945678934
0.623582633383355,0.981934284054234,11,1,945678934
0.392054858196976,0.191917313202202,11,1,945678934
0.943656669211359,0.64225243974657,11,1,945678934
0.467734997610117,0.360925532286057,11,1,945678934
0.0944969995442504,0.356123428454635,11,1,945678934
0.380453632390132,0.298355321345075,11,1,945678934
0.839602256306435,0.936385537893471,11,1,945678934
0.608809064707188,0.549748242867616,11,1,945678934
0.324190945602622,0.64453325393711,11,1,945678934
0.37843742602479,0.99599485261752,11,1,945678934
0.796745796633451,0.471260248458865,11,1,945678934
0.600791357317067,0.385593135108282,11,1,945678934
0.967571576176512,0.770640477248857,11,1,945678934
0.887531975209058,0.47176571540101,11,1,945678934
0.0877019258535423,0.928029215818237,11,1,945678934
0.534384619380834,0.227272664503988,11,1,945678934
0.446810160319796,0.993001020365909,11,1,945678934
0.431116750791527,0.837519187476077,11,1,945678934
0.136419429665591,0.324970274177948,11,1,945678934
0.0324500619252897,0.0304629977266861,11,1,945678934
0.339065689620561,0.65971322017674,11,1,945678934
0.974915599008775,0.469151989825493,11,1,945678934
0.0466020331354582,0.590588625055314,11,1,945678934
0.258342395922756,0.446793688933276,11,1,945678934
0.16433128118968,0.665502947013857,11,1,945678934
0.135823765333666,0.359443376863025,11,1,945678934
0.975639870843692,0.7797839847263,11,1,945678934
0.823201189825953,0.575294451524716,11,1,945678934
0.751264448531895,0.174029701636501,11,1,945678934
0.240836544884853,0.79343574571683,11,1,945678934
0.759811274223338,0.915602140327602,11,1,945678934
0.357979860478845,0.354977576399276,11,1,945678934
0.031782944545774,0.605434624663629,11,1,945678934
0.14026871008731,0.687590582078666,11,1,945678934
0.560261269652788,0.222204610447375,11,1,945678934
0.655267918761239,0.495329667587389,11,1,945678934
0.735832672989036,0.778485708595468,11,1,945678934
0.279411814116454,0.0737629001807734,11,1,945678934
0.364395014380871,0.219923257869535,11,1,945678934
0.788324022286727,0.56297176023821,11,1,945678934
0.515305933551649,0.157298688658942,11,1,945678934
0.0508022916499318,0.035898541748715,11,1,945678934
0.327568142305745,0.687871635844794,11,1,945678934
0.772011867545426,0.422289946641224,11,1,945678934
0.407242769364458,0.513914054844413,11,1,945678934
0.9457698684649,0.861662139617854,11,1,945678934
0.854794685888522,0.0164096758251153,11,1,945678934
0.0823531110072588,0.112055677331195,11,1,945678934
0.958765707310593,0.339896394766666,11,1,945678934
0.0705214103438587,0.389921809281264,11,1,945678934
0.468757130317996,0.707675006956786,11,1,945678934
0.600399920422088,0.932860387679649,11,1,945678934
0.723078532751686,0.602548102180703,11,1,945678934
0.334916484678959,0.362151239805456,11,1,945678934
0.480665987104322,0.102025362426215,11,1,945678934
0.618461036854239,0.562994511903693,11,1,945678934
0.95189060667845,0.962853514063839,11,1,945678934
0.83290178760245,0.863839482755604,11,1,945678934
0.377990094789038,0.819045909299795,11,1,945678934
0.262991242256975,0.68433328153541,11,1,945678934
0.52365070385031,0.362528225826294,11,1,945678934
0.748426479650142,0.0996119643646614,11,1,945678934
0.493200620252587,0.960964645161869,11,1,945678934
0.0283512474379899,0.761068172112989,11,1,945678934
0.87705544400533,0.819219373555066,11,1,945678934
0.272066899298083,0.797045635384171,11,1,945678934
0.0537936441050402,0.557041274089802,11,1,945678934
0.519456405410178,0.453626722379894,11,1,945678934
0.566241151164298,0.450428821168665,11,1,945678934
0.398337156646197,0.339303124443161,11,1,945678934
0.846858222778367,0.0688407421238457,11,1,945678934
0.866377706187672,0.641492392118798,11,1,945678934
0.0318628381740833,0.747641536406201,11,1,945678934
0.428361388052525,0.208867944283571,11,1,945678934
0.131306226494288,0.476714136036378,11,1,945678934
0.144354631956048,0.556481581681184,11,1,945678934
0.987987022551135,0.379986809934186,11,1,945678934
0.569503281399717,0.87027737245998,11,1,945678934
0.792300777180867,0.982101621117348,11,1,945678934
0.821625759727218,0.91449272440394,11,1,945678934
0.316006105275507,0.657385762441367,11,1,945678934
0.280413969901295,0.0968571041342257,11,1,945678934
0.893148930220202,0.199148743624501,11,1,945678934
0.910837464199284,0.74800909490308,11,1,945678934
0.456531308886333,0.439956390190275,11,1,945678934
0.672638531151985,0.581229101412671,11,1,945678934
0.988623523778352,0.0732177442454516,11,1,945678934
0.966302116171995,0.0728974109668048,11,1,945678934
0.132882707365949,0.198830454305845,11,1,945678934
0.000540104902276184,0.797757761963185,11,1,945678934
0.825062938125774,0.609075558260607,11,1,945678934
0.11713452368778,0.173982239357479,11,1,945678934
0.851897173318833,0.581315969056588,11,1,945678934
0.0839887625854141,0.861444696114924,11,1,945678934
0.694942216226087,0.111755812757487,11,1,945678934
0.797017414815143,0.0266948836905558,11,1,945678934
0.472561071860254,0.127421553039537,11,1,945678934
0.469553754998123,0.348259429539654,11,1,945678934
0.829825981342008,0.19230034728876,11,1,945678934
0.731370655710238,0.406705403513392,11,1,945678934
0.729309729583162,0.648041154954037,11,1,945678934
0.747494721093068,0.552192561073372,11,1,945678934
0.296618636876272,0.43922742954936,11,1,945678934
0.901222243441807,0.800560537285195,11,1,945678934
0.672296712261093,0.246705067179773,11,1,945678934
0.0354809598684735,0.645277299629325,11,1,945678934
0.703082588512147,0.651014174529983,11,1,945678934
0.58288733352107,0.449955161838504,11,1,945678934
0.819928451920267,0.678586328764387,11,1,945678934
0.599859278081843,0.487206480737512,11,1,945678934
0.067292067402291,0.561740606244199,11,1,945678934
0.177561494195957,0.120325292633113,11,1,945678934
0.435172942170762,0.710508042395165,11,1,945678934
0.598076179950217,0.651460414349359,11,1,945678934
0.884996526907341,0.923484424191799,11,1,945678934
0.979208194455565,0.465453589382582,11,1,945678934
0.256100442624517,0.572725822364403,11,1,945678934
0.586226020414017,0.0958383910234595,11,1,945678934
0.608650360759595,0.564775024597748,11,1,945678934
0.742593576402578,0.771991341055013,11,1,945678934
0.463004539272274,0.0811873167759494,11,1,945678934
0.365272121009012,0.0636109651593104,11,1,945678934
0.793435414419877,0.425075569512346,11,1,945678934
0.641784840574281,0.607917942327004,11,1,945678934
0.78835672220752,0.141571780208093,11,1,945678934
0.348108175333923,0.904217083250152,11,1,945678934
0.872653666244785,0.851797437179229,11,1,945678934
0.618411442379345,0.779666545831252,11,1,945678934
0.2960935235984,0.0680581282932187,11,1,945678934
0.696525911264271,0.847702415103408,11,1,945678934
0.624699809771766,0.686699457138393,11,1,945678934
0.0629291684660624,0.115048313536841,11,1,945678934
0.131717865488051,0.44526536906055,11,1,945678934
0.521308912010924,0.353179630636249,11,1,945678934
0.986848414184609,0.44432429403048,11,1,945678934
0.57453821407241,0.950924791955869,11,1,945678934
0.200382472247,0.793989933725462,11,1,945678934
0.11990495840732,0.449483093355003,11,1,945678934
0.863549806422922,0.222626928051357,11,1,945678934
0.914096271882216,0.123038668378295,11,1,945678934
0.0285545255872597,0.378417491106198,11,1,945678934
0.489458357723498,0.346073824376398,11,1,945678934
0.829623074993098,0.775442129124583,11,1,945678934
0.785971404547367,0.0728789042962239,11,1,945678934
0.735814610933265,0.622447123988611,11,1,945678934
0.583344136753379,0.365682584318437,11,1,945678934
0.25866076955719,0.0833739187432156,11,1,945678934
0.970927668779479,0.606707506543783,11,1,945678934
0.747373770807613,0.173338632638985,11,1,945678934
0.937014374313465,0.697567942562879,11,1,945678934
0.983131929511075,0.319456733615314,11,1,945678934
0.346968854453358,0.338474507012549,11,1,945678934
0.384541206432888,0.730654190127269,11,1,945678934
0.954359448958038,0.613819531281598,11,1,945678934
0.841014499180815,0.409269740934419,11,1,945678934
0.376752368005652,0.838972082338199,11,1,945678934
0.172895095567612,0.00654240177344168,11,1,945678934
0.638246180102008,0.865759721102255,11,1,945678934
0.871439561693225,0.225173663799125,11,1,945678934
0.445896425093069,0.283080361047061,11,1,945678934
0.804016287073196,0.529470344816755,11,1,945678934
0.735805597350341,0.42483918633499,11,1,945678934
0.935112670236578,0.970306901817899,11,1,945678934
0.702563377134021,0.698262755538976,11,1,945678934
0.153584151589348,0.388095548274056,11,1,945678934
0.722864032784044,0.108334636984201,11,1,945678934
0.885667222260362,0.333157135836564,11,1,945678934
0.243695994709025,0.979414517007033,11,1,486589321
0.438008391826294,0.664306522856696,11,1,486589321
0.860786259713233,0.996329427906087,11,1,486589321
0.58251911782778,0.786807723034847,11,1,486589321
0.599547954949105,0.416304573053439,11,1,486589321
0.419321061590725,0.44057353923184,11,1,486589321
0.727942606178402,0.265573306436209,11,1,486589321
0.0338223825154196,0.0592714957441522,11,1,486589321
0.767076879776867,0.291664352646532,11,1,486589321
0.811457646150982,0.380520753436475,11,1,486589321
0.279103611626331,0.170369159698579,11,1,486589321
0.276335749855078,0.17370372564536,11,1,486589321
0.466174128383383,0.610269614056064,11,1,486589321
0.882473398244439,0.303240579094834,11,1,486589321
0.259347067858582,0.410938128074733,11,1,486589321
0.779286856079421,0.128650955953331,11,1,486589321
0.407851826500393,0.516689228265625,11,1,486589321
0.530874296643105,0.407458729965734,11,1,486589321
0.759300100491809,0.831797703922469,11,1,486589321
0.0333408557305255,0.300711363211226,11,1,486589321
0.715259260527709,0.861606812520619,11,1,486589321
0.183507468875033,0.438981815566449,11,1,486589321
0.257262557744277,0.175268001122421,11,1,486589321
0.270949323925338,0.128110435026396,11,1,486589321
0.746655536654272,0.457346535662824,11,1,486589321
0.559993706312706,0.290173800232673,11,1,486589321
0.472369302391474,0.154518394848489,11,1,486589321
0.211326240799186,0.851716611018714,11,1,486589321
0.289861366082012,0.00363581053553386,11,1,486589321
0.0198591382598838,0.435413744086777,11,1,486589321
0.120952773617474,0.478723129536651,11,1,486589321
0.0979668919376082,0.0572858949751183,11,1,486589321
0.500685277114095,0.435997183658432,11,1,486589321
0.929777802643326,0.065358894968722,11,1,486589321
0.982695585490587,0.23222108345408,11,1,486589321
0.25071362464841,0.772997096859449,11,1,486589321
0.512545847874398,0.411472281113768,11,1,486589321
0.726999311760183,0.630960223522332,11,1,486589321
0.0885735356961503,0.691129160256217,11,1,486589321
0.990049988944205,0.780511390994612,11,1,486589321
0.748726671560967,0.957426914732464,11,1,486589321
0.971662765223568,0.740616648466321,11,1,486589321
0.394670000396306,0.138976251351682,11,1,486589321
0.487687935093136,0.475274753052633,11,1,486589321
0.821884908340403,0.833426778145262,11,1,486589321
0.0420586070604498,0.0156019414467252,11,1,486589321
0.207547940585613,0.120164462063806,11,1,486589321
0.946279710006316,0.101721160757348,11,1,486589321
0.489556700685555,0.955729972897183,11,1,486589321
0.582629192807463,0.100807850608413,11,1,486589321
0.933267994744304,0.725881956550976,11,1,486589321
0.398238951946067,0.422601681625742,11,1,486589321
0.906028423128759,0.483349513126146,11,1,486589321
0.139223221090917,0.00305034655500425,11,1,486589321
0.679108066569224,0.101182418031718,11,1,486589321
0.767178803086504,0.723666461980589,11,1,486589321
0.490279789302773,0.591103848286157,11,1,486589321
0.231967353236953,0.698586725768772,11,1,486589321
0.984768135976386,0.00589245422242168,11,1,486589321
0.366183695828605,0.214771568908517,11,1,486589321
0.120778157799787,0.579707706694536,11,1,486589321
0.830632962305347,0.927093454329284,11,1,486589321
0.000492927301974255,0.618549310673629,11,1,486589321
0.73418982129526,0.352838322443291,11,1,486589321
0.984123207732492,0.0281065974532506,11,1,486589321
0.449876948831446,0.20731079082175,11,1,486589321
0.23520050725673,0.198438135692168,11,1,486589321
0.049084984373859,0.864491237766383,11,1,486589321
0.420566468767208,0.107456784794368,11,1,486589321
0.746571964738978,0.724325983104848,11,1,486589321
0.62097884162776,0.671978410482451,11,1,486589321
0.29185954940346,0.559042613081082,11,1,486589321
0.789234219359217,0.563723716336415,11,1,486589321
0.637055095077546,0.647582295075911,11,1,486589321
0.329542158120878,0.502306095713758,11,1,486589321
0.365220219920774,0.436316718748688,11,1,486589321
0.0462188486966388,0.963454429165196,11,1,486589321
0.815364436240922,0.0331462470831534,11,1,486589321
0.778631912390979,0.796643080063071,11,1,486589321
0.240633655594245,0.22011727868038,11,1,486589321
0.843230347301218,0.693700210231978,11,1,486589321
0.890940248148959,0.764313882391734,11,1,486589321
0.901636408446464,0.327089841948758,11,1,486589321
0.45320410921944,0.53494877863195,11,1,486589321
0.531698380850544,0.489908181389475,11,1,486589321
0.208586774576069,0.987941719534135,11,1,486589321
0.65765411600197,0.986254903573065,11,1,486589321
0.894112753199568,0.974408193233619,11,1,486589321
0.357982418757884,0.838722946098608,11,1,486589321
0.15355831621999,0.595547418084709,11,1,486589321
0.248723622906888,0.531756259851901,11,1,486589321
0.201999853172913,0.00875956002706069,11,1,486589321
0.557905068837995,0.820494399582638,11,1,486589321
0.326713070866308,0.39562854101941,11,1,486589321
0.155338590669735,0.526670262472502,11,1,486589321
0.0471741446787095,0.75409318819749,11,1,486589321
0.156053199387674,0.89943394260375,11,1,486589321
0.485042930262874,0.451808816332346,11,1,486589321
0.114980555891056,0.438811093301013,11,1,486589321
0.340969073012182,0.234111682807689,11,1,486589321
0.582574169384611,0.460764421682332,11,1,486589321
0.31679292886549,0.867432026377097,11,1,486589321
0.0658003521865633,0.284560282166811,11,1,486589321
0.802991743969908,0.760860433490206,11,1,486589321
0.370471582396247,0.241003524045796,11,1,486589321
0.0675205047735725,0.634864996164446,11,1,486589321
0.489041829059481,0.397357222460593,11,1,486589321
0.274693556539551,0.233095912743051,11,1,486589321
0.881094184057965,0.389494744457881,11,1,486589321
0.984403269511088,0.299078075728905,11,1,486589321
0.469389139044448,0.823363400875119,11,1,486589321
0.641365630245466,0.956246206566422,11,1,486589321
0.832170288350163,0.821171492911293,11,1,486589321
0.805357279269498,0.0639109337447845,11,1,486589321
0.3015920374046,0.204265341232868,11,1,486589321
0.910946919728149,0.696654381490652,11,1,486589321
0.836801155913387,0.572619865678186,11,1,486589321
0.996137243354902,0.256473274707141,11,1,486589321
0.0515501315084093,0.842752421503425,11,1,486589321
0.314340839037691,0.795168828272238,11,1,486589321
0.153869719686142,0.865916077971002,11,1,486589321
0.143432813583187,0.635077599666912,11,1,486589321
0.037547540863387,0.0566067388511478,11,1,486589321
0.965139211185945,0.129441663777674,11,1,486589321
0.795565486217194,0.00494723978749256,11,1,486589321
0.675995214253518,0.395969330610131,11,1,486589321
0.337502306420142,0.598743233665573,11,1,486589321
0.452220576228968,0.206483498510537,11,1,486589321
0.178722494435325,0.180712846140485,11,1,486589321
0.202762454760665,0.370808794506981,11,1,486589321
0.0812099274478439,0.315590750038976,11,1,486589321
0.734333972757906,0.328236336490379,11,1,486589321
0.520226824397204,0.583867650268196,11,1,486589321
0.517787437631182,0.858647151374719,11,1,486589321
0.811134470243612,0.79639475497461,11,1,486589321
0.84161339820835,0.212316118139633,11,1,486589321
0.258935042395255,0.124660828994842,11,1,486589321
0.515275328609748,0.688906624984098,11,1,486589321
0.0882866858679843,0.888559476089006,11,1,486589321
0.944461918192256,0.0331016294846087,11,1,486589321
0.0523558942920688,0.336004678899774,11,1,486589321
0.343283134344309,0.0504517590200866,11,1,486589321
0.520447705515204,0.623697464548957,11,1,486589321
0.500087263618903,0.497264310569531,11,1,486589321
0.235922090618,0.839346430419782,11,1,486589321
0.0560902819464699,0.206156246324737,11,1,486589321
0.877471401367394,0.475395947175256,11,1,486589321
0.908805362313831,0.0340016812766795,11,1,486589321
0.860500450690747,0.524505135986725,11,1,486589321
0.00103254142196851,0.473703373288309,11,1,486589321
0.239612719151725,0.817511719716443,11,1,486589321
0.324109071010927,0.710905474353224,11,1,486589321
0.84142120433696,0.636020488195545,11,1,486589321
0.765862316708509,0.256292642118059,11,1,486589321
0.446744306372417,0.210899567638601,11,1,486589321
0.962418684267074,0.58461864169343,11,1,486589321
0.996670136311009,0.852625971487261,11,1,486589321
0.737841724013755,0.458434545216749,11,1,486589321
0.878072533101733,0.221775682462531,11,1,486589321
0.395713020007997,0.758427063742225,11,1,486589321
0.346174813493964,0.995509540120346,11,1,486589321
0.645795230968077,0.223507724192457,11,1,486589321
0.600000741086101,0.83923442043558,11,1,486589321
0.953874307152017,0.701844419721021,11,1,486589321
0.170812660474868,0.65749167747287,11,1,486589321
0.457788348538185,0.133599368301964,11,1,486589321
0.886614426194697,0.250708793614463,11,1,486589321
0.358216285546435,0.83527834751153,11,1,486589321
0.529998415762322,0.0926033164247517,11,1,486589321
0.0926990038481916,0.757091825578502,11,1,486589321
0.436016173328744,0.152128143994801,11,1,486589321
0.321997818907654,0.204072497699401,11,1,486589321
0.973792801124417,0.5562784304718,11,1,486589321
0.838318569516459,0.124412990694015,11,1,486589321
0.466046594502097,0.0340146981434917,11,1,486589321
0.436688626946493,0.139960951120473,11,1,486589321
0.84054450795986,0.383218156005266,11,1,486589321
0.247029437814898,0.455742536880159,11,1,486589321
0.65115683560496,0.455221491605732,11,1,486589321
0.487216902096655,0.887217025863079,11,1,486589321
0.349280759369954,0.0259622775601649,11,1,486589321
0.18861632445232,0.935055116582828,11,1,486589321
0.970806967516117,0.350564352634307,11,1,486589321
0.0830462332685786,0.0782618375689275,11,1,486589321
0.40995750707816,0.580130162558842,11,1,486589321
0.511231733543859,0.149857519757247,11,1,486589321
0.0708826067871879,0.745136622205603,11,1,486589321
0.854557167514463,0.858406426821586,11,1,486589321
0.545583058145665,0.641759414928318,11,1,486589321
0.916933770283761,0.962793978499771,11,1,486589321
0.903512879352409,0.587249713454959,11,1,486589321
0.223652179804855,0.235657348516122,11,1,486589321
0.922988985903321,0.66715967916616,11,1,486589321
0.677472568818257,0.335043936749776,11,1,486589321
0.181534906866791,0.0954746340036969,11,1,486589321
0.948507558975959,0.520206108890084,11,1,486589321
0.0823524893809113,0.180660047152342,11,1,486589321
0.900319463071464,0.608895431681886,11,1,486589321
0.212774916025391,0.918326889948798,11,1,486589321
0.868434144553639,0.96411083427837,11,1,486589321
0.169324281898656,0.415589485445991,11,1,486589321
0.804431369630017,0.925986272596472,11,1,486589321
0.947563732471051,0.890134256422267,11,1,486589321
0.471970971897873,0.548846579956648,11,1,486589321
0.506977317245388,0.838246657571347,11,1,486589321
0.680538612130344,0.446846571719799,11,1,486589321
0.872341338474701,0.940710316377209,11,1,486589321
0.895077535310342,0.764044835621524,11,1,486589321
0.639742651252125,0.77691535103198,11,1,486589321
0.0839592691480471,0.192497825657956,11,1,486589321
0.846315333063709,0.438441689931203,11,1,486589321
0.681809635154148,0.786958282874066,11,1,486589321
0.772132469605256,0.7436054871548,11,1,486589321
0.604031466957643,0.978586949115379,11,1,486589321
0.965470873471458,0.790474838995813,11,1,486589321
0.173746506942569,0.440599698511618,11,1,486589321
0.344908336401291,0.276530270548595,11,1,486589321
0.435477919748066,0.848761745490497,11,1,486589321
0.593793309712531,0.628189119880881,11,1,486589321
0.70445031209202,0.471946984127887,11,1,486589321
0.757444130937935,0.852589042898932,11,1,486589321
0.44679333189224,0.651555563396466,11,1,486589321
0.954441578512883,0.582024031114616,11,1,486589321
0.978112801285913,0.801699790614123,11,1,486589321
0.100648633035198,0.548719641289396,11,1,486589321
0.827709233250507,0.210598016843181,11,1,486589321
0.19109310818194,0.962985810299074,11,1,486589321
0.782610111144843,0.331048945236218,11,1,486589321
0.885682470213446,0.951812328737552,11,1,486589321
0.73060390255583,0.0100537223651633,11,1,486589321
0.525285305130498,0.175837607082252,11,1,486589321
0.776881301244387,0.0294599632692567,11,1,486589321
0.214481484071951,0.162036326190709,11,1,486589321
0.782504397696673,0.418993996083395,11,1,486589321
0.381793753599426,0.292147539535843,11,1,486589321
0.325076666087748,0.47670427186069,11,1,486589321
0.0591576311604669,0.444449871121881,11,1,486589321
0.970818561760183,0.428923658267307,11,1,486589321
0.195199796220472,0.688207365029339,11,1,486589321
0.112596861346604,0.266633214777897,11,1,486589321
0.181630432936016,0.252626018972868,11,1,486589321
0.361478734728555,0.369330915484053,11,1,486589321
0.185994326414565,0.325201095414852,11,1,486589321
0.0287360092096369,0.841319705156694,11,1,486589321
0.0549400250476886,0.323486097579216,11,1,486589321
0.959558673360077,0.924028274198172,11,1,486589321
0.1616268175131,0.614196243327892,11,1,486589321
0.917321686621621,0.630716567295212,11,1,486589321
0.572484456660774,0.699031151972157,11,1,486589321
0.460674751694342,0.020144583312935,11,1,486589321
0.822485757198541,0.265445394457909,11,1,486589321
0.767106078663527,0.494784450099453,11,1,486589321
0.438560541957667,0.561884133629366,11,1,486589321
0.0890951433346054,0.846459764521055,11,1,486589321
0.383686022942595,0.91741154348931,11,1,486589321
0.45644448610165,0.64962641949834,11,1,486589321
0.3331594430843,0.667439748402693,11,1,486589321
0.441616480297873,0.111303473145254,11,1,486589321
0.758793253403949,0.554163905666463,11,1,486589321
0.520208731864802,0.109009869546558,11,1,486589321
0.817103969479018,0.0272271239318249,11,1,486589321
0.757861761606525,0.459501569206959,11,1,486589321
0.221535227580979,0.68179395781124,11,1,486589321
0.667163316627364,0.488574726139452,11,1,486589321
0.438576496521618,0.735748408649904,11,1,486589321
0.755688551349273,0.841999442709838,11,1,486589321
0.293273895101269,0.186388665150305,11,1,486589321
0.400069106308103,0.0066713129192193,11,1,486589321
0.130147525538324,0.49409574964907,11,1,486589321
0.871405152570556,0.800969210771961,11,1,486589321
0.97975333553398,0.233625466380881,11,1,486589321
0.0676101337317121,0.477386939949731,11,1,486589321
0.0533218837612877,0.743127163769025,11,1,486589321
0.727114186051031,0.435873027894131,11,1,486589321
4.90211658643602E-06,0.815392465675135,11,1,486589321
0.465604395442227,0.451014118409522,11,1,486589321
0.812856465438601,0.599248328105825,11,1,486589321
0.922134689127395,0.764158562283415,11,1,486589321
0.243253593748838,0.389311915558269,11,1,486589321
0.668892047876053,0.182087737624235,11,1,486589321
0.880959355478892,0.662590324458249,11,1,486589321
0.215594981189381,0.796411539537356,11,1,486589321
0.109965206139906,0.380482393487398,11,1,486589321
0.848714554938109,0.0691817187117949,11,1,486589321
0.646247347343869,0.495169843969929,11,1,486589321
0.186803285103048,0.661322833440946,11,1,486589321
0.78778348421968,0.52043484172937,11,1,486589321
0.785068734840553,0.723389416547842,11,1,486589321
0.979751412832209,0.689350117223761,11,1,486589321
0.343343231007395,0.216622172543401,11,1,486589321
0.495757130814824,0.381355649768422,11,1,486589321
0.049706803916207,0.159508007311254,11,1,486589321
0.889476202227251,0.989600971609503,11,1,486589321
0.635290857867961,0.464664351977025,11,1,486589321
0.578903762102489,0.602222779408824,11,1,486589321
0.608037486601976,0.280275622860055,11,1,486589321
0.888719916563599,0.570075181328323,11,1,486589321
0.331872777135556,0.875013263006778,11,1,486589321
0.843090782841735,0.0163141199580545,11,1,486589321
0.502872228473992,0.844200084181699,11,1,486589321
0.806575172583472,0.393897022018691,11,1,486589321
0.96918862667814,0.278193594091515,11,1,486589321
0.398380459312101,0.451214625947711,11,1,486589321
0.678188706681007,0.936212776751775,11,1,486589321
0.856587128681161,0.599740524234529,11,1,486589321
0.432903087613097,0.788649625657262,11,1,486589321
0.375303376110948,0.750694862788231,11,1,486589321
0.141673768109758,0.0952379579234872,11,1,486589321
0.0141021280523903,0.317659569477684,11,1,486589321
0.0299737363309101,0.0671133059230211,11,1,486589321
0.45435702816969,0.14180493259333,11,1,486589321
0.0895631462783069,0.268857762487647,11,1,486589321
0.510015867287274,0.697253823462583,11,1,486589321
0.721094552169379,0.891055789789115,11,1,486589321
0.379198364305147,0.546535658556747,11,1,486589321
0.0191337300452261,0.350063300172017,11,1,486589321
0.998187675215325,0.65432259586915,11,1,486589321
0.31154657166425,0.269692274104206,11,1,486589321
0.452378882541168,0.655411368175812,11,1,486589321
0.47548580219081,0.502543911074557,11,1,486589321
0.736387230031995,0.586889598941672,11,1,486589321
0.977825672323529,0.701256830577731,11,1,486589321
0.163665739334687,0.07629007800579,11,1,486589321
0.981473111344604,0.519646467043101,11,1,486589321
0.770199619966674,0.125725182057881,11,1,486589321
0.748396811871062,0.73479480451248,11,1,486589321
0.729486029799812,0.652605991916696,11,1,486589321
0.711159619627914,0.466596570049691,11,1,486589321
0.972317735054486,0.896661175508209,11,1,486589321
0.0331591019754081,0.312242595423669,11,1,486589321
0.989710051092205,0.0653871065070619,11,1,486589321
0.0871353325581297,0.325492800707608,11,1,486589321
0.071251873776724,0.0758737190891696,11,1,486589321
0.664148621444376,0.776052759897003,11,1,486589321
0.18004829737857,0.403695901628163,11,1,486589321
0.389167845948048,0.265810849631822,11,1,486589321
0.273461176792227,0.509127974484787,11,1,486589321
0.873004853315465,0.640906148875066,11,1,486589321
0.21360225042506,0.982555886455628,11,1,486589321
0.0931489966213763,0.282950838646288,11,1,486589321
0.307298117877754,0.513359145725079,11,1,486589321
0.278491361317153,0.873121015786225,11,1,486589321
0.802393351526215,0.316122744525783,11,1,486589321
0.943817770240307,0.456678333364414,11,1,486589321
0.636934216851105,0.0371054684093517,11,1,486589321
0.150404567814376,0.391312913302022,11,1,486589321
0.428050917332362,0.290448197837107,11,1,486589321
0.601774037765592,0.179590562794837,11,1,486589321
0.587862683248485,0.645769367133523,11,1,486589321
0.731330343523412,0.0835114078767221,11,1,486589321
0.341405225921616,0.34141125279853,11,1,486589321
0.752675322250265,0.379852563624215,11,1,486589321
0.775858919206074,0.105762932957684,11,1,486589321
0.94303764760023,0.371406785288734,11,1,486589321
0.586610935407331,0.163765526036548,11,1,486589321
0.474930453052989,0.550382307338892,11,1,486589321
0.927903839630174,0.805809117548682,11,1,486589321
0.0178266546831023,0.0890397337406734,11,1,486589321
0.387560124273463,0.0335806457253627,11,1,486589321
0.304634220214076,0.849459519893857,11,1,486589321
0.871513444628714,0.763105519989863,11,1,486589321
0.178489125949084,0.0206037102249221,11,1,486589321
0.0345610251482162,0.349492375183023,11,1,486589321
0.818760561624974,0.753053592179237,11,1,486589321
0.0421938538894748,0.49790736537075,11,1,486589321
0.377672818601217,0.979439961572752,11,1,486589321
0.292868741045093,0.373338950204509,11,1,486589321
0.115949012977004,0.759351463488189,11,1,486589321
0.122781266928002,0.0122918476642795,11,1,486589321
0.658090282097124,0.362330222694902,11,1,486589321
0.538537564107387,0.947274429190086,11,1,486589321
0.205815159456297,0.772476008196893,11,1,486589321
0.524049309331284,0.774341828373058,11,1,486589321
0.113409636843919,0.769992871951809,11,1,486589321
0.399454024821187,0.936708993387058,11,1,486589321
0.0815541790159993,0.907975015005889,11,1,486589321
0.959561124079746,0.133054871918381,11,1,486589321
0.0171092105490276,0.0718488640196844,11,1,486589321
0.425774143446526,0.885980222572169,11,1,486589321
0.0992994888113063,0.199330034742601,11,1,486589321
0.815174181274105,0.541182517814042,11,1,486589321
0.746269626736549,0.675043405111418,11,1,486589321
0.577279148698793,0.643019788003112,11,1,486589321
0.959967673076705,0.725891720040572,11,1,486589321
0.215539335166086,0.714417598856451,11,1,486589321
0.677297600634208,0.632927819678072,11,1,486589321
0.835552363097838,0.813362024367271,11,1,486589321
0.6315137414514,0.488139916782353,11,1,486589321
0.150642942409989,0.454862362443315,11,1,486589321
0.0388464187863331,0.309867978812355,11,1,486589321
0.867053752432711,0.865532417133877,11,1,486589321
0.3397539303918,0.382324999807491,11,1,486589321
0.085288472711758,0.758283390842718,11,1,486589321
0.958604106238457,0.888657437911577,11,1,486589321
0.609879134227779,0.299200297491747,11,1,486589321
0.217488443762396,0.344374534007311,11,1,486589321
0.406775490520229,0.204196158789896,11,1,486589321
0.73342298786707,0.220510299821896,11,1,486589321
0.277268580590562,0.671746771228936,11,1,486589321
0.410684156222793,0.242531738219907,11,1,486589321
0.60319755233057,0.505989752438324,11,1,486589321
0.637362800888703,0.065047289244287,11,1,486589321
0.973581121920353,0.617646116497125,11,1,486589321
0.708975961498236,0.845274274266687,11,1,486589321
0.251285274777282,0.855431647804049,11,1,486589321
0.195797527574932,0.0566073342449371,11,1,486589321
0.364126826511303,0.861718853955503,11,1,486589321
0.460489837827461,0.79631531102073,11,1,486589321
0.267199211890974,0.181991583769836,11,1,486589321
0.4728608776185,0.532687643413033,11,1,486589321
0.749514920420962,0.0843715053072023,11,1,486589321
0.668304707884198,0.442223578632267,11,1,486589321
0.878033881629327,0.804854269541594,11,1,486589321
0.647801450130741,0.653051720663852,11,1,486589321
0.876655214618086,0.850010719427138,11,1,486589321
0.173891861489782,0.789308499560208,11,1,486589321
0.397322798056071,0.994700596551928,11,1,486589321
0.993854522720829,0.977097955686488,11,1,486589321
0.329847402908725,0.807122698835183,11,1,486589321
0.0944953024640722,0.101821510995404,11,1,486589321
0.755816706516731,0.991151996907518,11,1,486589321
0.389596448347719,0.552049102656209,11,1,486589321
0.251724103598473,0.00607454136359742,11,1,486589321
0.143331983044543,0.644830549576187,11,1,486589321
0.961292621641928,0.049884793573431,11,1,486589321
0.672395074091462,0.318974006008677,11,1,486589321
0.860002381083065,0.0582332866172659,11,1,486589321
0.463915275798322,0.809264842632566,11,1,486589321
0.956122451490098,0.380826124707864,11,1,486589321
0.863226254741004,0.615832261261591,11,1,486589321
0.967348220432266,0.3351924149619,11,1,486589321
0.308853356720043,0.944815324872261,11,1,486589321
0.427241482639855,0.00773019092921157,11,1,486589321
0.0887525940761487,0.747709882949167,11,1,486589321
0.312181895809331,0.581762424889036,11,1,486589321
0.287283724538031,0.695893512182897,11,1,486589321
0.939113538378063,0.49409694941913,11,1,486589321
0.38819085264637,0.461357310340087,11,1,486589321
0.17969912007423,0.423002865367789,11,1,486589321
0.565221144352036,0.375580790020878,11,1,486589321
0.697375893572969,0.48019635662052,11,1,486589321
0.754100071046863,0.540547389426088,11,1,486589321
0.0617538748938058,0.116304195889077,11,1,486589321
0.316112230429107,0.848894659528695,11,1,486589321
0.703717384363337,0.84225853159736,11,1,486589321
0.72570808594274,0.520974530300917,11,1,486589321
0.0966573860306079,0.30049036812384,11,1,486589321
0.644430357176609,0.358249059378587,11,1,486589321
0.948469449988123,0.467940981723746,11,1,486589321
0.288099831992856,0.0245846546269182,11,1,486589321
0.628261381895732,0.0686766542799138,11,1,486589321
0.143368703698504,0.611528591362922,11,1,486589321
0.317823253728618,0.609238898951013,11,1,486589321
0.00763874638653927,0.989758466064594,11,1,486589321
0.571156793500508,0.463583679790515,11,1,486589321
0.555588115819095,0.974769008396965,11,1,486589321
0.121763310457371,0.350250297967354,11,1,486589321
0.151958322062258,0.916239995998646,11,1,486589321
0.125529957754267,0.839305969930396,11,1,486589321
0.974264255525749,0.80764350161742,11,1,486589321
0.770462207604568,0.0442011823978143,11,1,486589321
0.465994160248762,0.927688377707258,11,1,486589321
0.331704599894811,0.960553210903143,11,1,486589321
0.201119241411299,0.743866051311984,11,1,486589321
0.516691880014391,0.0741389152874801,11,1,486589321
0.629915590344238,0.813189515988668,11,1,486589321
0.876226798290457,0.0315684659916267,11,1,486589321
0.961073548385776,0.374191224826893,11,1,486589321
0.507722187473047,0.626849040528824,11,1,486589321
0.482284890382378,0.750900156934971,11,1,486589321
0.619995579469931,0.730058760363716,11,1,486589321
0.277157773303434,0.291570058139941,11,1,486589321
0.963627370163145,0.640803935198728,11,1,486589321
0.338457563306775,0.340525201017392,11,1,486589321
0.525250616109823,0.536588773440138,11,1,486589321
0.0294082681331163,0.925117418089739,11,1,486589321
0.29898756881651,0.535851957929601,11,1,486589321
0.570170213284026,0.673225039279606,11,1,486589321
0.673296574609303,0.0407149754858356,11,1,486589321
0.501733572857401,0.821314402799092,11,1,486589321
0.764561405495649,0.961463726497342,11,1,486589321
0.636168248597459,0.167223034944241,11,1,486589321
0.152644057541363,0.533858420035052,11,1,486589321
0.647604307875478,0.584341969171792,11,1,486589321
0.754649468885852,0.23049822858565,11,1,486589321
0.777684901379978,0.443907920832735,11,1,486589321
0.593816705842948,0.739898106046116,11,1,486589321
0.571399824039456,0.826021164531982,11,1,486589321
0.922492267506298,0.950803812551253,11,1,486589321
0.654873788061183,0.794985094272361,11,1,486589321
0.644939248256126,0.422022895263964,11,1,486589321
0.120662156505866,0.318618712052352,11,1,486589321
0.0621988703875931,0.699472330567358,11,1,486589321
0.843802571104526,0.0101981538498981,11,1,486589321
0.869167670013563,0.896351750592,11,1,486589321
0.427809308721747,0.547932179301509,11,1,486589321
0.90450818649466,0.557030139055214,11,1,486589321
0.760451329429634,0.707786433247218,11,1,486589321
0.336006901061986,0.18318156722408,11,1,486589321
0.824158917815423,0.196253449739773,11,1,486589321
0.477999647905774,0.855447667257492,11,1,486589321
0.267000976494107,0.59266079682659,11,1,486589321
0.538602365341171,0.97772006391737,11,1,486589321
0.416034558854993,0.0138727737629505,11,1,486589321
0.347729359709285,0.214360882733145,11,1,486589321
0.892018155716181,0.679416105511414,11,1,486589321
0.299572686988652,0.555821445848791,11,1,486589321
0.235518724093725,0.417436888782891,11,1,486589321
0.204602360731179,0.52047448183932,11,1,486589321
0.901124248285669,0.168952940067569,11,1,486589321
0.665233437860795,0.642620912172341,11,1,486589321
0.126295003643194,0.336707450716501,11,1,486589321
0.810676521756257,0.488776641954266,11,1,486589321
0.448694446547469,0.739563241736466,11,1,486589321
0.786359800469341,0.118206664121478,11,1,486589321
0.984883220429224,0.40485098395414,11,1,486589321
0.477713963222183,0.802920028177827,11,1,486589321
0.552729846624967,0.0824442096704034,11,1,486589321
0.335338801043116,0.549065137327876,11,1,486589321
0.452410498861241,0.0397784547183302,11,1,486589321
0.246304621873281,0.0840966745796916,11,1,486589321
0.681002277133607,0.0400922100888135,11,1,486589321
0.443908959063176,0.437151529468844,11,1,486589321
0.927863459646801,0.0892948038493491,11,1,486589321
0.147125383018445,0.453476407981443,11,1,486589321
0.300025403657129,0.0872151916552431,11,1,486589321
0.343697729333844,0.524383352717253,11,1,486589321
0.935136757611409,0.405703127066737,11,1,486589321
0.332790392886196,0.401568010986617,11,1,486589321
0.298881705802888,0.36802286963269,11,1,486589321
0.807412271019559,0.0932248778294595,11,1,486589321
0.44181802601715,0.30217213593343,11,1,486589321
0.386086437691892,0.740677180958601,11,1,486589321
0.601243284449521,0.839197919980457,11,1,486589321
0.342271532456983,0.317445101288564,11,1,486589321
0.338822353200483,0.0259578454332239,11,1,486589321
0.599024166000671,0.823186627490435,11,1,486589321
0.38273170501385,0.129485090655352,11,1,486589321
0.582178001823588,0.149782185925806,11,1,486589321
0.017311850252395,0.223915742300291,11,1,486589321
0.626640119239941,0.342509141280328,11,1,486589321
0.74083584028354,0.778700794644902,11,1,486589321
0.914779092334953,0.997487050616572,11,1,486589321
0.913188585675641,0.463519241249482,11,1,486589321
0.217065899812831,0.84739908117101,11,1,486589321
0.184560206514119,0.0352194763761364,11,1,486589321
0.949736044041542,0.297815505632016,11,1,486589321
0.330739913208666,0.801664938448455,11,1,486589321
0.673696871200483,0.969144884078425,11,1,486589321
0.70348498743227,0.969452251222368,11,1,486589321
0.908384441425193,0.937627456916705,11,1,486589321
0.105562329516012,0.493838386670783,11,1,486589321
0.72010040063659,0.607758476892059,11,1,486589321
0.908359921407499,0.574463835151577,11,1,486589321
0.528261622773701,0.111186525001209,11,1,486589321
0.058969352986499,0.0272895306805234,11,1,486589321
0.434417771416105,0.667384726474727,11,1,486589321
0.56369192484116,0.237437343241675,11,1,486589321
0.397106939030182,0.250536401491208,11,1,486589321
0.390539319087568,0.416313456283949,11,1,486589321
0.56795242064734,0.111160274129903,11,1,486589321
0.315099749953712,0.652017460025628,11,1,486589321
0.150524313291415,0.289121040916633,11,1,486589321
0.981670154789638,0.193223080540198,11,1,486589321
0.216300723726232,0.442692222598082,11,1,486589321
0.375051232900167,0.797028658026244,11,1,486589321
0.72724409348658,0.533703363255055,11,1,486589321
0.396975379310059,0.672456540602818,11,1,486589321
0.0626184052611616,0.818430288868435,11,1,486589321
0.0522322224361698,0.928627479696292,11,1,486589321
0.0891094853715431,0.238530937502899,11,1,486589321
0.100022190218437,0.68385663543812,11,1,486589321
0.17429198018996,0.891231047460546,11,1,486589321
0.821502446607351,0.840785494238666,11,1,486589321
0.0132176045154582,0.599996893057189,11,1,486589321
0.760101953067611,0.747985476791613,11,1,486589321
0.494469896582033,0.886303581082299,11,1,486589321
0.927248810106064,0.387323417189916,11,1,486589321
0.936850686733711,0.352977093456151,11,1,486589321
0.697135057096016,0.259435905364355,11,1,486589321
0.573798027143967,0.424503531266376,11,1,486589321
0.208348937144971,0.385757600176772,11,1,486589321
0.126669306949254,0.882952121098348,11,1,486589321
0.0252389027112967,0.311054421937047,11,1,486589321
0.148620190887509,0.699714144361242,11,1,486589321
0.569898633311865,0.452740106195719,11,1,486589321
0.131621816501981,0.649930083106375,11,1,486589321
0.824707418147399,0.747622928088967,11,1,486589321
0.7325393890551,0.516629446471236,11,1,486589321
0.00707150126277933,0.673736980646899,11,1,486589321
0.45570362586185,0.0479757392496643,11,1,486589321
0.152910872769656,0.733053199217007,11,1,486589321
0.42152749874828,0.974228987033936,11,1,486589321
0.242079717590369,0.991057909871741,11,1,486589321
0.00255643822988993,0.93203381078116,11,1,486589321
0.35106169947241,0.72940337747043,11,1,486589321
0.502823492402693,0.0387243262613328,11,1,486589321
0.113198832256949,0.566295469603854,11,1,486589321
0.901711471015481,0.354702397136698,11,1,486589321
0.46545410377186,0.539619535690284,11,1,486589321
0.199699612073297,0.156674313806092,11,1,486589321
0.681996622093895,0.954734314648897,11,1,486589321
0.705685912849777,0.604772707484583,11,1,486589321
0.357623301765305,0.120263041944873,11,1,486589321
0.309263240573754,0.92160002417231,11,1,486589321
0.64505109044466,0.277234385340764,11,1,486589321
0.600587777446709,0.316359300142462,11,1,486589321
0.129465533358955,0.12248686796565,11,1,486589321
0.879992688529013,0.958266531203113,11,1,486589321
0.397303282204935,0.978105494226473,11,1,486589321
0.553545974618683,0.856065270295405,11,1,486589321
0.366148542262725,0.82112142366412,11,1,486589321
0.866524764431192,0.265251898974107,11,1,486589321
0.844666577401199,0.376111035844638,11,1,486589321
0.840471158841252,0.342807162163437,11,1,486589321
0.78717913940178,0.44038468364494,11,1,486589321
0.306298423369637,0.879627036674695,11,1,486589321
0.511973088197577,0.0284475602115837,11,1,486589321
0.871778203391381,0.399827021256232,11,1,486589321
0.49368924546966,0.599398157353901,11,1,486589321
0.34796163403941,0.119479588364685,11,1,486589321
0.454505526166686,0.432332389522553,11,1,486589321
0.953394308173529,0.93808253168876,11,1,486589321
0.519589009329399,0.272358768277944,11,1,486589321
0.0704830978611009,0.354481884114984,11,1,486589321
0.052696301371312,0.289835197077667,11,1,486589321
0.567489467121578,0.560535330015341,11,1,486589321
0.551213186313543,0.696369921068553,11,1,486589321
0.625930855755371,0.388791579715493,11,1,486589321
0.869314599314305,0.558969749964629,11,1,486589321
0.410707134658666,0.641190204831244,11,1,486589321
0.0653478525778741,0.730117759463512,11,1,486589321
0.422558075641649,0.538898007170258,11,1,486589321
0.639531807456019,0.71096626608124,11,1,486589321
0.610108169068667,0.230272043024963,11,1,486589321
0.94713326090267,0.799950419600651,11,1,486589321
0.506968866447279,0.0283492729849399,11,1,486589321
0.451136776793814,0.145849124282351,11,1,486589321
0.255787377799144,0.406572699416546,11,1,486589321
0.074655140211112,0.341139997829259,11,1,486589321
0.0795287446033406,0.76216470043126,11,1,486589321
0.0642765367003617,0.891044747843888,11,1,486589321
0.627390013189957,0.3002146131141,11,1,486589321
0.202756267397084,0.80876161219495,11,1,486589321
0.60987247787339,0.679970311212624,11,1,486589321
0.758368177341705,0.0482036794246667,11,1,486589321
0.0391187861858411,0.423907341131549,11,1,486589321
0.766551319867401,0.951921026518678,11,1,486589321
0.602046344122968,0.973039532560783,11,1,486589321
0.838344278678493,0.156239305494958,11,1,486589321
0.882485241372027,0.127264571624734,11,1,486589321
0.0664589615191533,0.149989192065838,11,1,486589321
0.138708773130655,0.690336296479405,11,1,486589321
0.428657968539675,0.548820782500589,11,1,486589321
0.228130681757214,0.0276257482295028,11,1,486589321
0.187835490629253,0.874654438156856,11,1,486589321
0.78053440054368,0.734824799934849,11,1,486589321
