0.766780333738305,0.967298679098027,11,1,486589321
0.881688185901835,0.084890660699414,11,1,486589321
0.868029806794746,0.460676878229318,11,1,486589321
0.668341719914642,0.0951763775821606,11,1,486589321
0.32587094750984,0.831644282935528,11,1,486589321
0.552410535004831,0.68077580542349,11,1,486589321
0.284365341343565,0.755668656062099,11,1,486589321
0.0783896091361043,0.77817679827732,11,1,486589321
0.535266963503021,0.717606850768828,11,1,486589321
0.411597934340869,0.563511714161206,11,1,486589321
0.270188611702045,0.582134799927788,11,1,486589321
0.966400497848133,0.0539609673537269,11,1,486589321
0.0122767599733598,0.67422355100198,11,1,486589321
0.828439609192897,0.579080962540126,11,1,486589321
0.86628264432303,0.894636290733618,11,1,486589321
0.242104531454469,0.865936032579197,11,1,486589321
0.270207705615915,0.804612252769148,11,1,486589321
0.809291349100715,0.918340986910859,11,1,486589321
0.895704992228937,0.46968645527662,11,1,486589321
0.510124482568985,0.607444591848713,11,1,486589321
0.655085791745003,0.0749820333105193,11,1,486589321
0.460975515439482,0.0850154350477803,11,1,486589321
0.369122861177813,0.985135990222179,11,1,486589321
0.46967206872785,0.230470026799779,11,1,486589321
0.596492537920416,0.301954898903632,11,1,486589321
0.568499939925028,0.0774870693685781,11,1,486589321
0.889073942373632,0.440398517372545,11,1,486589321
0.619838732837638,0.289575843558695,11,1,486589321
0.546368070908137,0.774689156111057,11,1,486589321
0.748183030356048,0.844545628401447,11,1,486589321
0.0494488287475043,0.966757805989456,11,1,486589321
0.0308850249323225,0.122945078355653,11,1,486589321
0.200690127367979,0.858651969861613,11,1,486589321
0.311033663600084,0.0503546654963243,11,1,486589321
0.981607646480707,0.216459876653452,11,1,486589321
0.0282144289526762,0.579032614955374,11,1,486589321
0.610396280657374,0.997829786463011,11,1,486589321
0.731116148336608,0.72618388916694,11,1,486589321
0.551940309253178,0.65460001425476,11,1,486589321
0.574314261010291,0.753165985783041,11,1,486589321
0.44355856279428,0.10668108720072,11,1,486589321
0.938040101546577,0.280303636765394,11,1,486589321
0.448446776597451,0.225608274074706,11,1,486589321
0.650314416843373,0.419334868952281,11,1,486589321
0.40497729639981,0.127781554123127,11,1,486589321
0.119427445952146,0.0283947402998619,11,1,486589321
0.382373292908184,0.673280635041053,11,1,486589321
0.392542889758129,0.767917090344953,11,1,486589321
0.65522090647545,0.28281161347889,11,1,486589321
0.190972463402699,0.739938367165691,11,1,486589321
0.360980254382869,0.743305233925906,11,1,486589321
0.0348173332758694,0.568363752550207,11,1,486589321
0.44126242796726,0.362118313951956,11,1,486589321
0.950651857819163,0.411806185644406,11,1,486589321
0.527772981669101,0.91057945029482,11,1,486589321
0.809040333578911,0.460679939671728,11,1,486589321
0.86761022065972,0.224471751226141,11,1,486589321
0.885918717308011,0.0819547306199224,11,1,486589321
0.685856319750912,0.289859080114915,11,1,486589321
0.81042617263991,0.49176660184444,11,1,486589321
0.611356364907442,0.873851418487744,11,1,486589321
0.667406841142849,0.239236716333602,11,1,486589321
0.400137663552512,0.120371888803469,11,1,486589321
0.0160726864857121,0.0730763745941121,11,1,486589321
0.0669389499336279,0.300915965660901,11,1,486589321
0.700715902920527,0.829359022501931,11,1,486589321
0.00824557810567361,0.0184331541951643,11,1,486589321
0.463421983596835,0.210064534904927,11,1,486589321
0.257220222279827,0.89922842554746,11,1,486589321
0.359612042236752,0.764528632482952,11,1,486589321
0.468646580230309,0.346180208233134,11,1,486589321
0.170766069345212,0.585882636979687,11,1,486589321
0.369934781159434,0.838778379943543,11,1,486589321
0.492218239074564,0.896411407546341,11,1,486589321
0.28067186769564,0.748298231219602,11,1,486589321
0.984136732332958,0.519194457197611,11,1,486589321
0.489639541746314,0.781061059535301,11,1,486589321
0.897227327696323,0.370855176431556,11,1,486589321
0.441368125873738,0.7738678769166,11,1,486589321
0.649058550668776,0.713931335849153,11,1,486589321
0.379525629304743,0.821905189598454,11,1,486589321
0.713519340687861,0.826574389791866,11,1,486589321
0.44605403620558,0.750426015336746,11,1,486589321
0.590712830862032,0.617978171584549,11,1,486589321
0.279118717966622,0.581853957920416,11,1,486589321
0.538196112255616,0.152047651717909,11,1,486589321
0.769492434250577,0.775110590747834,11,1,486589321
0.0122408628621544,0.095263302253854,11,1,486589321
0.672509477357578,0.749597576459774,11,1,486589321
0.0377267078399672,0.0660978346278798,11,1,486589321
0.397860495861831,0.216900845218532,11,1,486589321
0.17425674482211,0.555762819255332,11,1,486589321
0.68989578726524,0.0131192066799573,11,1,486589321
0.0540975483248554,0.706973835231382,11,1,486589321
0.854182658746296,0.133469520238957,11,1,486589321
0.336469752175004,0.761555589270408,11,1,486589321
0.631393753182532,0.968947747140114,11,1,486589321
0.920209351900772,0.674009212153704,11,1,486589321
0.374070331568999,0.827878652225244,11,1,486589321
0.104362757649652,0.409838069474163,11,1,486589321
0.0706917464967098,0.596058728578091,11,1,486589321
0.112845475700876,0.734641580052029,11,1,486589321
0.264849185647582,0.736234498012125,11,1,486589321
0.70107405436593,0.532198188133838,11,1,486589321
0.670632145204289,0.033444363646125,11,1,486589321
0.00144058552816473,0.173536180667505,11,1,486589321
0.661481574400059,0.433052216231642,11,1,486589321
0.875506407191851,0.768108008995362,11,1,486589321
0.0601453912753271,0.634491777542352,11,1,486589321
0.499551358916582,0.598377816132901,11,1,486589321
0.0116182487533942,0.149179479522927,11,1,486589321
0.558409351912615,0.32094256381037,11,1,486589321
0.404261370795276,0.252221185640364,11,1,486589321
0.665087016276169,0.515130254438538,11,1,486589321
0.688302632824775,0.333382030971737,11,1,486589321
0.0369092936951159,0.760650605499596,11,1,486589321
0.241963209845065,0.00585577949612004,11,1,486589321
0.372133622916644,0.668970876358929,11,1,486589321
0.811031515589109,0.239860235095089,11,1,486589321
0.662030548925124,0.554570999603776,11,1,486589321
0.529104374987931,0.863975848947808,11,1,486589321
0.335050835935664,0.318041653931131,11,1,486589321
0.989290654033987,0.353611178342171,11,1,486589321
0.239763659336345,0.02022156838167,11,1,486589321
0.00758090141872092,0.550750540179416,11,1,486589321
0.694070481794755,0.380836691597289,11,1,486589321
0.177879054701843,0.78149292286108,11,1,486589321
0.06418006876451,0.180306081982228,11,1,486589321
0.00502810172626988,0.606082284182856,11,1,486589321
0.674553797926969,0.126625389039634,11,1,486589321
0.924417733260945,0.5443299393182,11,1,486589321
0.324063772464705,0.830397265384436,11,1,486589321
0.606912410141867,0.000475132636277742,11,1,486589321
0.700445301442697,0.795772120483569,11,1,486589321
0.489842989647637,0.234414840252106,11,1,486589321
0.621123835251106,0.590739603633508,11,1,486589321
0.450717037909008,0.82247720178382,11,1,486589321
0.830720007016119,0.154379503041538,11,1,486589321
0.513114596475144,0.461148481340268,11,1,486589321
0.913293050758844,0.25624220869613,11,1,486589321
0.569698280493713,0.752609329983958,11,1,486589321
0.738584332327888,0.568186661578108,11,1,486589321
0.103575301387826,0.881806960882644,11,1,486589321
0.502095462097339,0.783028827455008,11,1,486589321
0.183716112715579,0.319668260616344,11,1,486589321
0.60367496015216,0.560123982973545,11,1,486589321
0.408844121183183,0.14973418231047,11,1,486589321
0.690804077801707,0.380899340433191,11,1,486589321
0.369490952758714,0.487873498621345,11,1,486589321
0.302413340673059,0.79178246015977,11,1,486589321
0.944369013873777,0.141489693394902,11,1,486589321
0.833528129075066,0.760686691029485,11,1,486589321
0.117865178721293,0.298108256719528,11,1,486589321
0.685703019306587,0.280464312137046,11,1,486589321
0.381800480867963,0.200389967548323,11,1,486589321
0.973880829990748,0.446540899586404,11,1,486589321
0.291282467562503,0.65415642632509,11,1,486589321
0.899150206015665,0.770898315327997,11,1,486589321
0.266031824721602,0.288418174404928,11,1,486589321
0.236646473589374,0.0306472113146534,11,1,486589321
0.63365880585982,0.48053216437485,11,1,486589321
0.00113414279659452,0.251741202700061,11,1,486589321
0.0313889000425134,0.573749448317337,11,1,486589321
0.421568523628729,0.647112712662153,11,1,486589321
0.898809823521737,0.451687967012103,11,1,486589321
0.343949075777739,0.653279097525955,11,1,486589321
0.14398349264167,0.0161751366349969,11,1,486589321
0.865109365386566,0.234209456559679,11,1,486589321
0.744418334470741,0.0901151260416877,11,1,486589321
0.666918603606796,0.817244722804746,11,1,486589321
0.857750037098973,0.682394695857417,11,1,486589321
0.515484659097716,0.75785342849028,11,1,486589321
0.442005659627672,0.650941495893932,11,1,486589321
0.406797917032268,0.0111029059284942,11,1,486589321
0.246174905870267,0.353065302297543,11,1,486589321
0.946248496471815,0.932327452249258,11,1,486589321
0.628719870098374,0.135462205836622,11,1,486589321
0.299624995420316,0.696214510178047,11,1,486589321
0.419732654877237,0.0224216104390704,11,1,486589321
0.950280150371719,0.545923832179838,11,1,486589321
0.0943181900108963,0.986550303633778,11,1,486589321
0.573593894866887,0.978443545240316,11,1,486589321
0.127112884194972,0.925434314282582,11,1,486589321
0.386500334304802,0.185974477957876,11,1,486589321
0.121092939171628,0.0374949380285816,11,1,486589321
0.373605894029287,0.545164689022275,11,1,486589321
0.522975158910784,0.903648777693244,11,1,486589321
0.584090222669879,0.0192469484074969,11,1,486589321
0.693338865224256,0.671767569916693,11,1,486589321
0.433563742965934,0.127460347150112,11,1,486589321
0.0166714891245272,0.209870646956945,11,1,486589321
0.0375224698002841,0.237972923587085,11,1,486589321
0.130767361984662,0.585476317229548,11,1,486589321
0.0584288479685064,0.0069390152753086,11,1,486589321
0.607707370309235,0.988322873867577,11,1,486589321
0.133892801029095,0.701984010632145,11,1,486589321
0.0216521479239669,0.806542709670982,11,1,486589321
0.448962992415277,0.233591158812198,11,1,486589321
0.669010709727512,0.811828935020103,11,1,486589321
0.449540847591332,0.986257811939702,11,1,486589321
0.689778286738509,0.236238518496666,11,1,486589321
0.445877401531399,0.654370726283285,11,1,486589321
0.336625171605779,0.220747770417717,11,1,486589321
0.58299432774866,0.963659644825143,11,1,486589321
0.471201246656097,0.51495282474285,11,1,486589321
0.40531059641711,0.21067315659911,11,1,486589321
0.0164891343622984,0.628707655512817,11,1,486589321
0.925031263372959,0.258473644894162,11,1,486589321
0.600639533361409,0.358396920949576,11,1,486589321
0.504182798136998,0.601239278667236,11,1,486589321
0.511643719726345,0.0787931607153389,11,1,486589321
0.136705437589853,0.37532054505922,11,1,486589321
0.335943325924488,0.185963983472204,11,1,486589321
0.559541596926184,0.848618695569537,11,1,486589321
0.87414396927666,0.66717291844607,11,1,486589321
0.248527583656231,0.838454179715854,11,1,486589321
0.608204450026014,0.618588459497493,11,1,486589321
0.573947903263724,0.331045046862342,11,1,486589321
0.320217285265158,0.76663490536732,11,1,486589321
0.0813403553786571,0.423431879215668,11,1,486589321
0.125367088012694,0.279063480064185,11,1,486589321
0.894619422573471,0.958598409605135,11,1,486589321
0.994501068822389,0.216368303750428,11,1,486589321
0.290787217649813,0.50957852151229,11,1,486589321
0.188366344890762,0.525642841674097,11,1,486589321
0.829495266595685,0.792942682834838,11,1,486589321
0.776878370286404,0.722904964612003,11,1,486589321
0.00700457170323965,0.545502600332134,11,1,486589321
0.0905172387309756,0.832357952123605,11,1,486589321
0.618734761641901,0.291613384997395,11,1,486589321
0.676106740941917,0.833541352140765,11,1,486589321
0.733121818037396,0.525611805820452,11,1,486589321
0.86565776325753,0.683119073955173,11,1,486589321
0.206660824943203,0.678760918383029,11,1,486589321
0.986922129396647,0.99714502893149,11,1,486589321
0.20748092275385,0.78688029368519,11,1,486589321
0.614300183964815,0.818336195453582,11,1,486589321
0.942462897831326,0.751246794852727,11,1,486589321
0.631143620151942,0.955758452855603,11,1,486589321
0.703977713154135,0.975861699531754,11,1,486589321
0.586032676639905,0.716115115205557,11,1,486589321
0.694391811686195,0.104824211078553,11,1,486589321
0.969642235063141,0.845664606963733,11,1,486589321
0.770067942415521,0.295151476385861,11,1,486589321
0.0179907452345498,0.782721643887379,11,1,486589321
0.637689314758974,0.546432118618126,11,1,486589321
0.406533288144512,0.997630240471842,11,1,486589321
0.0900581316854532,0.950431556106202,11,1,486589321
0.125971228091011,0.212403071072837,11,1,486589321
0.200760299140951,0.492342775282512,11,1,486589321
0.839873808622226,0.274614172940616,11,1,486589321
0.907745191348844,0.361571231074266,11,1,486589321
0.237614953728356,0.850381822522319,11,1,486589321
0.649097686003518,0.331958258339076,11,1,486589321
0.460542073762886,0.857338781457011,11,1,486589321
0.146982572370404,0.672902780855568,11,1,486589321
0.0472453902290981,0.9479002072773,11,1,486589321
0.439198991732417,0.964513008803975,11,1,486589321
0.648439047709323,0.918077489134396,11,1,486589321
0.264168720993518,0.85077995511145,11,1,486589321
0.303795630815362,0.446092523438528,11,1,486589321
0.848684124644428,0.116539952926342,11,1,486589321
0.675251617083741,0.973678652597227,11,1,486589321
0.541170959205429,0.348568405252961,11,1,486589321
0.839326402759873,0.454016679041668,11,1,486589321
0.316878287827224,0.133939290412454,11,1,486589321
0.80968211794788,0.0383081241289336,11,1,486589321
0.329113163825554,0.790252846781338,11,1,486589321
0.0920619683330655,0.00639251037158761,11,1,486589321
0.421345889010506,0.843662125532839,11,1,486589321
0.930457289728601,0.749353017109033,11,1,486589321
0.305268423353245,0.473641834256864,11,1,486589321
0.420957665773719,0.590351855800579,11,1,486589321
0.720364802758079,0.503071722093462,11,1,486589321
0.415836456475147,0.0733055064407111,11,1,486589321
0.825898615592252,0.166514969092014,11,1,486589321
0.052869382863431,0.684898799865859,11,1,486589321
0.606294055088356,0.251452675801808,11,1,486589321
0.250395157218176,0.0377014383306795,11,1,486589321
0.351900039972059,0.845926079981832,11,1,486589321
0.420815976856871,0.420509326333793,11,1,486589321
0.246189345188359,0.756803983053029,11,1,486589321
0.18718250977572,0.448730267172809,11,1,486589321
0.417270351301636,0.816127404638181,11,1,486589321
0.557936494055527,0.768525186059348,11,1,486589321
0.216413140363224,0.000320254729621716,11,1,486589321
0.064916538764628,0.977454094746748,11,1,486589321
0.33681747044827,0.52658760903592,11,1,486589321
0.788377437927218,0.317620817488559,11,1,486589321
0.0801909239285266,0.806805709306825,11,1,486589321
0.669140272852773,0.597302435341232,11,1,486589321
0.962568470318758,0.705621285518221,11,1,486589321
0.873047693832031,0.0766230519155569,11,1,486589321
0.549297097590033,0.0785142365893776,11,1,486589321
0.00265565591345984,0.162376161793045,11,1,486589321
0.697524592121552,0.207226108564074,11,1,486589321
0.191804188268314,0.482973342729473,11,1,486589321
0.392057304758525,0.639363713439544,11,1,486589321
0.317991190388121,0.530550861473939,11,1,486589321
0.832987220377976,0.653261451955436,11,1,486589321
0.390440851971373,0.990320872719185,11,1,486589321
0.0524104880231562,0.997374784800876,11,1,486589321
0.856659096071773,0.847979218526183,11,1,486589321
0.770520339362592,0.140106781759029,11,1,486589321
0.934699805620692,0.228342055169929,11,1,486589321
0.246721427236784,0.277753914963836,11,1,486589321
0.343609380916308,0.636003085028934,11,1,486589321
0.549877078949094,0.669454428159749,11,1,486589321
0.802520527190495,0.616680739805394,11,1,486589321
0.370481754422936,0.772327996295013,11,1,486589321
0.585259706152173,0.440065128144243,11,1,486589321
0.689098586274778,0.81505841566314,11,1,486589321
0.807189356701621,0.101233987503477,11,1,486589321
0.906673133231253,0.431907222914078,11,1,486589321
0.976203606750804,0.730079305268109,11,1,486589321
0.87913834232243,0.851650542429709,11,1,486589321
0.002074274403566,0.18310521928797,11,1,486589321
0.226145254897055,0.590005660935201,11,1,486589321
0.589714805776653,0.418866904672647,11,1,486589321
0.129819326352258,0.285055079060307,11,1,486589321
0.112167370436192,0.0330508708835975,11,1,486589321
0.442077694787303,0.000709101732971895,11,1,486589321
0.890024800120081,0.521763784470628,11,1,486589321
0.598127606943228,0.149506200198567,11,1,486589321
0.747580728631214,0.459501811084773,11,1,486589321
0.539584840399633,0.489474693734316,11,1,486589321
0.909767665709465,0.957608706619876,11,1,486589321
0.60636159682473,0.672870212456447,11,1,486589321
0.133781565869561,0.198561225146269,11,1,486589321
0.691881757374138,0.514679469658041,11,1,486589321
0.763152221879105,0.667157228208996,11,1,486589321
0.261716604141535,0.034133964978655,11,1,486589321
0.434264812242994,0.276351176590447,11,1,486589321
0.528979706852058,0.133970132053196,11,1,486589321
0.000861222355629687,0.6053292099771,11,1,486589321
0.405310467400383,0.205400476057077,11,1,486589321
0.557743444391632,0.535046836682702,11,1,486589321
0.00415384829847287,0.0907219646487283,11,1,486589321
0.523146869376566,0.940411690154997,11,1,486589321
0.935331744183716,0.53286158308327,11,1,486589321
0.279034759373554,0.0927954993187043,11,1,486589321
0.243708103879882,0.235857649515816,11,1,486589321
0.169809615284929,0.576735454406018,11,1,486589321
0.606969729882336,0.953238276760041,11,1,486589321
0.716888908236475,0.351740260036344,11,1,486589321
0.0075621269877002,0.147921848711596,11,1,486589321
0.182213378584587,0.116115764341855,11,1,486589321
0.554743937573504,0.791640597358702,11,1,486589321
0.815293546051694,0.172094443373195,11,1,486589321
0.363485320986147,0.24966803295917,11,1,486589321
0.833489156452728,0.542858765039285,11,1,486589321
0.650897995740654,0.856781977521001,11,1,486589321
0.134029850139999,0.748191978345641,11,1,486589321
0.0808411763827879,0.459858696499691,11,1,486589321
0.315257965863064,0.817207085255747,11,1,486589321
0.416328194628811,0.35915793821885,11,1,486589321
0.576431382384975,0.476251256923413,11,1,486589321
0.600951704745662,0.287600917848705,11,1,486589321
0.814243640789479,0.953741496133137,11,1,486589321
0.582619857615908,0.632813796198396,11,1,486589321
0.32007178937446,0.82121633403657,11,1,486589321
0.655239712993353,0.434813108133799,11,1,486589321
0.781598826802471,0.106636370079913,11,1,486589321
0.965803605846209,0.78793300675181,11,1,486589321
0.553404878647,0.0709497519091045,11,1,486589321
0.115203491589849,0.146856738323543,11,1,486589321
0.331284141729478,0.259235049387054,11,1,486589321
0.954135521634211,0.883759807522019,11,1,486589321
0.286156189852423,0.54816905085297,11,1,486589321
0.366223801635034,0.152505863611337,11,1,486589321
0.403611536063394,0.953251213057377,11,1,486589321
0.804610195240357,0.745261360446677,11,1,486589321
0.963303157141241,0.250306418727723,11,1,486589321
0.554483606508091,0.13836323254274,11,1,486589321
0.776024081147889,0.880787431739261,11,1,486589321
0.971950350386423,0.292099943431855,11,1,486589321
0.465010278700914,0.161776849894347,11,1,486589321
0.822278543102003,0.939601270732811,11,1,486589321
0.252684533214671,0.662902649415007,11,1,486589321
0.533358724712562,0.0189559913919379,11,1,486589321
0.140770987635243,0.887656547421427,11,1,486589321
0.195595555390815,0.457609715876337,11,1,486589321
0.0706519719443,0.483513763102208,11,1,486589321
0.630592738790383,0.308003955404972,11,1,486589321
0.639655260842598,0.534996664069255,11,1,486589321
0.496130511851148,0.38399979218391,11,1,486589321
0.528119627669096,0.219448950053935,11,1,486589321
0.532118981716976,0.105611674237759,11,1,486589321
0.566271212949418,0.267332055812704,11,1,486589321
0.311179151445383,0.339181481186128,11,1,486589321
0.147826978513152,0.753111284249302,11,1,486589321
0.848999837113505,0.355516629295418,11,1,486589321
0.589567888466574,0.00871707883083417,11,1,486589321
0.373429281616327,0.201529562680185,11,1,486589321
0.750597318354216,0.136114215657698,11,1,486589321
0.814639470194479,0.168494460421666,11,1,486589321
0.480399730415062,0.615534523231616,11,1,486589321
0.516220880931997,0.527103317113009,11,1,486589321
0.865930465565474,0.883936851072573,11,1,486589321
0.880502613659422,0.248089244751779,11,1,486589321
0.806214669212295,0.351032821910836,11,1,486589321
0.0366747433154861,0.852799982006995,11,1,486589321
0.453492320895256,0.137451612091176,11,1,486589321
0.629289760479292,0.397674959221924,11,1,486589321
0.203853245001963,0.630888626390357,11,1,486589321
0.162072618828373,0.590179194232056,11,1,486589321
0.670537564828848,0.0278248914959711,11,1,486589321
0.464267385053306,0.00896472603655685,11,1,486589321
0.868048494556041,0.0998408375205355,11,1,486589321
0.449646056363642,0.465183972068643,11,1,486589321
0.167888345629661,0.557394091021331,11,1,486589321
0.999442563979908,0.330080649799809,11,1,486589321
0.410896296290215,0.552682231398056,11,1,486589321
0.735608344098516,0.771371694841837,11,1,486589321
0.0194134152566738,0.449591981886804,11,1,486589321
0.432193948836052,0.457909184338707,11,1,486589321
0.834155938737768,0.865856380020479,11,1,486589321
0.755257690050611,0.853680937303586,11,1,486589321
0.376227240326389,0.38925234495321,11,1,486589321
0.449376194802361,0.974353575122599,11,1,486589321
0.816249358950804,0.297248870333475,11,1,486589321
0.788433358834587,0.84588952496679,11,1,486589321
0.445267892540705,0.0355747929904995,11,1,486589321
0.165867432562403,0.660789890159674,11,1,486589321
0.614331279303943,0.264269336146137,11,1,486589321
0.775165886076922,0.164099058983228,11,1,486589321
0.919254213869498,0.32154199820657,11,1,486589321
0.521038877373684,0.843301489166806,11,1,486589321
0.357697034417007,0.269997432274212,11,1,486589321
0.81181680810714,0.952406369326539,11,1,486589321
0.201398546025121,0.388211039069319,11,1,486589321
0.367262780686749,0.121582479984943,11,1,486589321
0.788758394159929,0.657064962273283,11,1,486589321
0.7820856969347,0.772005312364442,11,1,486589321
0.350492813258152,0.944110827001562,11,1,486589321
0.998897571842542,0.247029899604347,11,1,486589321
0.0424074606156282,0.745810914537026,11,1,486589321
0.775506058273103,0.632082657266003,11,1,486589321
0.0120484949468374,0.71935012734215,11,1,486589321
0.320937400276405,0.531129488155298,11,1,486589321
0.155193407248567,0.898880781587723,11,1,486589321
0.846813135791061,0.153898330432053,11,1,486589321
0.432851879415941,0.271642687481334,11,1,486589321
0.410483270857252,0.815887264873628,11,1,486589321
0.757045501196744,0.92676539713107,11,1,486589321
0.48151448899025,0.500214224918285,11,1,486589321
0.158665618476865,0.895807639570156,11,1,486589321
0.637901085588231,0.882913779731936,11,1,486589321
0.931655842745641,0.309429455156484,11,1,486589321
0.445027951944737,0.549909170567657,11,1,486589321
0.0320797375588822,0.244264057757238,11,1,486589321
0.135234957413002,0.485823884608682,11,1,486589321
0.681661515675186,0.662977906469684,11,1,486589321
0.952784621031933,0.772566618151476,11,1,486589321
0.661489302893819,0.0258164852314495,11,1,486589321
0.268567881859419,0.723988268434652,11,1,486589321
0.930146678143445,0.910148607049132,11,1,486589321
0.587217503788415,0.963818703637171,11,1,486589321
0.8133513545389,0.645155809379538,11,1,486589321
0.156931720533207,0.57872545894023,11,1,486589321
0.973390799836254,0.641629007430488,11,1,486589321
0.845026432886123,0.0591952596417678,11,1,486589321
0.005490818448735,0.543339939722895,11,1,486589321
0.341244765552032,0.368949851683223,11,1,486589321
0.658223135169719,0.0918979690969095,11,1,486589321
0.738719056247652,0.0128123454695834,11,1,486589321
0.335284463303316,0.0456085631933913,11,1,486589321
0.745027236665127,0.184741677829164,11,1,486589321
0.708594094574668,0.866197090995732,11,1,486589321
0.590561782261064,0.534995574573362,11,1,486589321
0.600455276708009,0.427232741235874,11,1,486589321
0.763968146467927,0.66628636051079,11,1,486589321
0.800629221429566,0.477816255802964,11,1,486589321
0.608967212209014,0.289514170757188,11,1,486589321
0.39521825463405,0.210993518331147,11,1,486589321
0.686850437456082,0.933593065117724,11,1,486589321
0.476877766734887,0.396386785647787,11,1,486589321
0.750330388178344,0.732595861112842,11,1,486589321
0.26170730624984,0.840385323487824,11,1,486589321
0.348944042195965,0.388187226154946,11,1,486589321
0.0436568989700685,0.289612835465373,11,1,486589321
0.473591198463644,0.574841599525638,11,1,486589321
0.81785679814344,0.941795913559391,11,1,486589321
0.149396661942394,0.287141791270666,11,1,486589321
0.433963738385255,0.0846548846615534,11,1,486589321
0.132069032856005,0.068135548542295,11,1,486589321
0.473196749064575,0.733287408083641,11,1,486589321
0.0165920539476025,0.241864374995583,11,1,486589321
0.107223310015693,0.0200236600104349,11,1,486589321
0.281420621720144,0.619115516420753,11,1,486589321
0.545562780360432,0.437796461650293,11,1,486589321
0.27245722798531,0.406405504766005,11,1,486589321
0.890837394491055,0.505269121969002,11,1,486589321
0.365886440380412,0.599644687119501,11,1,486589321
0.815755919118871,0.0566706423439085,11,1,486589321
0.248780751738942,0.423652266474547,11,1,486589321
0.132049271036676,0.091215167331435,11,1,486589321
0.811136969527855,0.839064291532209,11,1,486589321
0.110380507898149,0.296985298951276,11,1,486589321
0.445394914994679,0.333300580293457,11,1,486589321
0.576245932098474,0.834876158860529,11,1,486589321
0.707459971709246,0.531330544373256,11,1,486589321
0.3823854594908,0.773759828293948,11,1,486589321
0.204980322103053,0.396821020382036,11,1,486589321
0.720498784237264,0.808670423817935,11,1,486589321
0.142997989132926,0.646390210871401,11,1,486589321
0.860097883804252,0.556544844798304,11,1,486589321
0.936885425935619,0.126819579944309,11,1,486589321
0.846449025287113,0.325804100561903,11,1,486589321
0.247605544721558,0.677282891179325,11,1,486589321
0.201069904528089,0.336053838911888,11,1,486589321
0.488901710767468,0.975920139712221,11,1,486589321
0.962025437802539,0.503736509895758,11,1,486589321
0.551970513261215,0.329164170414992,11,1,486589321
0.931153235142238,0.91060836956825,11,1,486589321
0.701316742142772,0.18047552029734,11,1,486589321
0.543083071139576,0.880225402628772,11,1,486589321
0.253447218175683,0.177701575372888,11,1,486589321
0.125200313958242,0.332383055579333,11,1,486589321
0.747436432716562,0.124795084508908,11,1,486589321
0.814949839788236,0.634863499318657,11,1,486589321
0.557155966295627,0.500871142401631,11,1,486589321
0.509758418753853,0.162452485720327,11,1,486589321
0.990651414096744,0.622647176397956,11,1,486589321
0.813041830596787,0.372854147331767,11,1,486589321
0.808712119304831,0.571355045963583,11,1,486589321
0.827104497471037,0.165285105049636,11,1,486589321
0.193763494295434,0.39196826129119,11,1,486589321
0.374161255437838,0.671588333481716,11,1,486589321
0.233822089124577,0.550647091195134,11,1,486589321
0.15604984396427,0.339998370233102,11,1,486589321
0.0511669620312833,0.910333196270743,11,1,486589321
0.488667421689364,0.168630747779084,11,1,486589321
0.308949746813775,0.216658456718869,11,1,486589321
0.0388017838819392,0.450327109621695,11,1,486589321
0.488572549293208,0.787169942741148,11,1,486589321
0.873514133789515,0.147807657933702,11,1,486589321
0.553380420847209,0.734992025841473,11,1,486589321
0.932201336424632,0.726970480781335,11,1,486589321
0.365713442229027,0.582327268830653,11,1,486589321
0.794570142370872,0.904753572201162,11,1,486589321
0.103459718891035,0.366030679916913,11,1,486589321
0.936549696084281,0.893979594762681,11,1,486589321
0.0507129840029821,0.719003538336977,11,1,486589321
0.40575575371443,0.635284168025176,11,1,486589321
0.82846016916004,0.129853683893256,11,1,486589321
0.118035130010517,0.96884425668945,11,1,486589321
0.870631111271731,0.29694181658915,11,1,486589321
0.73452308708827,0.876064049317404,11,1,486589321
0.337510313676657,0.136765674074072,11,1,486589321
0.494326321430401,0.921472956966677,11,1,486589321
0.300029101993054,0.196239873426189,11,1,486589321
0.990779320768636,0.630367782609225,11,1,486589321
0.876745585327981,0.554780184161884,11,1,486589321
0.341385361834435,0.266080556496018,11,1,486589321
0.00572991974324211,0.508664267930198,11,1,486589321
0.88723579572406,0.944792756625905,11,1,486589321
0.692420630793646,0.884524766101549,11,1,486589321
0.715065356314699,0.826279919866999,11,1,486589321
0.370821869399636,0.683356519365359,11,1,486589321
0.560284504740847,0.119443002638469,11,1,486589321
0.445950963426948,0.633265911882377,11,1,486589321
0.0495296158025145,0.2055008828219,11,1,486589321
0.96788414865725,0.0530882615800428,11,1,486589321
0.791456719434798,0.184083699900911,11,1,486589321
0.93552943701936,0.501474551330901,11,1,486589321
0.637371251441999,0.116425651805538,11,1,486589321
0.465836682978282,0.709353377572915,11,1,486589321
0.837622157813964,0.259934149413874,11,1,486589321
0.36679618658957,0.875435383327289,11,1,486589321
0.906580910607921,0.600608005877234,11,1,486589321
0.390704362768981,0.575005838438034,11,1,486589321
0.692079412383256,0.21638495617861,11,1,486589321
0.680511367087722,0.842591914809944,11,1,486589321
0.511976348387377,0.639936511647961,11,1,486589321
0.635617362170331,0.120184293203613,11,1,486589321
0.795190913012274,0.194666070869817,11,1,486589321
0.630896721834788,0.0565002784391668,11,1,486589321
0.00107306868613666,0.80413009020213,11,1,486589321
0.216135505823787,0.529560320310649,11,1,486589321
0.250153985209453,0.565735503323544,11,1,486589321
0.984527890752991,0.964904775633906,11,1,486589321
0.722146343329238,0.111060385755231,11,1,486589321
0.732343037945565,0.421221022342954,11,1,486589321
0.0150633177387292,0.497736247820483,11,1,486589321
0.623454030722553,0.0138457766632278,11,1,486589321
0.938560804766933,0.613358093774704,11,1,486589321
0.122975963242827,0.610329372108298,11,1,486589321
0.183797999569367,0.06912609479006,11,1,486589321
0.770107117526635,0.295875765190992,11,1,486589321
0.725466382638932,0.405683452405278,11,1,486589321
0.208273847084962,0.915001960312121,11,1,486589321
0.787979761672308,0.688761927924212,11,1,486589321
0.739834941890051,0.46915717443847,11,1,486589321
0.480634094695306,0.194901345808616,11,1,486589321
0.209297559722311,0.366603243368257,11,1,486589321
0.949720365920888,0.584687123319649,11,1,486589321
0.574101021858176,0.469191990079994,11,1,486589321
0.215446206432322,0.691668261504548,11,1,486589321
0.576314737129061,0.0498109672180127,11,1,486589321
0.517378602604798,0.63612786287489,11,1,486589321
0.452408184458745,0.493430866902559,11,1,486589321
0.459271578744842,0.252552566821758,11,1,486589321
0.469615914768005,0.0588895194341816,11,1,486589321
0.457349812609115,0.438631851531971,11,1,486589321
0.192645289333331,0.113020940272874,11,1,486589321
0.323491908936039,0.699321917440761,11,1,486589321
0.522066864161035,0.28116260351454,11,1,486589321
0.594143642621271,0.56990103160351,11,1,486589321
0.956837465953849,0.380930270582678,11,1,486589321
0.946245738797802,0.438599658962234,11,1,486589321
0.182127955921989,0.676503829276378,11,1,486589321
0.686887956641641,0.228168284999506,11,1,486589321
0.700552857633634,0.995611841736617,11,1,486589321
0.0934779961480514,0.235616654119375,11,1,486589321
0.141220472337383,0.32730637937407,11,1,486589321
0.165531797623678,0.599396486258264,11,1,486589321
0.310650672905936,0.763550119959657,11,1,486589321
0.954866998092559,0.174428961164752,11,1,486589321
0.342015793606181,0.0480438138261738,11,1,486589321
0.221372714734618,0.585111048203238,11,1,486589321
0.466364029097328,0.615232833030777,11,1,486589321
0.129602840923787,0.989855245069241,11,1,486589321
0.365290241124629,0.943127934097295,11,1,486589321
0.5626236724131,0.968631828586509,11,1,486589321
0.582852942415151,0.20627867453397,11,1,486589321
0.390981325819742,0.52865684759915,11,1,486589321
0.780128091258034,0.915060783978638,11,1,486589321
0.625415249992478,0.0193890825134002,11,1,486589321
0.263523263343476,0.394563621249196,11,1,486589321
0.987320557226131,0.576072241414152,11,1,486589321
0.31146399192045,0.589551015355877,11,1,486589321
0.254793954868352,0.868261441550482,11,1,486589321
0.0521717388974094,0.710553290526451,11,1,486589321
0.743900306318716,0.630899583687724,11,1,486589321
0.774901802315189,0.0167362865330367,11,1,486589321
0.328908962716542,0.235002667965493,11,1,486589321
0.288194303979958,0.203381456552591,11,1,486589321
0.62671966195438,0.297804849343655,11,1,486589321
0.506577752973542,0.851141861050331,11,1,486589321
0.105118204219865,0.429693835515331,11,1,486589321
0.671441165263026,0.783986422277002,11,1,486589321
0.0880684042323887,0.672715990599456,11,1,486589321
0.964078914609581,0.353808833152109,11,1,486589321
0.127706146967403,0.549305245123931,11,1,486589321
0.995905903937738,0.139253068593705,11,1,486589321
0.163173418749706,0.113614813873042,11,1,486589321
0.993620162966443,0.360173298723934,11,1,486589321
0.346748517090685,0.344490306390305,11,1,486589321
0.986561766070768,0.896968478353762,11,1,486589321
0.257253056694464,0.595199574192415,11,1,486589321
0.984801088947451,0.837552796079176,11,1,486589321
0.635120630785455,0.739637975997816,11,1,486589321
0.271994834772722,0.164408578671305,11,1,486589321
0.844770799140917,0.818522396392139,11,1,486589321
0.403857233169451,0.843538988625948,11,1,486589321
0.376199915997196,0.605460430364085,11,1,486589321
0.717398946282993,0.124458631095339,11,1,486589321
0.793622516412137,0.0230699263617709,11,1,486589321
0.062434646935162,0.109853387090852,11,1,486589321
0.859148366087328,0.482156850377273,11,1,486589321
0.434863370809495,0.16731341406619,11,1,486589321
0.0880151566941549,0.722411482123126,11,1,486589321
0.84045110303178,0.00165898960606548,11,1,486589321
0.610349557809472,0.34318574348714,11,1,486589321
0.0143567145251131,0.412286901927488,11,1,486589321
0.825611949538333,0.114339031012392,11,1,486589321
0.966316711270066,0.782252346443924,11,1,486589321
0.523922942468996,0.437879680914199,11,1,486589321
0.518877349931004,0.651552512211428,11,1,486589321
0.687968525166665,0.580481969240542,11,1,486589321
0.310560670599432,0.986524212271485,11,1,486589321
0.223791088900625,0.214770152462807,11,1,486589321
0.444600510948788,0.199574733251495,11,1,486589321
0.360608676018654,0.179044109124576,11,1,486589321
0.20619283463195,0.796618875263463,11,1,486589321
0.301043049600574,0.097716203689201,11,1,486589321
0.227018816415741,0.924162034710441,11,1,486589321
0.789336685159415,0.656430534323141,11,1,486589321
0.820544758096727,0.417158785477492,11,1,486589321
0.302513007730212,0.916095453047208,11,1,486589321
0.746207392871608,0.972980101427126,11,1,486589321
0.607964089707023,0.651998703178835,11,1,486589321
0.638417728483534,0.900851822683841,11,1,486589321
0.291008001787623,0.695366465784333,11,1,486589321
0.709667992712506,0.024203868675482,11,1,486589321
0.582927093379428,0.571766652876517,11,1,486589321
0.634812054032115,0.195720016344329,11,1,486589321
0.574984392268452,0.802153884046106,11,1,486589321
0.872733310116709,0.425336225819558,11,1,486589321
0.852026976541788,0.444995656520062,11,1,486589321
0.00189373450970987,0.510478009160327,11,1,486589321
0.09141332805307,0.616308951415481,11,1,486589321
0.51467146132417,0.616474154211483,11,1,486589321
0.161487960958202,0.106206506503258,11,1,486589321
0.481756836367399,0.148856145381984,11,1,486589321
0.109435316314747,0.367571123463891,11,1,486589321
0.0410147251178139,0.250576036624457,11,1,486589321
0.823881028927839,0.148763971285859,11,1,486589321
0.29498267916429,0.962877114004097,11,1,486589321
0.977923163022733,0.813328962780101,11,1,486589321
0.67122339926733,0.116917080271949,11,1,486589321
0.695830107183808,0.700246577949926,11,1,486589321
0.548917609018824,0.659879871308991,11,1,486589321
0.14798425718829,0.971009707385984,11,1,486589321
0.445274314111488,0.315230047938108,11,1,486589321
0.97106519144157,0.00740733471958155,11,1,486589321
0.518454724445706,0.872759121643848,11,1,486589321
0.60915707387449,0.897734993254225,11,1,486589321
0.959607885850928,0.975229378385943,11,1,486589321
0.697237168038532,0.596926969065254,11,1,486589321
0.594408911749422,0.732022841964465,11,1,486589321
0.299804085465424,0.28960945305484,11,1,486589321
0.558992606437395,0.9705008256696,11,1,486589321
0.68234656361132,0.807616509080703,11,1,486589321
0.318782590060155,0.714736887047861,11,1,486589321
0.673737228749832,0.690045366229888,11,1,486589321
0.90192922979314,0.875499404971738,11,1,486589321
0.0340647441380497,0.924595148038283,11,1,486589321
0.406585633823583,0.999684064031446,11,1,486589321
0.48930309706532,0.0690389964530307,11,1,486589321
0.653702781520525,0.143477236832092,11,1,486589321
0.894639291078003,0.518834510832304,11,1,486589321
0.127552129437902,0.689608880047732,11,1,486589321
0.585124420813825,0.768782020792036,11,1,486589321
0.883644639951498,0.988599935617907,11,1,486589321
0.773029950700806,0.929376510283208,11,1,486589321
0.63330453323989,0.344720000879877,11,1,486589321
0.0111652773015536,0.00932848297752775,11,1,486589321
0.576494172145499,0.139417151821935,11,1,486589321
0.466660151931855,0.713299457919248,11,1,486589321
0.706887939477494,0.347053367622032,11,1,486589321
0.463233622222128,0.570179343178578,11,1,486589321
0.728686982930518,0.731094845486843,11,1,486589321
0.143898780413961,0.0845445063592996,11,1,486589321
0.0275689746238623,0.149540041154106,11,1,486589321
0.812188483281975,0.478236535080444,11,1,486589321
0.850224462592057,0.207332730148022,11,1,486589321
0.605672154005722,0.787348562590497,11,1,486589321
0.246069001252824,0.158634335929515,11,1,486589321
0.19277211930773,0.7916302312805,11,1,486589321
0.175538830050572,0.0266759890817203,11,1,486589321
0.327249242647778,0.136315260706343,11,1,486589321
0.866963004146707,0.0799817337100279,11,1,486589321
0.388930208030489,0.00571136158589347,11,1,486589321
0.555904482206633,0.975730407943366,11,1,486589321
0.335993272516343,0.355262028511195,11,1,486589321
0.388902188936592,0.441992981633804,11,1,486589321
0.88662116083713,0.458246466000158,11,1,486589321
0.789644861936867,0.219895782623194,11,1,486589321
0.723253116107207,0.537584626751529,11,1,486589321
0.848825457131582,0.789369115016607,11,1,486589321
0.222174389662185,0.731391047858296,11,1,486589321
0.761661652193397,0.245142216805605,11,1,486589321
0.913783314553722,0.0301943388405359,11,1,486589321
0.374634975592045,0.702081108973061,11,1,486589321
0.14363960155431,0.614641927084417,11,1,486589321
0.441366683319968,0.51784728382435,11,1,486589321
0.544991532923975,0.0861223069899397,11,1,486589321
0.250614271306538,0.994867426273046,11,1,486589321
0.47149909267551,0.742628236856328,11,1,486589321
0.757171974540672,0.215910078925544,11,1,486589321
0.20813352112891,0.81996546365584,11,1,486589321
0.541516894825172,0.642102848705253,11,1,486589321
0.191648111233261,0.45386473751022,11,1,486589321
0.9451563263094,0.216217822586552,11,1,486589321
0.352852093220476,0.904302726619934,11,1,486589321
0.244921451357997,0.310520261041759,11,1,486589321
0.110299925723705,0.916866804004457,11,1,486589321
0.886922796383388,0.131328223897333,11,1,486589321
0.881216762114701,0.578683296279038,11,1,486589321
0.0877347942404429,0.522848307758249,11,1,486589321
0.112801385455585,0.398312648841406,11,1,486589321
0.891305825729947,0.271545857540761,11,1,486589321
0.828581586197826,0.0377420734931941,11,1,486589321
0.97945052550584,0.100709533364243,11,1,486589321
0.92141240706992,0.931430972895576,11,1,486589321
0.479104925870957,0.0812169291892424,11,1,486589321
0.0854076827031416,0.495157617837823,11,1,486589321
0.137133596393542,0.534002289754548,11,1,486589321
0.239439164168745,0.00196922141933253,11,1,486589321
0.81912703914837,0.76850812021861,11,1,486589321
0.306811814342558,0.912348037535766,11,1,486589321
0.800106180804163,0.310410291753779,11,1,486589321
0.752445155994862,0.51734766396135,11,1,486589321
0.838096219629958,0.972833499991468,12,1,389457902
0.661668891786724,0.74280805306366,12,1,389457902
0.242909697415131,0.534019395746528,12,1,389457902
0.772749918376949,0.230826324318088,12,1,389457902
0.775508911353633,0.96234788295315,12,1,389457902
0.247013643642335,0.631533718306218,12,1,389457902
0.588375406009811,0.805967052733371,12,1,389457902
0.2087160486526,0.250639534406289,12,1,389457902
0.102993919373032,0.413812873985403,12,1,389457902
0.312398639025794,0.0333312567516204,12,1,389457902
0.815522926974245,0.873916597017654,12,1,389457902
0.976324562799953,0.5881591938691,12,1,389457902
0.673142680212755,0.245209538415961,12,1,389457902
0.837020388318392,0.88828769895092,12,1,389457902
0.808893704080683,0.141740901966309,12,1,389457902
0.43006371944785,0.027865807868829,12,1,389457902
0.629447788126615,0.980317915260057,12,1,389457902
0.818464579132186,0.94644252527397,12,1,389457902
0.384019320306052,0.629833068469627,12,1,389457902
0.407875494507413,0.50840117579545,12,1,389457902
0.523057484653834,0.644401667691332,12,1,389457902
0.988489840997398,0.632704285878366,12,1,389457902
0.592570037139327,0.332494493376993,12,1,389457902
0.328420104953222,0.155899053442471,12,1,389457902
0.609708216761092,0.21124812377911,12,1,389457902
0.464828453381099,0.592749855743606,12,1,389457902
0.539807568123622,0.0783569743686323,12,1,389457902
0.722977092420843,0.199884742993991,12,1,389457902
0.364537372649215,0.885300955002976,12,1,389457902
0.71416680215525,0.74627300961042,12,1,389457902
0.473405920247145,0.0030335885418733,12,1,389457902
0.366804259646329,0.562694825027619,12,1,389457902
0.520299819489323,0.0456767071040893,12,1,389457902
0.618286265604852,0.425515166831784,12,1,389457902
0.807656292278396,0.543957852405315,12,1,389457902
0.688124588290625,0.881310276300447,12,1,389457902
0.0862082348467537,0.295876607040264,12,1,389457902
0.356952162108825,0.749927972463153,12,1,389457902
0.726706824702575,0.805752556819079,12,1,389457902
0.0160203589442993,0.753688128172318,12,1,389457902
0.465159781198379,0.617874840107651,12,1,389457902
0.0982049912529677,0.220702806147182,12,1,389457902
0.125034383749855,0.301391164926613,12,1,389457902
0.505685000321266,0.807004481829865,12,1,389457902
0.830675548374263,0.603093484451488,12,1,389457902
0.141336059111505,0.513572080625797,12,1,389457902
0.667802345377443,0.236904896867836,12,1,389457902
0.594066564038075,0.286874010058315,12,1,389457902
0.0239248466021227,0.325539720994939,12,1,389457902
0.0954641728321048,0.397554206378943,12,1,389457902
0.700025337217087,0.103558768409334,12,1,389457902
0.677743982766621,0.04685215725031,12,1,389457902
0.884657522431709,0.53980518747498,12,1,389457902
0.0686637987495624,0.865416285156212,12,1,389457902
0.0330728673414464,0.340603976960631,12,1,389457902
0.853631921197701,0.970675552148452,12,1,389457902
0.865592044286633,0.231495170305578,12,1,389457902
0.829933149380289,0.851091532875144,12,1,389457902
0.229872289348028,0.933258181116421,12,1,389457902
0.327031951334209,0.080801007176678,12,1,389457902
0.551178055813674,0.582379352292482,12,1,389457902
0.870715783689289,0.0139072684792811,12,1,389457902
0.00510952253574715,0.446185798339147,12,1,389457902
0.491213768150446,0.330029284169271,12,1,389457902
0.879417341098716,0.533996051196454,12,1,389457902
0.154469693015765,0.983125867121577,12,1,389457902
0.572041083445267,0.774818125348971,12,1,389457902
0.268141171231965,0.690488391092412,12,1,389457902
0.774921767800322,0.84316408450992,12,1,389457902
0.772193450396097,0.698735082901125,12,1,389457902
0.440167062911782,0.509670005391622,12,1,389457902
0.936478481244933,0.824541747960218,12,1,389457902
0.94499932700733,0.493962729305729,12,1,389457902
0.191448518769691,0.424281112373621,12,1,389457902
0.115043079843975,0.406127942999415,12,1,389457902
0.705746223248545,0.678230588244721,12,1,389457902
0.704315562702702,0.33658907742578,12,1,389457902
0.0560098510440712,0.701771796510909,12,1,389457902
0.132624277848489,0.309552488676771,12,1,389457902
0.928347127788164,0.398683448890562,12,1,389457902
0.371386004318026,0.589643607701371,12,1,389457902
0.110000243101499,0.158402620629007,12,1,389457902
0.5220953156901,0.931677873740753,12,1,389457902
0.572502852773541,0.95790991038413,12,1,389457902
0.272730702683782,0.0964286728724977,12,1,389457902
0.797968486046381,0.654518547916897,12,1,389457902
0.820216655873419,0.0904674573776889,12,1,389457902
0.419431794303472,0.382290099535559,12,1,389457902
0.557954611887119,0.208394696079541,12,1,389457902
0.847871372522063,0.778954989012407,12,1,389457902
0.179708328147393,0.276847753418916,12,1,389457902
0.0373920402379704,0.804331189969129,12,1,389457902
0.560655451941356,0.444390861371955,12,1,389457902
0.381004221039348,0.195457648614618,12,1,389457902
0.204281120350746,0.183012069140794,12,1,389457902
0.778627224380402,0.402965237425475,12,1,389457902
0.496707960687137,0.905905731650354,12,1,389457902
0.72403522084729,0.99687401024615,12,1,389457902
0.455017684072622,0.927114006842695,12,1,389457902
0.859037053635827,0.974431158866312,12,1,389457902
0.122631236457995,0.931926139522076,12,1,389457902
0.903562603514186,0.348185533025174,12,1,389457902
0.444070684502965,0.350611795869443,12,1,389457902
0.0311596464587343,0.94184670522786,12,1,389457902
0.248868774151595,0.116275154316726,12,1,389457902
0.370458770302558,0.442284475592379,12,1,389457902
0.813113740871618,0.712684279952457,12,1,389457902
0.0500879661733125,0.410614870597911,12,1,389457902
0.617181738662057,0.133177882712427,12,1,389457902
0.367524765181694,0.123130680246535,12,1,389457902
0.912610929670673,0.814351797982646,12,1,389457902
0.190052429723099,0.0519746357625843,12,1,389457902
0.0616412257213643,0.996928805987161,12,1,389457902
0.5077466644846,0.0758071472714223,12,1,389457902
0.785636935080356,0.428392181886859,12,1,389457902
0.265249686728849,0.0895169005591021,12,1,389457902
0.601668119593387,0.764502666325711,12,1,389457902
0.47718227594877,0.00809965934203305,12,1,389457902
0.960662923925637,0.152312353403627,12,1,389457902
0.457611271264034,0.334830298687693,12,1,389457902
0.956060901960329,0.828891193283603,12,1,389457902
0.165589977079902,0.458040734594584,12,1,389457902
0.112548873357505,0.743108609482389,12,1,389457902
0.0853009272071259,0.28972449939642,12,1,389457902
0.258715741252339,0.482124613264947,12,1,389457902
0.822656744357168,0.933188500927575,12,1,389457902
0.133227160917718,0.24784646207649,12,1,389457902
0.449995959404519,0.235678885524083,12,1,389457902
0.331652661018722,0.00545463687182934,12,1,389457902
0.259938492390452,0.0700664079337106,12,1,389457902
0.454991798885346,0.752768518837892,12,1,389457902
0.517089745154461,0.0656590550601592,12,1,389457902
0.118397023066197,0.576116465533096,12,1,389457902
0.738158862252985,0.96371693988921,12,1,389457902
0.252668045014062,0.529370598568824,12,1,389457902
0.592824211359174,0.626947679730316,12,1,389457902
0.493553234784972,0.734832678558299,12,1,389457902
0.28396383206164,0.329312887571737,12,1,389457902
0.599725633426412,0.377399851475217,12,1,389457902
0.9360558055319,0.808511126449869,12,1,389457902
0.58849437669857,0.248297372305186,12,1,389457902
0.294634748193496,0.451384829674471,12,1,389457902
0.851151255271395,0.05796509180071,12,1,389457902
0.160705371179843,0.82774218757664,12,1,389457902
0.487363142296382,0.123006820082407,12,1,389457902
0.268714743049667,0.832790309453933,12,1,389457902
0.889333418549589,0.938537018586164,12,1,389457902
0.822779602252135,0.312631073973468,12,1,389457902
0.678315819637759,0.00301250321263957,12,1,389457902
0.750556921714835,0.236223183279861,12,1,389457902
0.578439669928994,0.752843559344499,12,1,389457902
0.801065712645527,0.374023690611628,12,1,389457902
0.118030331880132,0.1290925341425,12,1,389457902
0.207486972522387,0.408176937896283,12,1,389457902
0.540666168136413,0.279945757705801,12,1,389457902
0.0816536589225212,0.53743382122339,12,1,389457902
0.5718533575053,0.953870978566848,12,1,389457902
0.265266316511891,0.0166519173864623,12,1,389457902
0.986153410219134,0.287368910733757,12,1,389457902
0.990951275045298,0.467394056640138,12,1,389457902
0.25946996834977,0.728705719823858,12,1,389457902
0.682520614938192,0.283587303533634,12,1,389457902
0.79984127143919,0.856317833348021,12,1,389457902
0.924438885541373,0.696059372105172,12,1,389457902
0.228492069194321,0.960030119694811,12,1,389457902
0.213458808384452,0.340705307128042,12,1,389457902
0.0738323713752935,0.769199471821298,12,1,389457902
0.989812957522897,0.544798866352406,12,1,389457902
0.170252470802263,0.901947604981631,12,1,389457902
0.757766896956983,0.477263004936968,12,1,389457902
0.850692977799741,0.9879124611385,12,1,389457902
0.173430126718685,0.788489284152328,12,1,389457902
0.31862029958296,0.309379125182529,12,1,389457902
0.514906419626985,0.412638565849895,12,1,389457902
0.539569653705613,0.719162838657739,12,1,389457902
0.180067544945624,0.368900585792138,12,1,389457902
0.111599807057829,0.51162577401331,12,1,389457902
0.270827620056366,0.475677200831679,12,1,389457902
0.274989515021416,0.41038285908746,12,1,389457902
0.022978371197568,0.766930409950293,12,1,389457902
0.659497572843867,0.893814891515585,12,1,389457902
0.494349455326605,0.219478368782056,12,1,389457902
0.260247598778644,0.657301541752167,12,1,389457902
0.0946719460921521,0.160155728768685,12,1,389457902
0.597725364826293,0.265804436949005,12,1,389457902
0.552605061569719,0.879601265749824,12,1,389457902
0.129071177110112,0.502355528979372,12,1,389457902
0.987938120272377,0.381273501611298,12,1,389457902
0.151210911967485,0.742984907112968,12,1,389457902
0.353869400527863,0.782616870231326,12,1,389457902
0.707627018119711,0.137782887560808,12,1,389457902
0.0705065246903525,0.800158482085007,12,1,389457902
0.971068417256741,0.87483112487444,12,1,389457902
0.388350022587271,0.117590452421708,12,1,389457902
0.195481402511312,0.153547823402975,12,1,389457902
0.986820292209508,0.412064820830113,12,1,389457902
0.437012073862155,0.00640895749859283,12,1,389457902
0.611437171299505,0.436210896340255,12,1,389457902
0.242524771087417,0.851833315875402,12,1,389457902
0.0175426202101496,0.774135898961777,12,1,389457902
0.74784602686075,0.942077756528666,12,1,389457902
0.42485586219237,0.918300167002466,12,1,389457902
0.653486338644099,0.0174023759438455,12,1,389457902
0.829568892299159,0.286092814306941,12,1,389457902
0.231670307642323,0.248997841105187,12,1,389457902
0.990897812669306,0.250922982437235,12,1,389457902
0.0024844196500784,0.38099404662626,12,1,389457902
0.934441334099063,0.893363171329066,12,1,389457902
0.954538868313927,0.132265087476227,12,1,389457902
0.901697959208849,0.541429578774626,12,1,389457902
0.300089323849293,0.289785905722738,12,1,389457902
0.0673631912147763,0.0198322413483094,12,1,389457902
0.883772592517965,0.478017626900615,12,1,389457902
0.160737285624476,0.606621498035498,12,1,389457902
0.444202140412731,0.0571094240972529,12,1,389457902
