0.896519474485273,0.568364342378437,12,1,389457902
0.76770411425282,0.282520261146917,12,1,389457902
0.818070259670233,0.180735618781684,12,1,389457902
0.549952906271985,0.511940536824507,12,1,389457902
0.669486883347443,0.495214073118809,12,1,389457902
0.464536349926304,0.81227563115845,12,1,389457902
0.565633736128705,0.272472401395213,12,1,389457902
0.74774190979139,0.659747470686401,12,1,389457902
0.893206648566613,0.184036385417625,12,1,389457902
0.450568657560301,0.406403469970571,12,1,389457902
0.860323476138043,0.900509833440321,12,1,389457902
0.239522926651034,0.182536647127404,12,1,389457902
0.500976630696909,0.70455631098787,12,1,389457902
0.0166188792988664,0.123863044306115,12,1,389457902
0.266682853117763,0.0523384163457785,12,1,389457902
0.158440933699947,0.486542503026037,12,1,389457902
0.93245158961419,0.190640170897191,12,1,389457902
0.775905409269538,0.447331694424873,12,1,389457902
0.718509945782918,0.886443976099989,12,1,389457902
0.511234088895673,0.818402529808726,12,1,389457902
0.524094688246205,0.326032034469638,12,1,389457902
0.38637581194025,0.0550468615811415,12,1,389457902
0.763890994871841,0.767029533537539,12,1,389457902
0.225513136961157,0.935710787203178,12,1,389457902
0.769393163419936,0.80022135088958,12,1,389457902
0.740962978945234,0.119897966993595,12,1,389457902
0.914733950651065,0.0101100166857053,12,1,389457902
0.449326797172575,0.335961466825005,12,1,389457902
0.663983168909589,0.572884740981383,12,1,389457902
0.372329420120802,0.188975286349437,12,1,389457902
0.808368485981594,0.700020324203843,12,1,389457902
0.5629645592379,0.671942861661066,12,1,389457902
0.277671730599493,0.597465580190204,12,1,389457902
0.230434944683204,0.374580016225542,12,1,389457902
0.252871737455376,0.426790139296161,12,1,389457902
0.574982166776487,0.645572241471215,12,1,389457902
0.311291962847048,0.799276894574429,12,1,389457902
0.742827221305332,0.977616327728389,12,1,389457902
0.486906606084715,0.739121783492743,12,1,389457902
0.348869499085118,0.716450451779411,12,1,389457902
0.495385021929163,0.805538389642663,12,1,389457902
0.527626348051713,0.563033167813061,12,1,389457902
0.0850575792171044,0.284626275542808,12,1,389457902
0.792514177737678,0.516895459546845,12,1,389457902
0.206065788533737,0.913185579588188,12,1,389457902
0.401067859843052,0.788305272979263,12,1,389457902
0.925324211449301,0.121007206696532,12,1,389457902
0.76566137109678,0.957190151144797,12,1,389457902
0.221596125244013,0.179131595061901,12,1,389457902
0.854970537383122,0.81772178002722,12,1,389457902
0.554005915074811,0.829573742182491,12,1,389457902
0.712215331165969,0.0406057671920821,12,1,389457902
0.244896866023406,0.868133968866823,12,1,389457902
0.969852006352056,0.36240211095133,12,1,389457902
0.326696577345577,0.15034605608648,12,1,389457902
0.837515346836363,0.506218904103785,12,1,389457902
0.611621521094358,0.178207281715089,12,1,389457902
0.583635557956283,0.838187315197204,12,1,389457902
0.148424936618087,0.320625228225074,12,1,389457902
0.400499265059299,0.426817168445037,12,1,389457902
0.463268082352305,0.388584035651999,12,1,389457902
0.593282735759814,0.100567447166767,12,1,389457902
0.828960300268472,0.923423610270685,12,1,389457902
0.680587358912192,0.729519376525855,12,1,389457902
0.924680102912265,0.488089309184609,12,1,389457902
0.0994931328222117,0.817794464420329,12,1,389457902
0.765742446668571,0.577783432045724,12,1,389457902
0.259139490145114,0.360413538830589,12,1,389457902
0.580419348685462,0.00739052939107121,12,1,389457902
0.01888191469037,0.206782435458556,12,1,389457902
0.36488800053233,0.349281855854498,12,1,389457902
0.0522844352994767,0.413607730761545,12,1,389457902
0.583245250045732,0.919091083861265,12,1,389457902
0.327526235393145,0.880101823988908,12,1,389457902
0.223955981320751,0.535558244449906,12,1,389457902
0.146369560071663,0.996001446243897,12,1,389457902
0.221805201312281,0.591932705008783,12,1,389457902
0.135465786845724,0.439454583486231,12,1,389457902
0.598199512699037,0.167970809029094,12,1,389457902
0.984237522321014,0.105822371438272,12,1,389457902
0.566451608731215,0.203880611326102,12,1,389457902
0.23169276654958,0.584388925372461,12,1,389457902
0.0407857832826792,0.266566954651012,12,1,389457902
0.247245170860256,0.735393330602919,12,1,389457902
0.887724951607077,0.923964226604727,12,1,389457902
0.200758937504119,0.182893084862997,12,1,389457902
0.287477354179513,0.416382520802601,12,1,389457902
0.781337864925832,0.381387201162869,12,1,389457902
0.230484892361636,0.62234257096361,12,1,389457902
0.699978548899143,0.975750273638554,12,1,389457902
0.282106396845,0.195252365042469,12,1,389457902
0.587147113572495,0.894039155296155,12,1,389457902
0.776257418583743,0.468173129508039,12,1,389457902
0.0658178212833151,0.689801423661406,12,1,389457902
0.259218622126627,0.387462735972694,12,1,389457902
0.189635524960467,0.213970607377665,12,1,389457902
0.0562152090300669,0.509809734967172,12,1,389457902
0.392337072160442,0.35813548571214,12,1,389457902
0.144934413789649,0.466203399288106,12,1,389457902
0.825813012670534,0.413479444752995,12,1,389457902
0.987502591001124,0.427758790220973,12,1,389457902
0.190293562001705,0.688492521514903,12,1,389457902
0.816306641787064,0.909849834698973,12,1,389457902
0.313157043174257,0.334465958656614,12,1,389457902
0.031836406227175,0.964715734774533,12,1,389457902
0.891061052718734,0.0535589520650079,12,1,389457902
0.348913661292987,0.724984550175117,12,1,389457902
0.542544656376704,0.0842004240052086,12,1,389457902
0.528170298456923,0.673651402289697,12,1,389457902
0.750822606267736,0.235191970474057,12,1,389457902
0.201147356644886,0.924571328098113,12,1,389457902
0.641575882625763,0.0270641295184337,12,1,389457902
0.616680095563343,0.170564913856213,12,1,389457902
0.165025685107714,0.871621141554907,12,1,389457902
0.655177144769766,0.454277562088426,12,1,389457902
0.0466335575595203,0.0102790229017646,12,1,389457902
0.864278714331953,0.735198569904469,12,1,389457902
0.859635803438126,0.326588793692239,12,1,389457902
0.866449863218973,0.516263496349628,12,1,389457902
0.889818418135373,0.463786697262463,12,1,389457902
0.25263114589294,0.0567666202390447,12,1,389457902
0.23142153144281,0.584158732396959,12,1,389457902
0.86981740856837,0.599065287743685,12,1,389457902
0.640985506032531,0.803723961582234,12,1,389457902
0.781769662271986,0.565598510736229,12,1,389457902
0.250489722428296,0.116175060086977,12,1,389457902
0.158146621725274,0.418311870876484,12,1,389457902
0.655526890229196,0.443534274615113,12,1,389457902
0.648477954780668,0.791270715832158,12,1,389457902
0.422138535497592,0.720536685577954,12,1,389457902
0.669651709539748,0.0957777403174598,12,1,389457902
0.38527240999741,0.440960462166435,12,1,389457902
0.606174171318691,0.160429244455754,12,1,389457902
0.300917395238161,0.684698359253045,12,1,389457902
0.0774691509077492,0.338265917398177,12,1,389457902
0.492100847489421,0.511801274089619,12,1,389457902
0.0246521259665871,0.667574750668531,12,1,389457902
0.0437937745061774,0.83921930587065,12,1,389457902
0.521705890934692,0.888835548884106,12,1,389457902
0.638170742754858,0.240688868426185,12,1,389457902
0.606963126731404,0.63736034343877,12,1,389457902
0.966589261112104,0.599684483849642,12,1,389457902
0.614256651499145,0.505325015960235,12,1,389457902
0.85768725321686,0.67602509740072,12,1,389457902
0.288234620600223,0.668390240982506,12,1,389457902
0.177984222292293,0.219640283621857,12,1,389457902
0.936736022677487,0.885694661283271,12,1,389457902
0.215234705838347,0.652513102279097,12,1,389457902
0.0322258006661054,0.314616698023526,12,1,389457902
0.90747856326631,0.532346244134508,12,1,389457902
0.62616938707623,0.367314910045668,12,1,389457902
0.263961354595969,0.338932165340272,12,1,389457902
0.460629717089581,0.116080107616546,12,1,389457902
0.530786573865242,0.532918248047739,12,1,389457902
0.386929131426232,0.0935192113985623,12,1,389457902
0.506409335822064,0.0136248765277778,12,1,389457902
0.272732310408348,0.994439724040479,12,1,389457902
0.383672789827612,0.901084017611727,12,1,389457902
0.166835049409281,0.264914241023613,12,1,389457902
0.197565111265994,0.338766326343375,12,1,389457902
0.307261419708871,0.0345503302689432,12,1,389457902
0.801474821114599,0.147927522198828,12,1,389457902
0.101416717089198,0.24615792385131,12,1,389457902
0.491457665878871,0.849027074280544,12,1,389457902
0.356312953257771,0.787783227512042,12,1,389457902
0.523928608281063,0.677996647582155,12,1,389457902
0.704425869752712,0.135308586887025,12,1,389457902
0.86443931840635,0.493847987594795,12,1,389457902
0.136919609348828,0.287573485028836,12,1,389457902
0.0947977169648744,0.468733555030855,12,1,389457902
0.354393637295427,0.025632571923258,12,1,389457902
0.624364055052393,0.261716502575159,12,1,389457902
0.671559355522757,0.962612645414796,12,1,389457902
0.552736748633982,0.202368923086477,12,1,389457902
0.757331649033306,0.128104210573018,12,1,389457902
0.401865012761077,0.958968613263204,12,1,389457902
0.646795117785483,0.664232854974574,12,1,389457902
0.257463199554767,0.531889197709231,12,1,389457902
0.993968787319737,0.503644282646734,12,1,389457902
0.083949560649704,0.164689353746193,12,1,389457902
0.373404355306442,0.577579303177172,12,1,389457902
0.328827272923087,0.276478495984787,12,1,389457902
0.811954796543644,0.511226830413058,12,1,389457902
0.493882664123549,0.856396312009081,12,1,389457902
0.706748957925035,0.467078216941731,12,1,389457902
0.826953767464204,0.845061295117037,12,1,389457902
0.374573269981358,0.922013180932751,12,1,389457902
0.638929148017284,0.884614658998033,12,1,389457902
0.544778752797747,0.882723934612278,12,1,389457902
0.816180454143386,0.942221018123305,12,1,389457902
0.859040754527298,0.915170544386272,12,1,389457902
0.592175706455979,0.325781240263768,12,1,389457902
0.709938479782995,0.580937565165101,12,1,389457902
0.416561066779689,0.680846822019578,12,1,389457902
0.70836550244302,0.538676528532472,12,1,389457902
0.0280604252456134,0.681545499511555,12,1,389457902
0.00964514717800036,0.695478418024464,12,1,389457902
0.561677159319315,0.799200003816164,12,1,389457902
0.476265594602893,0.551768260690892,12,1,389457902
0.140343007389794,0.567691951286512,12,1,389457902
0.568259475083196,0.208910739701583,12,1,389457902
0.614043823199385,0.279840653463698,12,1,389457902
0.747514821419707,0.435678332093383,12,1,389457902
0.181694494681581,0.474520122086406,12,1,389457902
0.641221689353106,0.300856590867947,12,1,389457902
0.0507470444204854,0.272715168866569,12,1,389457902
0.0677487257363059,0.304531626096051,12,1,389457902
0.242062546845524,0.222940655824138,12,1,389457902
0.600489741479921,0.781989447465633,12,1,389457902
0.483270414760991,0.545712572864937,12,1,389457902
0.389613633290135,0.0323419871129698,12,1,389457902
0.316196382039126,0.777582478808976,12,1,389457902
0.539438005403163,0.867439675356479,12,1,389457902
0.109781848135434,0.94869080817729,12,1,389457902
0.851149651788483,0.645067191171182,12,1,389457902
0.452238554302165,0.9777891921226,12,1,389457902
0.782163491162074,0.0443816789131271,12,1,389457902
0.69742189990118,0.69273596486615,12,1,389457902
0.73287319677358,0.962209121885421,12,1,389457902
0.253227570983619,0.649520175608239,12,1,389457902
0.48564275712723,0.407121777038041,12,1,389457902
0.723125188677498,0.683313768962884,12,1,389457902
0.5327722707175,0.749236420745071,12,1,389457902
0.92546622529776,0.260393888137818,12,1,389457902
0.162764635808277,0.47480475442083,12,1,389457902
0.0886830510151846,0.00824226777319481,12,1,389457902
0.468492420593539,0.673050710218604,12,1,389457902
0.866941897588167,0.949803122767427,12,1,389457902
0.643417316653975,0.993685461961878,12,1,389457902
0.471728081742208,0.18275455074879,12,1,389457902
0.730253320057673,0.787269322133354,12,1,389457902
0.926034415653064,0.23509325052429,12,1,389457902
0.501363076074412,0.154286698444101,12,1,389457902
0.435024390046636,0.56064296985918,12,1,389457902
0.0171988800900644,0.669576443187712,12,1,389457902
0.861966555390162,0.823809716738713,12,1,389457902
0.173342396229549,0.483508904903456,12,1,389457902
0.357818326066865,0.989865013031242,12,1,389457902
0.742579897041039,0.983311580753516,12,1,389457902
0.569302221269448,0.408574355042232,12,1,389457902
0.143744385532596,0.0334275200144054,12,1,389457902
0.131642014065034,0.383652056467313,12,1,389457902
0.267047953729995,0.744025356656826,12,1,389457902
0.574950904569192,0.556140298605611,12,1,389457902
0.856712268500476,0.35097949560318,12,1,389457902
0.647758542443167,0.702688799548494,12,1,389457902
0.970741131394381,0.492232127933975,12,1,389457902
0.245799634438408,0.275478574534074,12,1,389457902
0.551019895368772,0.0162619740691499,12,1,389457902
0.676738219885368,0.685886536052168,12,1,389457902
0.779875136480685,0.554428471267479,12,1,389457902
0.552885291553025,0.671341838870981,12,1,389457902
0.607399485307464,0.264267615773305,12,1,389457902
0.199215463274369,0.781481190559408,12,1,389457902
0.180097993601047,0.624120392960623,12,1,389457902
0.720615351186317,0.145199925080159,12,1,389457902
0.428490272947952,0.14665801960016,12,1,389457902
0.210620684124863,0.587157886651616,12,1,389457902
0.473804358473825,0.982313641539377,12,1,389457902
0.0797477151923456,0.644951781054365,12,1,389457902
0.276934437386763,0.973624644877699,12,1,389457902
0.86533375715385,0.295669789285339,12,1,389457902
0.407682915537607,0.0146103747884392,12,1,389457902
0.787922922429687,0.721188783769647,12,1,389457902
0.191256152570338,0.360567619003309,12,1,389457902
0.975058307779376,0.0887500687555205,12,1,389457902
0.690055637084855,0.887088848994106,12,1,389457902
0.0431180105975306,0.817072967149135,12,1,389457902
0.218516045871227,0.354337774886024,12,1,389457902
0.0488537424126783,0.592991208153913,12,1,389457902
0.982128662449268,0.174170209742215,12,1,389457902
0.411669452052893,0.891082282510482,12,1,389457902
0.334825609095822,0.110498313761317,12,1,389457902
0.173408737327985,0.924331369803692,12,1,389457902
0.00658774503679993,0.794756501766327,12,1,389457902
0.503066443654824,0.640980365184887,12,1,389457902
0.481596089539441,0.71108333520662,12,1,389457902
0.286998867901567,0.314332565419116,12,1,389457902
0.514417362748389,0.336653937182692,12,1,389457902
0.0737376670154319,0.94123170945646,12,1,389457902
0.868596874930682,0.707151877573097,12,1,389457902
0.24854111953686,0.0444646795314729,12,1,389457902
0.430603394735081,0.516336694081825,12,1,389457902
0.568309024740499,0.41718410171116,12,1,389457902
0.628174795185838,0.392156453288244,12,1,389457902
0.367810425357056,0.721999274321825,12,1,389457902
0.256755768543563,0.132819477544076,12,1,389457902
0.702551045164629,0.620539345770976,12,1,389457902
0.53695946066634,0.492486090653995,12,1,389457902
0.990837714133144,0.188189515505714,12,1,389457902
0.950674883385569,0.264385581292229,12,1,389457902
0.107249800530421,0.0147641869421986,12,1,389457902
0.695011703564809,0.707417916367184,12,1,389457902
0.0402747987234804,0.895135959617873,12,1,389457902
0.917386892438707,0.5560181802712,12,1,389457902
0.384050979297037,0.902876050899917,12,1,389457902
0.764994765420907,0.290147082635223,12,1,389457902
0.240150281500815,0.76043241189553,12,1,389457902
0.928374699879931,0.952961259511069,12,1,389457902
0.565677522368322,0.695526284073273,12,1,389457902
0.942012743724566,0.906599419857987,12,1,389457902
0.26440531245502,0.946369107517559,12,1,389457902
0.41097741945888,0.580588696130696,12,1,389457902
0.160770597181578,0.569212446078499,12,1,389457902
0.978648438651962,0.800753343364055,12,1,389457902
0.0725356440081768,0.720325426285789,12,1,389457902
0.386648374782062,0.721001201847674,12,1,389457902
0.528453931313728,0.601590873523456,12,1,389457902
0.690122835044973,0.238571746902734,12,1,389457902
0.594334370291885,0.221942133704191,12,1,389457902
0.349997228077798,0.765818201412162,12,1,389457902
0.785238605165254,0.385306424194169,12,1,389457902
0.047580330461614,0.951440242018735,12,1,389457902
0.744357794289365,0.468866829527988,12,1,389457902
0.0996412657866972,0.645544639719846,12,1,389457902
0.568063728617166,0.90143467639166,12,1,389457902
0.404254794453196,0.421667687847797,12,1,389457902
0.0864631819133113,0.569859363093331,12,1,389457902
0.253749252511201,0.489656070461941,12,1,389457902
0.365146691847556,0.0134428800325788,12,1,389457902
0.738068504340021,0.507927311836419,12,1,389457902
0.607127537941926,0.0630629485911558,12,1,389457902
0.940096726766381,0.181830307666113,12,1,389457902
0.145458581770964,0.514194082709594,12,1,389457902
0.294581286517801,0.231268826757302,12,1,389457902
0.291142022904352,0.335750288210551,12,1,389457902
0.8811194895841,0.512489047081658,12,1,389457902
0.740752353833492,0.314949946857684,12,1,389457902
0.692514534580412,0.731970884557934,12,1,389457902
0.933512618551211,0.3444995142665,12,1,389457902
0.830000288453674,0.712240201083429,12,1,389457902
0.845488083849284,0.397610645557842,12,1,389457902
0.135274202777271,0.0328734139035474,12,1,389457902
0.283270940381617,0.528151985881193,12,1,389457902
0.146436720866888,0.755416856126224,12,1,389457902
0.911317749508405,0.817668180182026,12,1,389457902
0.642623731825425,0.269441714473791,12,1,389457902
0.302807170563558,0.786130546331633,12,1,389457902
0.591255123191095,0.449415701509107,12,1,389457902
0.98421045544301,0.717236114595491,12,1,389457902
0.328174558389548,0.502134365072708,12,1,389457902
0.380638162873661,0.829927835890639,12,1,389457902
0.610483354570558,0.974429887253161,12,1,389457902
0.474652307750122,0.588962291448366,12,1,389457902
0.700737473698976,0.842835024870737,12,1,389457902
0.472292351185176,0.213466132392023,12,1,389457902
0.26093276791245,0.273887010966588,12,1,389457902
0.872137308588445,0.522080633792362,12,1,389457902
0.681364521400523,0.318992901922844,12,1,389457902
0.471997930446683,0.966188926037505,12,1,389457902
0.720239664892467,0.508562550342172,12,1,389457902
0.435550462351793,0.494333123277293,12,1,389457902
0.531373331893293,0.324325995863895,12,1,389457902
0.51028894086989,0.339776234139308,12,1,389457902
0.339276858504588,0.0794498155767047,12,1,389457902
0.312138448587257,0.467248790540343,12,1,389457902
0.0940132731431726,0.378208962493796,12,1,389457902
0.372014600688822,0.738714700133912,12,1,389457902
0.704653082135803,0.466661378455172,12,1,389457902
0.118572087666257,0.212398148518679,12,1,389457902
0.64065067185817,0.21147820047862,12,1,389457902
0.147609539255185,0.491483881083195,12,1,389457902
0.970564301036116,0.263378897314509,12,1,389457902
0.875115200580703,0.979701471782246,12,1,389457902
0.225596639190151,0.405975829215402,12,1,389457902
0.440366254821226,0.594485471516225,12,1,389457902
0.107456036694421,0.133867772611862,12,1,389457902
0.636448724648765,0.0239055721911701,12,1,389457902
0.850966347004088,0.198386356002241,12,1,389457902
0.443679918234543,0.166048464275055,12,1,389457902
0.710346481731358,0.39133447620018,12,1,389457902
0.0537873759299661,0.480205882575831,12,1,389457902
0.908537498423184,0.438580169872254,12,1,389457902
0.0112760449897733,0.670727783445292,12,1,389457902
0.70448699776606,0.258069678955478,12,1,389457902
0.184447993338665,0.876508491549938,12,1,389457902
0.098131619590647,0.505041514242919,12,1,389457902
0.82130018520617,0.518920538981908,12,1,389457902
0.302279536115497,0.939359144450543,12,1,389457902
0.991142606497214,0.303986207447561,12,1,389457902
0.443941442869441,0.996295605851522,12,1,389457902
0.307738659510594,0.718709947868768,12,1,389457902
0.00987134404207968,0.221197645154599,12,1,389457902
0.0906084649610692,0.768739653299725,12,1,389457902
0.823249972985396,0.808268837983428,12,1,389457902
0.606775889749904,0.246506513100654,12,1,389457902
0.94652356127042,0.0609399867517235,12,1,389457902
0.782962111697618,0.472473792271846,12,1,389457902
0.554315856091002,0.983798357180342,12,1,389457902
0.219383695482456,0.786601134100906,12,1,389457902
0.436124753866599,0.379329759623602,12,1,389457902
0.802388152472516,0.731784933692614,12,1,389457902
0.859809121609685,0.566508847432671,12,1,389457902
0.758942104290345,0.763144812858609,12,1,389457902
0.204857684981388,0.165738654890373,12,1,389457902
0.401927701550894,0.9030821721436,12,1,389457902
0.754489355607058,0.120285715351001,12,1,389457902
0.472517886152395,0.960074733264616,12,1,389457902
0.433469476806482,0.891056457914778,12,1,389457902
0.427546106886044,0.979734705190766,12,1,389457902
0.367857563439595,0.885656123060363,12,1,389457902
0.618313226049826,0.923261452738086,12,1,389457902
0.226783688044134,0.789833852909351,12,1,389457902
0.18940471826499,0.974367638555013,12,1,389457902
0.29828942852248,0.653371137390223,12,1,389457902
0.150996981795871,0.797581428881579,12,1,389457902
0.258922623480118,0.645173434136977,12,1,389457902
0.313618164295658,0.46892430923993,12,1,389457902
0.209548158153643,0.841997867029708,12,1,389457902
0.386974346838056,0.121525139254492,12,1,389457902
0.861646135826034,0.108425964809323,12,1,389457902
0.0375682165632316,0.784432423912293,12,1,389457902
0.150148088927732,0.861622094403942,12,1,389457902
0.372613259377386,0.517138215609441,12,1,389457902
0.143605539799248,0.479395731212818,12,1,389457902
0.751642305755039,0.897143013726076,12,1,389457902
0.511121752664766,0.415825950198732,12,1,389457902
0.188657123935529,0.54377967629816,12,1,389457902
0.56198677026016,0.685633956309419,12,1,389457902
0.666173611324562,0.995366901154773,12,1,389457902
0.341222691671307,0.0517449966776402,12,1,389457902
0.896489460912072,0.258375853501956,12,1,389457902
0.0379008133893945,0.764917414825627,12,1,389457902
0.785280401993654,0.774549038601637,12,1,389457902
0.516826267744539,0.726920649201716,12,1,389457902
0.500014166157809,0.17023627885763,12,1,389457902
0.762718021643275,0.0825723088694097,12,1,389457902
0.459212696287318,0.0140082337588761,12,1,389457902
0.331449404615219,0.0713829364043095,12,1,389457902
0.22001841264585,0.816911978379304,12,1,389457902
0.300535559185139,0.00391930103501448,12,1,389457902
0.0463138827466918,0.621606741117643,12,1,389457902
0.166431940801556,0.835256720585678,12,1,389457902
0.500862022980612,0.919790680567009,12,1,389457902
0.404131287488044,0.158246616489354,12,1,389457902
0.678208067658878,0.313004760822681,12,1,389457902
0.655905971262538,0.360898451041147,12,1,389457902
0.883606602760435,0.394408867861874,12,1,389457902
0.854957451772063,0.728865414100364,12,1,389457902
0.63780273371388,0.143792013229716,12,1,389457902
0.884586780728442,0.498562419299446,12,1,389457902
0.547653229361525,0.877917678048179,12,1,389457902
0.0912864195137055,0.0966444040343104,12,1,389457902
0.0132471432866861,0.338454324670181,12,1,389457902
0.729723559322847,0.906212350498448,12,1,389457902
0.90080766120961,0.595965672680726,12,1,389457902
0.498462772799984,0.365300517519575,12,1,389457902
0.513504571468357,0.624650307635948,12,1,389457902
0.0629482576406799,0.512209482893307,12,1,389457902
0.0721570066770805,0.347180970947782,12,1,389457902
0.334604124416036,0.43646750580292,12,1,389457902
0.511774912262369,0.24844020020264,12,1,389457902
0.711927550534321,0.883335771298704,12,1,389457902
0.885135203964202,0.74412261195276,12,1,389457902
0.316126982357252,0.157498778261945,12,1,389457902
0.255247714130717,0.492318489499966,12,1,389457902
0.137916269433465,0.547580185583305,12,1,389457902
0.826473439279367,0.939595819064751,12,1,389457902
0.691489319865278,0.583317231413276,12,1,389457902
0.530028847638194,0.677336697869753,12,1,389457902
0.319567123594427,0.468391940205563,12,1,389457902
0.284234652861386,0.966854871615265,12,1,389457902
0.772005388031448,0.49954293952332,12,1,389457902
0.724764418081504,0.854317875768148,12,1,389457902
0.188334356607958,0.972461481012966,12,1,389457902
0.0658371189333784,0.612857609511399,12,1,389457902
0.666904855254237,0.317722420851675,12,1,389457902
0.971449172710668,0.216796860168373,12,1,389457902
0.947375340670863,0.716065998612721,12,1,389457902
0.763871820094119,0.326059020274587,12,1,389457902
0.217306117005326,0.274546677363517,12,1,389457902
0.482046942398417,0.505097483448109,12,1,389457902
0.519714451533142,0.91152971649371,12,1,389457902
0.770827150814288,0.68167685601026,12,1,389457902
0.477940190080179,0.422731706660762,12,1,389457902
0.247472266511209,0.871274368811808,12,1,389457902
0.304541379315467,0.488874550962623,12,1,389457902
0.56754448129538,0.43515676429755,12,1,389457902
0.0120273734694916,0.830361552725709,12,1,389457902
0.872450129632205,0.195420361580562,12,1,389457902
0.0477209148031346,0.0374872058960234,12,1,389457902
0.942953932201849,0.461361678756099,12,1,389457902
0.905024077674176,0.08634253401602,12,1,389457902
0.475138133032776,0.494454170072784,12,1,389457902
0.412741980059881,0.810815189803766,12,1,389457902
0.461783267804859,0.447382618723727,12,1,389457902
0.634941340136864,0.305694640086992,12,1,389457902
0.665607405013553,0.0453833735834053,12,1,389457902
0.966335238354044,0.651187758920075,12,1,389457902
0.860237081859638,0.117308221615318,12,1,389457902
0.237422399340723,0.607555420675594,12,1,389457902
0.633646302767167,0.82624794958702,12,1,389457902
0.293294789383332,0.592979974411836,12,1,389457902
0.168727833661449,0.480435141601707,12,1,389457902
0.663007638110001,0.0513506589579122,12,1,389457902
0.48066296986775,0.531059644912993,12,1,389457902
0.698101017062959,0.816598977231807,12,1,389457902
0.41875163107733,0.603439782751812,12,1,389457902
0.880133163293381,0.500126021260197,12,1,389457902
0.844915320446598,0.344289349779896,12,1,389457902
0.703765188138652,0.301999461350919,12,1,389457902
0.21828819034716,0.448848728599764,12,1,389457902
0.541376007532718,0.556429765972688,12,1,389457902
0.473781957619388,0.811053816858647,12,1,389457902
0.36872271703801,0.372094130987886,12,1,389457902
0.984001595902925,0.670107505572292,12,1,389457902
0.233279527321019,0.0515813054896106,12,1,389457902
0.193084706358586,0.792409398079563,12,1,389457902
0.153149802540443,0.51725039878615,12,1,389457902
0.997959539781891,0.0628029473100347,12,1,389457902
0.06294578712014,0.679122703451735,12,1,389457902
0.362113248276307,0.463780735781988,12,1,389457902
0.272110733033545,0.413977751850191,12,1,389457902
0.328061737388615,0.7406678441891,12,1,389457902
0.989458500931722,0.253095944498021,12,1,389457902
0.0609643930605115,0.466249141528302,12,1,389457902
0.636626293335287,0.549891107924431,12,1,389457902
0.633537706900348,0.760368197093746,12,1,389457902
0.324154668298854,0.377643217037614,12,1,389457902
0.210040015646237,0.78469101919614,12,1,389457902
0.899299018602617,0.960114541948398,12,1,389457902
0.826003930801903,0.0230002867717252,12,1,389457902
0.588029276782755,0.874521634123483,12,1,389457902
0.396320265015292,0.994927641434861,12,1,389457902
0.778580585171057,0.264609933389367,12,1,389457902
0.096196504921596,0.380543860673143,12,1,389457902
0.911892812891699,0.115592002712812,12,1,389457902
0.702577990735733,0.343541662083029,12,1,389457902
0.369608840357656,0.55873964283088,12,1,389457902
0.30042287094035,0.587697017827971,12,1,389457902
0.782304862587534,0.377532619464186,12,1,389457902
0.718428894713091,0.644243432201215,12,1,389457902
0.823363841341245,0.440652385850149,12,1,389457902
0.972063011361445,0.719872260916858,12,1,389457902
0.60993996232986,0.37015235896332,12,1,389457902
0.0551597684016818,0.773560287278835,12,1,389457902
0.601572189977471,0.0674843882995075,12,1,389457902
0.919384874879891,0.00674665658160012,12,1,389457902
0.436967847014583,0.273383975004042,12,1,389457902
0.127052214841588,0.218675139623617,12,1,389457902
0.499205624402539,0.570428128852472,12,1,389457902
0.271466283219505,0.397172377168242,12,1,389457902
0.37020118543434,0.348760575758196,12,1,389457902
0.814919785080809,0.153858700116254,12,1,389457902
0.38057258743541,0.917467115312349,12,1,389457902
0.141852877874233,0.790638125922087,12,1,389457902
0.300498075112025,0.16679967588083,12,1,389457902
0.0436556770330743,0.241863448968788,12,1,389457902
0.379406207532799,0.0606546521256637,12,1,389457902
0.978366774225303,0.957775179404802,12,1,389457902
0.728200900474969,0.534151526640945,12,1,389457902
0.582107758906649,0.633187164545214,12,1,389457902
0.887101911570952,0.284738721928025,12,1,389457902
0.772885592329496,0.8343477625384,12,1,389457902
0.68958140683239,0.66596122802389,12,1,389457902
0.327660302402848,0.993082571579467,12,1,389457902
0.94100779394322,0.885360827322742,12,1,389457902
0.0778326721054876,0.0687230424779282,12,1,389457902
0.783377466182213,0.589894229210875,12,1,389457902
0.469884273123844,0.705015556311266,12,1,389457902
0.947520324870522,0.664732722874742,12,1,389457902
0.328238713707434,0.605885604528265,12,1,389457902
0.574383209289213,0.0822240937360181,12,1,389457902
0.82130380247693,0.198830606723869,12,1,389457902
0.890928559026917,0.574640424296412,12,1,389457902
0.261402587563137,0.0437366908284043,12,1,389457902
0.532825413046475,0.546157097561432,12,1,389457902
0.300976478715441,0.20358220924803,12,1,389457902
0.172567578799827,0.768410852614413,12,1,389457902
0.254487854167788,0.463126534390308,12,1,389457902
0.393688446424256,0.267286656462841,12,1,389457902
0.186078635152623,0.830520869348274,12,1,389457902
0.0563538036250586,0.739911318359013,12,1,389457902
0.351207418366572,0.0654842901478656,12,1,389457902
0.342253777083992,0.111996593548261,12,1,389457902
0.433166705617145,0.225232137485306,12,1,389457902
0.0919084567267916,0.50031341067179,12,1,389457902
0.0279215344922807,0.696475816748515,12,1,389457902
0.475386711095873,0.871129569890984,12,1,389457902
0.177245741356061,0.487786562162462,12,1,389457902
0.685439090167867,0.336077657800268,12,1,389457902
0.247147174187329,0.934559892197198,12,1,389457902
0.463273382489404,0.126075397064375,12,1,389457902
0.182030974655184,0.0425643110002116,12,1,389457902
0.595423231998947,0.746069987552725,12,1,389457902
0.677279701731273,0.175555202793137,12,1,389457902
0.949559225944483,0.530202350300993,12,1,389457902
0.974402224028422,0.0414185939409468,12,1,389457902
0.628721464276331,0.659438255492516,12,1,389457902
0.0721141228252327,0.535558562749379,12,1,389457902
0.685974399785881,0.509335017015307,12,1,389457902
0.490863227429049,0.888076264922889,12,1,389457902
0.579450250067642,0.609586572060972,12,1,389457902
0.270695198167108,0.781367669364419,12,1,389457902
0.403418064806786,0.455738240210559,12,1,389457902
0.0885017270905255,0.0303142635813911,12,1,389457902
0.684180740570332,0.520765999210141,12,1,389457902
0.178094859511932,0.989639918412096,12,1,389457902
0.339094294194794,0.351847721808459,12,1,389457902
0.0991965479127934,0.782049642971938,12,1,389457902
0.192226843343009,0.599864026453216,12,1,389457902
0.235894963994537,0.288671731046593,12,1,389457902
0.227848224097109,0.410151369558842,12,1,389457902
0.648839038306024,0.264464593715296,12,1,389457902
0.00723348808539392,0.0135842974535247,12,1,389457902
0.359297101107949,0.311075985516438,12,1,389457902
0.751227093151773,0.162275736018255,12,1,389457902
0.468122170328862,0.869986063268624,12,1,389457902
0.466626895935355,0.389426440910116,12,1,389457902
0.247259343231167,0.0697391967755934,12,1,389457902
0.514778014659729,0.473422683614396,12,1,389457902
0.961153936524082,0.362524474691285,12,1,389457902
0.350760976453119,0.910650143610002,12,1,389457902
0.886889070844266,0.605820475221947,12,1,389457902
0.67258709018166,0.530891977088928,12,1,389457902
0.364733405269584,0.0867654056248934,12,1,389457902
0.218095310451379,0.417010441185621,12,1,389457902
0.779985365435112,0.852480925537034,12,1,389457902
0.0540466939895996,0.642797062539858,12,1,389457902
0.476447654993535,0.995136156673264,12,1,389457902
0.647914490113705,0.253142965667301,12,1,389457902
0.441717339427669,0.119862691862135,12,1,389457902
0.579646882100284,0.209818255466462,12,1,389457902
0.74937321953776,0.317787082787305,12,1,389457902
0.992573627171474,0.555745505706441,12,1,389457902
0.59579132323366,0.450755849451093,12,1,389457902
0.981073147251565,0.325786796559721,12,1,389457902
0.867389350710735,0.535678393890358,12,1,389457902
0.770569828798576,0.174203638330758,12,1,389457902
0.734758249103746,0.591283747575857,12,1,389457902
0.370574897693898,0.497614759801163,12,1,389457902
0.702926106538561,0.489871759943379,12,1,389457902
0.260987332328392,0.701266822154582,12,1,389457902
0.498798939029427,0.747968016490489,12,1,389457902
0.539149755933883,0.767081431983045,12,1,389457902
0.365879520166201,0.743568308078059,12,1,389457902
0.016385272597031,0.44101593269124,12,1,389457902
0.67441286370144,0.190631160158998,12,1,389457902
0.593674343280182,0.720204536177777,12,1,389457902
0.082653764940293,0.0914396440223086,12,1,389457902
0.102559374862681,0.359019210989765,12,1,389457902
0.486008117754158,0.483970791967063,12,1,389457902
0.796971211416413,0.811154664908834,12,1,389457902
0.903136530568867,0.958681130001986,12,1,389457902
0.996589238374264,0.107716705844181,12,1,389457902
0.453610092734851,0.678818244159863,12,1,389457902
0.366639298241322,0.895370957585789,12,1,389457902
0.754030727489746,0.0348685494935892,12,1,389457902
0.711449974336637,0.612842286034017,12,1,389457902
0.499747402532295,0.747341424622352,12,1,389457902
0.570491360755399,0.432667175524839,12,1,389457902
0.399586968667201,0.526357514256278,12,1,389457902
0.495128776949747,0.603655085379766,12,1,389457902
0.0685979921580264,0.41311332347356,12,1,389457902
0.548869002011442,0.47675711860817,12,1,389457902
0.229988958810512,0.216387932511462,12,1,389457902
0.213274624213152,0.125077447598265,12,1,389457902
0.0943489469757826,0.513123489723065,12,1,389457902
0.630626822581931,0.272443923213602,12,1,389457902
0.809343513709765,0.903616814851506,12,1,389457902
0.194675249496554,0.378011263021676,12,1,389457902
0.651322933789767,0.619098902001341,12,1,389457902
0.363063929847619,0.523661262588536,12,1,389457902
0.742332785355562,0.888531805134051,12,1,389457902
0.678073301258909,0.98029577116553,12,1,389457902
0.265555447881122,0.981733973398622,12,1,389457902
0.392918405604776,0.520028718763115,12,1,389457902
0.994596935673672,0.885618630973299,12,1,389457902
0.171240882569204,0.84536578080766,12,1,389457902
0.115801416018996,0.883873470573376,12,1,389457902
0.303750414898879,0.803667841429495,12,1,389457902
0.0864196624721796,0.987539738612353,12,1,389457902
0.937184733233686,0.534997057872721,12,1,389457902
0.385402564251016,0.572337634554061,12,1,389457902
0.989406642041784,0.300606041099121,12,1,389457902
0.934168139508746,0.847573745629759,12,1,389457902
0.0877131582042017,0.504654061905836,12,1,389457902
0.64870569591911,0.726350975472238,12,1,389457902
0.990361059728432,0.437441066858699,12,1,389457902
0.357354876927994,0.545659394726203,12,1,389457902
0.682082229531265,0.140479496840304,12,1,389457902
0.619797445467159,0.754864780803065,12,1,389457902
0.294744687095793,0.374420169027433,12,1,389457902
0.290394771853205,0.923235121094886,12,1,389457902
0.0642379264410664,0.0772248054690481,12,1,389457902
0.804725361443206,0.578830774690383,12,1,389457902
0.170791569930484,0.418998862504284,12,1,389457902
0.541537804432816,0.357142083976934,12,1,389457902
0.537215176988105,0.935967129414053,12,1,389457902
0.219630633740155,0.45940942833029,12,1,389457902
0.934258621065544,0.96618195128595,12,1,389457902
0.309284377775133,0.319618389164077,12,1,389457902
0.531211144564204,0.16072637433571,12,1,389457902
0.772684589199904,0.714058297815333,12,1,389457902
0.795117899412199,0.546498903783426,12,1,389457902
0.18992849857425,0.0453408436522666,12,1,389457902
0.187673187771237,0.33124154134835,12,1,389457902
0.769909104688868,0.883487750355196,12,1,389457902
0.996744508555526,0.715362812661645,12,1,389457902
0.496199125765978,0.85629399004251,12,1,389457902
0.985758144800703,0.869349776484726,12,1,389457902
0.0203417609645298,0.424884970815892,12,1,389457902
0.406404020563267,0.361453874404075,12,1,389457902
0.421520055526216,0.742404036646422,12,1,389457902
0.702001383882196,0.122119478867894,12,1,389457902
0.893141002250671,0.281426663628332,12,1,389457902
0.716815224318868,0.148001947595698,12,1,389457902
0.481027547761506,0.301902636395063,12,1,389457902
0.76093940302637,0.251231901169455,12,1,389457902
0.295577443900783,0.485149279812729,12,1,389457902
0.828911335957352,0.181666376503904,12,1,389457902
0.832851194464444,0.0209631176050764,12,1,389457902
0.306049003827225,0.503962482436749,12,1,389457902
0.194005216354568,0.260694020856363,12,1,389457902
0.0114556804669155,0.361562160746713,12,1,389457902
0.804658120495969,0.852059760307944,12,1,389457902
0.40999687321984,0.686321379313473,12,1,389457902
0.286819446355262,0.632703180537549,12,1,389457902
0.0605415294621903,0.66270643748329,12,1,389457902
0.500324976385829,0.796843532859803,12,1,389457902
0.23064645112801,0.828094666953469,12,1,389457902
0.84085887645082,0.154148425285923,12,1,389457902
0.654896196729992,0.458665040076219,12,1,389457902
0.381282504408742,0.860046992243455,12,1,389457902
0.0259309730570356,0.765065053534946,12,1,389457902
0.0371683471273245,0.382917651878694,12,1,389457902
0.727699332624637,0.491599548291668,12,1,389457902
0.658593860509612,0.851936353356818,12,1,389457902
0.299134663077411,0.655859479571181,12,1,389457902
0.561863759081209,0.948883387439599,12,1,389457902
0.391137448049715,0.613000520964722,12,1,389457902
0.66044783807934,0.666560438341932,12,1,389457902
0.988353345207303,0.0750409251980444,12,1,389457902
0.362949737242864,0.35336896718031,12,1,389457902
0.538183436370197,0.764228789834796,12,1,389457902
0.592666419851145,0.868220219220026,12,1,389457902
0.109234239733689,0.689119397079224,12,1,389457902
0.936101035892351,0.987015493078328,12,1,389457902
0.651860324564946,0.12524058895286,12,1,389457902
0.494997621129111,0.828002651763242,12,1,389457902
0.362093236517701,0.19539346240499,12,1,389457902
0.157928020929027,0.871677871104123,12,1,389457902
0.286406626098815,0.114622878205352,12,1,389457902
0.509969624110715,0.156770627072458,12,1,389457902
0.659362620941962,0.768479986396097,12,1,389457902
0.740314738445305,0.418529159430864,12,1,389457902
0.558442425167595,0.0927013034732371,12,1,389457902
0.266953141162073,0.33099278936798,12,1,389457902
0.543578412850832,0.645747908943152,12,1,389457902
0.86150262322499,0.944921220722189,12,1,389457902
0.158256888509245,0.548957868294998,12,1,389457902
0.722749705499969,0.110850536759548,12,1,389457902
0.94334734994515,0.474606992622312,12,1,389457902
0.247754431514907,0.438159610014735,12,1,389457902
0.240954281626423,0.619954994869177,12,1,389457902
0.490802282871721,0.729845116765236,12,1,389457902
0.341417715028906,0.341950632381852,12,1,389457902
0.575524435075764,0.694812521694386,12,1,389457902
0.419225710586268,0.494463586498518,12,1,389457902
0.807887811334946,0.709278091809043,12,1,389457902
0.140381613986272,0.72732841494858,12,1,389457902
0.108910574345861,0.682568456414742,12,1,389457902
0.365379815491591,0.420987156309675,12,1,389457902
0.384916107807664,0.892985261443269,12,1,389457902
0.917104164131916,0.419115449416451,12,1,389457902
0.119299387456983,0.0538246271259872,12,1,389457902
0.665726999196185,0.673207941743084,12,1,389457902
0.474305649768269,0.0605276849234704,12,1,389457902
0.486333234657549,0.598901761199439,12,1,389457902
0.549140482069366,0.35713257485753,12,1,389457902
0.766484594057082,0.322010043316985,12,1,389457902
0.52874213664523,0.926520213392667,12,1,389457902
0.25990955425458,0.616226802729862,12,1,389457902
0.720509990283475,0.779003564384467,12,1,389457902
0.258502064545342,0.400582918365057,12,1,389457902
0.439879310854594,0.0231508798039046,12,1,389457902
0.161998079777685,0.147903721143227,12,1,389457902
0.794891572128369,0.406184262251827,12,1,389457902
0.398296073690877,0.655917469825185,12,1,389457902
0.705404322625707,0.249991341157473,12,1,389457902
0.912791065909099,0.351761358977597,12,1,389457902
0.831957638920454,0.480087852541597,12,1,389457902
0.620719652757748,0.948770500003206,12,1,389457902
0.694797603498076,0.395592598796461,12,1,389457902
0.7280200672386,0.897014460106586,12,1,389457902
0.0374653731707542,0.47659589645107,12,1,389457902
0.43508397161217,0.897545140263237,12,1,389457902
0.0194432045867723,0.881546713952488,12,1,389457902
0.711760574640805,0.462563380633364,12,1,389457902
0.0357898887796022,0.570798570194581,12,1,389457902
0.943043777613806,0.40750610752948,12,1,389457902
0.970863972510438,0.469184459026615,12,1,389457902
0.353793672137323,0.504183029138835,12,1,389457902
0.191129328012005,0.609096074134398,12,1,389457902
0.199931265229298,0.712302255359659,12,1,389457902
0.761515593507168,0.760765171906586,12,1,389457902
0.821930295454706,0.000567385689282496,12,1,389457902
0.62048933823744,0.45941114193775,12,1,389457902
0.257206666454876,0.534006836444048,12,1,389457902
0.725678822696043,0.417812725253063,12,1,389457902
0.294403207416216,0.382927142616115,12,1,389457902
0.411677625876566,0.407669921102574,12,1,389457902
0.072013941933265,0.31343736809053,12,1,389457902
0.900661130543251,0.102495589703951,12,1,389457902
0.858883559984397,0.490849841336674,12,1,389457902
0.649467059113881,0.863147085774505,12,1,389457902
0.961194890920807,0.306095090310743,12,1,389457902
0.362379490843119,0.709716254432197,12,1,389457902
0.844731120123383,0.691734385013833,12,1,389457902
0.523929809499317,0.653466458576408,12,1,389457902
0.213748130649493,0.488945129340156,12,1,389457902
0.0606848504508903,0.0770965802996406,12,1,389457902
0.311406657631267,0.918020077464713,12,1,389457902
0.576501604056909,0.167940260324412,12,1,389457902
0.0607191521572861,0.0200857851554865,12,1,389457902
0.690360098932841,0.509533771354707,12,1,389457902
0.2563913315981,0.984504529410569,12,1,389457902
0.152280039130324,0.711081789503097,12,1,389457902
0.527086059581316,0.326867242351522,12,1,389457902
0.606251488457333,0.847597686252255,12,1,389457902
0.736107594972512,0.268568079225533,12,1,389457902
0.753250726139788,0.779280252827784,12,1,389457902
0.768213524186351,0.67349032661253,12,1,389457902
0.151242345677175,0.655844548291835,12,1,389457902
0.983966505548154,0.737107860332687,12,1,389457902
0.0462661755950211,0.187374790348078,12,1,389457902
0.914106504446757,0.894092528835362,12,1,389457902
0.833976801577124,0.339199281753309,12,1,389457902
0.34759792789622,0.357906666018374,12,1,389457902
0.271849323125696,0.808327669389682,12,1,389457902
0.119562706441537,0.57690962994116,12,1,389457902
0.822389952845782,0.553870134774034,12,1,389457902
0.619267622565741,0.19042134002251,12,1,389457902
0.84871960875857,0.786675033824644,12,1,389457902
0.585263320699169,0.468377559040333,12,1,389457902
0.907139425392152,0.1334392471413,12,1,389457902
0.757457289499481,0.145841496785413,12,1,389457902
0.026452071103692,0.341789023325041,12,1,389457902
0.769579162896202,0.637303616777235,12,1,389457902
0.927427918097484,0.746508312378627,12,1,389457902
0.0241019346670042,0.975430763167606,12,1,389457902
0.368325349035074,0.0860356384612326,12,1,389457902
0.115233438049932,0.859666572906691,12,1,389457902
0.131863962745277,0.500455349775114,12,1,389457902
0.194349779242223,0.149346026127164,12,1,389457902
0.413525724159507,0.565892800400846,12,1,389457902
0.884961921282827,0.163939859443955,12,1,389457902
0.678772801787569,0.425034609702556,12,1,389457902
0.792449904071579,0.574430511745903,12,1,389457902
0.665861443174812,0.548127651120813,12,1,389457902
0.0240395565604192,0.828575162242384,12,1,389457902
0.141230563908063,0.335706619816801,12,1,389457902
0.756802523990106,0.86461613511233,12,1,389457902
0.994968327660816,0.564031980678519,12,1,389457902
0.939730490463501,0.369886277861338,12,1,389457902
0.677345676417268,0.791169619598465,12,1,389457902
0.261729521336123,0.819304725078778,12,1,389457902
0.716556028765134,0.13094803540771,12,1,389457902
0.900613476530559,0.190420386646112,12,1,389457902
0.707202915552768,0.881802272297641,12,1,389457902
0.453024440709137,0.549798250670031,12,1,389457902
0.902873972447899,0.209971794010424,12,1,389457902
0.433386241156555,0.479348354237366,12,1,389457902
0.249866414541279,0.215272977008405,12,1,389457902
0.516100954693283,0.316602644037893,12,1,389457902
0.765668166056282,0.449978464080593,12,1,389457902
0.195946941444672,0.119253412493292,12,1,389457902
0.894302324690972,0.416478252692681,12,1,389457902
0.688362543743141,0.409774764174412,12,1,389457902
0.583784124726719,0.942292528241222,12,1,389457902
0.690729551948759,0.100127351786888,12,1,389457902
0.116727761576855,0.385936253207403,12,1,389457902
0.579352689051454,0.880301282385805,12,1,389457902
0.485950103722547,0.440370359350912,12,1,389457902
0.175515255528503,0.938816824749665,12,1,389457902
0.331848832055016,0.895268096860938,12,1,389457902
0.612294817928968,0.987289172932652,12,1,389457902
0.308471782586438,0.38774053343504,12,1,389457902
0.229133738816862,0.105382097828036,12,1,389457902
0.17054318584993,0.113687560470512,12,1,389457902
0.427679430581509,0.711216295667541,12,1,389457902
0.256426523318513,0.372141763949911,12,1,389457902
0.417779182594889,0.679698192870752,12,1,389457902
0.0134856074577503,0.0244460735723102,12,1,389457902
0.630629546629201,0.392531792247842,12,1,389457902
0.0812975917457113,0.729679184861562,12,1,389457902
0.836109796926539,0.145202988484288,12,1,389457902
0.479915772925916,0.772519222149671,12,1,389457902
0.126367126794152,0.900917781821666,12,1,389457902
0.522939069176947,0.0427330012953786,12,1,389457902
0.253722782536665,0.42167129444175,12,1,389457902
0.737940459269959,0.856879993307666,12,1,389457902
0.28185429283895,0.966316364949135,12,1,389457902
0.313997707538036,0.23042442706518,12,1,389457902
0.754001468088509,0.0617898941693009,12,1,389457902
0.0233889627296273,0.569888654638761,12,1,389457902
0.322024014896043,0.269316449462968,12,1,389457902
0.879700555970805,0.482499354905499,12,1,389457902
0.424270982794865,0.317400629950421,12,1,389457902
0.12641755972406,0.236580688707489,12,1,389457902
0.523201275569137,0.948500182315164,12,1,389457902
0.0406974870700871,0.214791052207364,12,1,389457902
0.0624009632660436,0.337748317928304,12,1,389457902
0.879959808322053,0.0767274148403869,12,1,389457902
0.750288210022303,0.233728903197537,12,1,389457902
0.984810290561021,0.173231878484736,12,1,389457902
0.618110209567194,0.228452987026953,12,1,389457902
0.588629520899179,0.0747073558126976,12,1,389457902
0.818936537370628,0.0716041751494636,12,1,389457902
0.660878119136287,0.947479497629489,12,1,389457902
0.9865263501082,0.0839429508276721,12,1,389457902
0.570904060530505,0.664179261559006,12,1,389457902
0.230821772870845,0.566492354416834,12,1,389457902
0.403466440636429,0.892847646267862,12,1,389457902
0.225449206902964,0.924349740604415,12,1,389457902
0.936196660702939,0.164355810704319,12,1,389457902
0.0230179691076522,0.337464848764968,12,1,389457902
0.92292597369699,0.455680570098987,12,1,389457902
0.231829196750055,0.763686342652091,12,1,389457902
0.160246624298093,0.357936458294031,12,1,389457902
0.0885766849717335,0.760386915796398,12,1,389457902
0.0506003496057419,0.0403926297532449,12,1,389457902
0.689502567562347,0.73207756354486,12,1,389457902
0.669145709268124,0.509110059343344,12,1,389457902
0.166163935186366,0.132174326154633,12,1,389457902
0.0394610873861678,0.764093712450141,12,1,389457902
0.016373260229904,0.826505225813885,12,1,389457902
0.314061409342263,0.711510700847846,12,1,389457902
0.912905554205285,0.472466906590423,12,1,389457902
0.259542445678841,0.852048822205484,12,1,389457902
0.457900398933508,0.355441415566179,12,1,389457902
0.726609745022261,0.863751449286866,12,1,389457902
0.0970227047970877,0.533786805298051,12,1,389457902
0.904304249341922,0.783071013994677,12,1,389457902
0.524909562423104,0.821489318451596,12,1,389457902
0.569306128232588,0.39505271870328,12,1,389457902
0.0461226569058593,0.870060339288242,12,1,389457902
0.433953302180789,0.714378205592443,12,1,389457902
0.685843730981231,0.954780384406476,12,1,389457902
0.813087469949043,0.270029336623828,12,1,389457902
0.498151336999445,0.0685362746837974,12,1,389457902
0.70069179267134,0.236147301040946,12,1,389457902
0.921166264731387,0.449569158596996,12,1,389457902
0.872615682853961,0.422829738892354,12,1,389457902
0.519486200238799,0.830531963493507,12,1,389457902
0.103577369322997,0.822965917965147,12,1,389457902
0.562847492208142,0.984832803529125,12,1,389457902
0.182812000988201,0.259764253837922,12,1,389457902
0.284111606849733,0.816465062259985,12,1,389457902
0.383136197489246,0.692556454180617,12,1,389457902
0.601926681518425,0.144828767658617,12,1,389457902
0.945154554704295,0.525114496294831,12,1,389457902
0.662312591751548,0.964524404895773,12,1,389457902
0.840898524832985,0.547628494141269,12,1,389457902
0.954963896647365,0.637908033710625,12,1,389457902
0.270552533953945,0.118737124491946,12,1,389457902
0.115641792540447,0.34567721737568,12,1,389457902
0.894986492998523,0.965740772028554,12,1,389457902
0.944332671353041,0.691311120677735,12,1,389457902
0.395426455713246,0.942316672261574,12,1,389457902
0.509052330800491,0.140202842897958,12,1,389457902
0.785387540770516,0.404201957890521,12,1,389457902
0.0500652778649233,0.841163944871114,12,1,389457902
0.955600268798956,0.146949240655237,12,1,389457902
0.178478502227964,0.232809374857805,12,1,389457902
0.0861608304999397,0.875197600321468,12,1,389457902
0.134775239465033,0.323308438362831,12,1,389457902
0.657231106931684,0.326771962530266,12,1,389457902
0.842275357619147,0.989062788861141,12,1,389457902
0.99822445163317,0.0220185400695394,12,1,389457902
0.227835191838821,0.384198794718255,12,1,389457902
0.942350104953494,0.335812688492526,12,1,389457902
0.18103835596935,0.0966053251055903,12,1,389457902
0.349471700999191,0.309138740600706,12,1,389457902
0.755423107456357,0.915430901251087,12,1,389457902
0.150532279408945,0.177794589090207,12,1,389457902
0.102687945261393,0.386593083259392,12,1,389457902
0.857227448037371,0.468714640070595,12,1,389457902
0.856401744415487,0.570245320082106,12,1,389457902
0.359697544480249,0.826266182675091,12,1,389457902
0.821027100843777,0.444484467130994,12,1,389457902
0.335678487498269,0.467531622086317,12,1,389457902
0.363437034976633,0.537951331687871,12,1,389457902
0.129432509988778,0.0960866514750087,12,1,389457902
0.406476662641172,0.793265683548772,12,1,389457902
0.101955184770181,0.431522491231035,12,1,389457902
0.871684939330994,0.344487126519917,12,1,389457902
0.394088383513642,0.683873112986943,12,1,389457902
0.604811865789182,0.511147315201064,12,1,389457902
0.392987389497679,0.302775058357486,12,1,389457902
0.427076819842744,0.965005218766199,12,1,389457902
0.461646848098852,0.733035257707039,12,1,389457902
0.577333182225932,0.574984067476524,12,1,389457902
0.104727698631536,0.105401822381557,12,1,389457902
0.75488235273842,0.300497846706782,12,1,389457902
0.660016423115541,0.120786125518752,12,1,389457902
0.696245215911696,0.987334812660298,12,1,389457902
0.00650295032418668,0.488957114794232,12,1,389457902
0.944997530984137,0.429292665116256,12,1,389457902
0.395890685469095,0.336427858694571,12,1,389457902
