0.399231023290063,0.770058289500291,12,1,389457902
0.00295459178030821,0.279263943356372,12,1,389457902
0.498063880255154,0.00558608560545304,12,1,389457902
0.058360105780249,0.641246679833017,12,1,389457902
0.449939451903528,0.398630114768808,12,1,389457902
0.444457514123082,0.790532214811142,12,1,389457902
0.383620072429806,0.143598937327339,12,1,389457902
0.69584470600559,0.179801596703805,12,1,389457902
0.431702875330493,0.0105221237649271,12,1,389457902
0.912679859639643,0.0415304468049591,12,1,389457902
0.413150569051954,0.228486216823574,12,1,389457902
0.775084854776444,0.533299951682659,12,1,389457902
0.31990416200721,0.174161490514609,12,1,389457902
0.513536304924589,0.430610170909375,12,1,389457902
0.933325884843659,0.887995719999297,12,1,389457902
0.0298184056490074,0.621071439065463,12,1,389457902
0.647671530154987,0.501271538527959,12,1,389457902
0.851168988108761,0.102332367997847,12,1,389457902
0.387765441276773,0.414663972776784,12,1,389457902
0.808600086525666,7.03304842195607E-05,12,1,389457902
0.848966023313698,0.23543736646948,12,1,389457902
0.170455515424631,0.867870696741218,12,1,389457902
0.970757165111019,0.165154499184512,12,1,389457902
0.980383135009056,0.613775361685735,12,1,389457902
0.886112904462567,0.191321213482832,12,1,389457902
0.706940663004667,0.591255826383998,12,1,389457902
0.945779610337778,0.707859307357515,12,1,389457902
0.830484857776071,0.188078756987566,12,1,389457902
0.278733801813706,0.156030880481799,12,1,389457902
0.187134280699878,0.302522451594256,12,1,389457902
0.684435541025143,0.313852919149583,12,1,389457902
0.542878872438954,0.210944538648252,12,1,389457902
0.554566695959588,0.645916973547756,12,1,389457902
0.871083186731304,0.31902348767531,12,1,389457902
0.299183357474223,0.107122725449444,12,1,389457902
0.119584235224289,0.255412710618357,12,1,389457902
0.228914361335697,0.974827943080832,12,1,389457902
0.077441020932578,0.354326812202329,12,1,389457902
0.923725039960263,0.508890413581146,12,1,389457902
0.757688737409673,0.754827681568753,12,1,389457902
0.77580971723655,0.400416767759431,12,1,389457902
0.608399847199814,0.596579667136409,12,1,389457902
0.483253792154216,0.137676136787009,12,1,389457902
0.760295347961344,0.243687360295691,12,1,389457902
0.411705939104864,0.426518728284644,12,1,389457902
0.652626957239796,0.106093388780115,12,1,389457902
0.292574488730329,0.0251402482639183,12,1,389457902
0.680438973516832,0.636684115857519,12,1,389457902
0.671509472756894,0.201456319715362,12,1,389457902
0.437120486045164,0.725344068815582,12,1,389457902
0.977681162132196,0.663347160220153,12,1,389457902
0.388812085317816,0.21437920016158,12,1,389457902
0.877234440256669,0.928870594433651,12,1,389457902
0.664132700935358,0.613395674670215,12,1,389457902
0.554250562667805,0.469985748167909,12,1,389457902
0.924118230243882,0.174148869782952,12,1,389457902
0.905548808102942,0.603888906277695,12,1,389457902
0.276259025990392,0.548234673356436,12,1,389457902
0.545112523938318,0.258337815533683,12,1,389457902
0.891386486090703,0.351634796562672,12,1,389457902
0.916404766233573,0.391754152743673,12,1,389457902
0.0635287646618092,0.454801785861009,12,1,389457902
0.200627315186245,0.276138752784308,12,1,389457902
0.63424293457291,0.421271370040088,12,1,389457902
0.724150865698115,0.872076265752496,12,1,389457902
0.179511745153651,0.694315386846887,12,1,389457902
0.446195668707766,0.171063079991487,12,1,389457902
0.166020506035937,0.720384527340433,12,1,389457902
0.293568943520162,0.985667717228575,12,1,389457902
0.884664915182166,0.660159632255405,12,1,389457902
0.840889779201489,0.683769158752828,12,1,389457902
0.237336622557078,0.40227532651784,12,1,389457902
0.997838277317663,0.630340749571071,12,1,389457902
0.369256480334525,0.974867324139673,12,1,389457902
0.248378042644644,0.637560140123065,12,1,389457902
0.637362345557001,0.715859630596553,12,1,389457902
0.893971069164801,0.774132006028428,12,1,389457902
0.933260069306472,0.264760119208153,12,1,389457902
0.277922153302939,0.96183304681494,12,1,389457902
0.28536019434768,0.565991381235009,12,1,389457902
0.383220824014942,0.258835401335916,12,1,389457902
0.179131479141758,0.229865341132697,12,1,389457902
0.826700791862626,0.974648637135161,12,1,389457902
0.927389791862409,0.510182379344003,12,1,389457902
0.779828209605767,0.959648789048037,12,1,389457902
0.622325031951861,0.382908023096762,12,1,389457902
0.109088250038433,0.832149075378979,12,1,389457902
0.793357535245423,0.248931629381214,12,1,389457902
0.642651749313954,0.894183678107315,12,1,389457902
0.560579077249961,0.74769633889141,12,1,389457902
0.0217238091369216,0.381341028899032,12,1,389457902
0.044100945644415,0.242536781358725,12,1,389457902
0.899620728768472,0.879973759402977,12,1,389457902
0.224234662364311,0.681472308982198,12,1,389457902
0.53808631337498,0.45104301968644,12,1,389457902
0.14612119677814,0.154185657739499,12,1,389457902
0.551224031009207,0.98821138122333,12,1,389457902
0.293672594692705,0.699832258330155,12,1,389457902
0.922956249174336,0.522290530034208,12,1,389457902
0.0605309709855222,0.792579784240196,12,1,389457902
0.334905296502654,0.0125025688188511,12,1,389457902
0.0608100572694799,0.587386002057682,12,1,389457902
0.619048390170082,0.445152870758119,12,1,389457902
0.105203188552887,0.10738124206509,12,1,389457902
0.216353768243375,0.401060078444199,12,1,389457902
0.45398742861115,0.187490025703973,12,1,389457902
0.13255068046,0.224560596097739,12,1,389457902
0.6756281448121,0.14357156684929,12,1,389457902
0.0426978858207869,0.289649072756259,12,1,389457902
0.68610103884363,0.0669821291687471,12,1,389457902
0.249011930952158,0.65391985588158,12,1,389457902
0.204961346542448,0.647505008980398,12,1,389457902
0.762806775631435,0.19951880191461,12,1,389457902
0.245291870487154,0.381045853642289,12,1,389457902
0.311661580536734,0.0307929391687072,12,1,389457902
0.118204529963037,0.346727098504185,12,1,389457902
0.829212942314529,0.076218534068933,12,1,389457902
0.447123296228581,0.539523830581894,12,1,389457902
0.82246246566403,0.908021049745233,12,1,389457902
0.955661340142135,0.681405020747019,12,1,389457902
0.968555703209713,0.236312662063002,12,1,389457902
0.330125583401313,0.748815097966961,12,1,389457902
0.990793128066989,0.808132070874145,12,1,389457902
0.551004595641038,0.118718283553944,12,1,389457902
0.132240773519369,0.466843665208976,12,1,389457902
0.893095418766191,0.57782345402861,12,1,389457902
0.0632251221255056,0.582649859996161,12,1,389457902
0.235966184628322,0.0190021158067522,12,1,389457902
0.926021479494598,0.406669890748738,12,1,389457902
0.432511911075965,0.832948907190933,12,1,389457902
0.0466992792235974,0.599980675067204,12,1,389457902
0.522633079802752,0.798193052522786,12,1,389457902
0.943325882045943,0.698518942228842,12,1,389457902
0.677478190296932,0.231657704760109,12,1,389457902
0.355356243236114,0.102087307800655,12,1,389457902
0.0177623428097435,0.913083917733937,12,1,389457902
0.055227553087895,0.89054462450139,12,1,389457902
0.115185233704127,0.762670571024029,12,1,389457902
0.93287556444716,0.322919383359393,12,1,389457902
0.355549623194828,0.451369059767525,12,1,389457902
0.299155089901381,0.653163871339849,12,1,389457902
0.0581698042790109,0.261248151978941,12,1,389457902
0.465765529613534,0.977003910757047,12,1,389457902
0.296907772981478,0.729026161868865,12,1,389457902
0.077891129919049,0.106124080892273,12,1,389457902
0.865152779082332,0.181678264992263,12,1,389457902
0.478552831747987,0.253586916044624,12,1,389457902
0.219213646010765,0.439154781061983,12,1,389457902
0.273503756199346,0.207554380439214,12,1,389457902
0.391119075766817,0.99507644173477,12,1,389457902
0.970863178268413,0.705868180665121,12,1,389457902
0.217441196145297,0.900708893208873,12,1,389457902
0.00629078647596959,0.404970876903212,12,1,389457902
0.0840717362927208,0.422043507784777,12,1,389457902
0.620155322101751,0.0246203982743616,12,1,389457902
0.685935772044012,0.0919324607659293,12,1,389457902
0.0849493953653102,0.305716754744937,12,1,389457902
0.236041372084567,0.210417358477399,12,1,389457902
0.0945120092609477,0.714766416071666,12,1,389457902
0.442210580253409,0.299540813331875,12,1,389457902
0.98246294214002,0.461134511913029,12,1,389457902
0.401277505885951,0.189971483780863,12,1,389457902
0.910389398391558,0.923988414763224,12,1,389457902
0.0481123536540937,0.537941519413326,12,1,389457902
0.545420808040974,0.0171757640365322,12,1,389457902
0.330769944736129,0.723325229405275,12,1,389457902
0.895550366025165,0.830524519912109,12,1,389457902
0.929125261384954,0.171018320132306,12,1,389457902
0.899572437603352,0.602072508718384,12,1,389457902
0.827990766494864,0.939440916439948,12,1,389457902
0.652743707508455,0.115689993899684,12,1,389457902
0.908196151289105,0.743103314999681,12,1,389457902
0.416892794572655,0.434444357074095,12,1,389457902
0.610633448203407,0.771263399901919,12,1,389457902
0.665901141643765,0.0344259315992383,12,1,389457902
0.658838095280754,0.0254526273529176,12,1,389457902
0.270188927206269,0.982654187680755,12,1,389457902
0.158579743161607,0.37293173310285,12,1,389457902
0.456068362476741,0.356735935935674,12,1,389457902
0.30541794658811,0.894205277398194,12,1,389457902
0.0508730250710636,0.262787758391324,12,1,389457902
0.527691844379343,0.649993485167773,12,1,389457902
0.920348947975695,0.697571787555678,12,1,389457902
0.452438422510603,0.854547696801697,12,1,389457902
0.155608524000311,0.770644678006991,12,1,389457902
0.227572534024296,0.897298494009235,12,1,389457902
0.0929785027032359,0.588317406643172,12,1,389457902
0.137012829407043,0.535702031898046,12,1,389457902
0.576266430041135,0.115168756719199,12,1,389457902
0.670659121550292,0.388251537736473,12,1,389457902
0.637718592669524,0.141577273421161,12,1,389457902
0.177866925777983,0.194716753458514,12,1,389457902
0.361149233134472,0.255681156783212,12,1,389457902
0.658452490524809,0.508367432350715,12,1,389457902
0.830732802311932,0.0265165828323566,12,1,389457902
0.962174732426932,0.139072091567555,12,1,389457902
0.390852325447504,0.782508040827255,12,1,389457902
0.0796755373501608,0.370778241793313,12,1,389457902
0.0157441496544088,0.330058199984911,12,1,389457902
0.84130002582037,0.649236341261789,12,1,389457902
0.934920898998879,0.877069566543269,12,1,389457902
0.767734560999142,0.607895328350988,12,1,389457902
0.889319419836736,0.654118233394795,12,1,389457902
0.340577854860091,0.260382753269015,12,1,389457902
0.546110126480686,0.0275115844942588,12,1,389457902
0.962041891585627,0.857846974462116,12,1,389457902
0.11563022824394,0.448006517639738,12,1,389457902
0.637027336858332,0.0151020311644712,12,1,389457902
0.878498199218195,0.601506660345416,12,1,389457902
0.741109590695613,0.487194714393143,12,1,389457902
0.0755505876058584,0.409428066748887,12,1,389457902
0.549771006244717,0.275522376352414,12,1,389457902
0.686167192731315,0.75155344219873,12,1,389457902
0.235665854673576,0.482655034497668,12,1,389457902
0.32984142953057,0.375021692434317,12,1,256835671
0.0203415101045095,0.0430205938888719,12,1,256835671
0.5161800754171,0.0542778033415061,12,1,256835671
0.647092501011993,0.320946629975269,12,1,256835671
0.216326630290266,0.0265761970691383,12,1,256835671
0.0727081694226186,0.199409595632715,12,1,256835671
0.653710131010472,0.155521783330297,12,1,256835671
0.224995904663467,0.909224497382977,12,1,256835671
0.057626096197948,0.93688665366709,12,1,256835671
0.205935143317359,0.807980329890917,12,1,256835671
0.0895020254903311,0.0683495483679843,12,1,256835671
0.78095842641071,0.621850101801099,12,1,256835671
0.0159854228494629,0.723877444590221,12,1,256835671
0.708257422846377,0.0920109362907375,12,1,256835671
0.233732772999065,0.455686471514243,12,1,256835671
0.992104194694917,0.414881281782352,12,1,256835671
0.31073151699402,0.332622203229967,12,1,256835671
0.518961668476648,0.149519679570113,12,1,256835671
0.360631214760633,0.440967404606196,12,1,256835671
0.0531279533229485,0.0346207599848816,12,1,256835671
0.767497473221769,0.036153730275436,12,1,256835671
0.485949805929938,0.737808348178939,12,1,256835671
0.368199685789553,0.453592828820128,12,1,256835671
0.84672103294604,0.00355196511158873,12,1,256835671
0.212004982382528,0.947723286825436,12,1,256835671
0.258429310088911,0.237805098407889,12,1,256835671
0.959147668743926,0.5635030289,12,1,256835671
0.104521606888035,0.971655056269314,12,1,256835671
0.426646270994406,0.38723306111929,12,1,256835671
0.30467334888018,0.200460787026797,12,1,256835671
0.992441552046678,0.806507114757273,12,1,256835671
0.375145626340666,0.281725802903055,12,1,256835671
0.936382318833687,0.461051023591954,12,1,256835671
0.887238046178718,0.685523655800821,12,1,256835671
0.783111896101927,0.318531017542837,12,1,256835671
0.486088040435078,0.735801417671256,12,1,256835671
0.223562419527418,0.696113774783934,12,1,256835671
0.812395685346289,0.897205803495517,12,1,256835671
0.31893974619709,0.918908453118072,12,1,256835671
0.193925103445443,0.691258781592706,12,1,256835671
0.358681461379382,0.711307767551026,12,1,256835671
0.789544062940421,0.422022035010787,12,1,256835671
0.180578568559397,0.206409860883175,12,1,256835671
0.127588422075601,0.940845246547273,12,1,256835671
0.173172850069914,0.826538654956408,12,1,256835671
0.144826311947182,0.206476512917098,12,1,256835671
0.650378764959822,0.677203729254583,12,1,256835671
0.161794135550695,0.831176276927349,12,1,256835671
0.28451200550919,0.225833154306243,12,1,256835671
0.388083266423744,0.012583510804415,12,1,256835671
0.184900733730501,0.816804762842378,12,1,256835671
0.679832069627897,0.873164744252965,12,1,256835671
0.0598759525709824,0.158508884204223,12,1,256835671
0.541197707061977,0.596429051799811,12,1,256835671
0.287335392538716,0.286829834130769,12,1,256835671
0.735326180228927,0.758905713607823,12,1,256835671
0.822635218351075,0.042212285919105,12,1,256835671
0.551331129327121,0.648710783323541,12,1,256835671
0.63449512279019,0.363635748917379,12,1,256835671
0.0504468531370468,0.595852845266188,12,1,256835671
0.608197279731924,0.122269900377648,12,1,256835671
0.400391877591373,0.940035695756452,12,1,256835671
0.512434746801332,0.587863025122279,12,1,256835671
0.613502889369618,0.988204229120332,12,1,256835671
0.471577864011424,0.269584138161917,12,1,256835671
0.0241961472527141,0.98256911383404,12,1,256835671
0.170220185158608,0.960670428422643,12,1,256835671
0.825950511577568,0.178764156455123,12,1,256835671
0.292958231939816,0.771131011789607,12,1,256835671
0.371802192254026,0.835977986698174,12,1,256835671
0.71555485177093,0.488208130935319,12,1,256835671
0.831622807696661,0.553310549377169,12,1,256835671
0.709633714526461,0.786516530484974,12,1,256835671
0.257697597473763,0.105674111537189,12,1,256835671
0.374136706412454,0.942921790391818,12,1,256835671
0.0942607645124338,0.525012337182358,12,1,256835671
0.78865733323556,0.996909940556892,12,1,256835671
0.882876862405935,0.503558115457251,12,1,256835671
0.690934971587623,0.924217511808917,12,1,256835671
0.18912773219444,0.664222772159549,12,1,256835671
0.103383688780763,0.493147645578882,12,1,256835671
0.548941720519996,0.744985714094106,12,1,256835671
0.691711354082415,0.600065305845839,12,1,256835671
0.721955001916161,0.502239532449489,12,1,256835671
0.424670196119506,0.704515718682394,12,1,256835671
0.0999579501168049,0.518301569394444,12,1,256835671
0.64464233346306,0.257871450433014,12,1,256835671
0.779789775794437,0.0557641319545832,12,1,256835671
0.551025469313604,0.714346767647212,12,1,256835671
0.689836071176749,0.668210969637847,12,1,256835671
0.994696054072226,0.997526776149391,12,1,256835671
0.300969295461138,0.675336752395802,12,1,256835671
0.638721899454905,0.0678630392154749,12,1,256835671
0.246035797710838,0.15505101547989,12,1,256835671
0.311058240109942,0.0624800089089481,12,1,256835671
0.402630480043298,0.370916618544265,12,1,256835671
0.199520220182499,0.214571195557879,12,1,256835671
0.419303120179778,0.664425300846381,12,1,256835671
0.979387281210749,0.823274653636336,12,1,256835671
0.583992224568124,0.930609806821114,12,1,256835671
0.299064780374144,0.0387906870766672,12,1,256835671
0.603874376869072,0.482407828611108,12,1,256835671
0.110520369000115,0.720063875882273,12,1,256835671
0.216393651778945,0.60375155503009,12,1,256835671
0.517474394385346,0.110244853570312,12,1,256835671
0.539881655223883,0.582416056960009,12,1,256835671
0.880760340750596,0.939973367315422,12,1,256835671
0.887890042813041,0.829940146390745,12,1,256835671
0.507232975113474,0.935701356183992,12,1,256835671
0.620543617278129,0.462177475263872,12,1,256835671
0.160237561675374,0.29613707905638,12,1,256835671
0.765692246666551,0.84003133417433,12,1,256835671
0.645201427233072,0.108021595016652,12,1,256835671
0.0854666752425259,0.217313050233925,12,1,256835671
0.382359981828076,0.297129098674609,12,1,256835671
0.700995492664169,0.323186625295893,12,1,256835671
0.418951908486056,0.541462627516911,12,1,256835671
0.853302164532637,0.729307987091781,12,1,256835671
0.512851891516284,0.344373803021116,12,1,256835671
0.349375440236605,0.381031805507815,12,1,256835671
0.212550187566595,0.624223793540866,12,1,256835671
0.81894356944862,0.791316997055044,12,1,256835671
0.783959944167553,0.556855803408617,12,1,256835671
0.664503397144054,0.956151831195992,12,1,256835671
0.81822231157695,0.575344442113933,12,1,256835671
0.652714803742368,0.428366751314788,12,1,256835671
0.0370348362432509,0.8420733072548,12,1,256835671
0.0734378327550109,0.521413097733163,12,1,256835671
0.614128545226891,0.0023191055980496,12,1,256835671
0.863322247516738,0.312686740195371,12,1,256835671
0.388631716524006,0.827426825343482,12,1,256835671
0.994542803901557,0.10761584068779,12,1,256835671
0.503978642469164,0.186226981715499,12,1,256835671
0.960135596202614,0.590941557903708,12,1,256835671
0.17423948031592,0.0864367155641945,12,1,256835671
0.142588439130181,0.511425112094682,12,1,256835671
0.060268024229293,0.331020536501675,12,1,256835671
0.74103440534944,0.294674176153806,12,1,256835671
0.380266985689174,0.558684736842727,12,1,256835671
0.895145688268581,0.689797092709909,12,1,256835671
0.78306117801967,0.0587441614082671,12,1,256835671
0.33858003804134,0.246404317253871,12,1,256835671
0.0143552648706722,0.148931160408228,12,1,256835671
0.377638043810267,0.641284594130179,12,1,256835671
0.612919514470388,0.568202943319432,12,1,256835671
0.889224645175908,0.371355878372068,12,1,256835671
0.0760038498666353,0.642256235702855,12,1,256835671
0.890421208892641,0.185711733969089,12,1,256835671
0.453633073392464,0.200601950970904,12,1,256835671
0.916453726738991,0.395308826517565,12,1,256835671
0.712375711078517,0.813033638523545,12,1,256835671
0.000716947204370655,0.0352549277000542,12,1,256835671
0.169847257349306,0.839576072618776,12,1,256835671
0.576747358711079,0.370118405003574,12,1,256835671
0.724692145249409,0.418326195159573,12,1,256835671
0.647385421348199,0.0656565093476387,12,1,256835671
0.066181569990666,0.538400921017156,12,1,256835671
0.391128676152763,0.362713934910811,12,1,256835671
0.67148392979724,0.0931991053910364,12,1,256835671
0.707520140613736,0.532702069232562,12,1,256835671
0.231255914145127,0.0038437947738823,12,1,256835671
0.811154841882941,0.752565038038807,12,1,256835671
0.281429006618682,0.0123474852892134,12,1,256835671
0.937481241956808,0.970552433152499,12,1,256835671
0.0305353679615292,0.858273871467312,12,1,256835671
0.955775560997243,0.107290610872253,12,1,256835671
0.235190090552476,0.638442176417946,12,1,256835671
0.468108680479304,0.114466832455566,12,1,256835671
0.757314922901454,0.956879692178792,12,1,256835671
0.169854526513938,0.0974463307318336,12,1,256835671
0.882334928252697,0.58205413925123,12,1,256835671
0.564402296277988,0.460648014719514,12,1,256835671
0.599033560253419,0.798405386674682,12,1,256835671
0.752055386988539,0.770691809986448,12,1,256835671
0.607026663672971,0.246601559384601,12,1,256835671
0.17008636802138,0.801026659480173,12,1,256835671
0.972093635909616,0.647208172557859,12,1,256835671
0.0802642687884147,0.853435090170449,12,1,256835671
0.553415205089835,0.868094617797334,12,1,256835671
0.281528041868251,0.306816471126664,12,1,256835671
0.0358829367438631,0.288147020071,12,1,256835671
0.0243553581156397,0.755946036325842,12,1,256835671
0.452281340926035,0.106282508545381,12,1,256835671
0.712213512456597,0.222906607795031,12,1,256835671
0.63343641464172,0.10204178999361,12,1,256835671
0.396044074549614,0.175595248923078,12,1,256835671
0.472369542613968,0.898346031502896,12,1,256835671
0.24713474852537,0.411390635487356,12,1,256835671
0.088099005289255,0.93799968206805,12,1,256835671
0.42657261908939,0.11382349081448,12,1,256835671
0.901026531940549,0.222846614020343,12,1,256835671
0.0807567205533497,0.399882516366286,12,1,256835671
0.647172788292403,0.940569334146351,12,1,256835671
0.486046046462971,0.872086112014893,12,1,256835671
0.55185951197642,0.503337209696942,12,1,256835671
0.680095478410026,0.305320679032979,12,1,256835671
0.0900646316891569,0.658498335111966,12,1,256835671
0.124663833138537,0.737041108466218,12,1,256835671
0.383014182788161,0.728853621289545,12,1,256835671
0.959002173992213,0.175387347238099,12,1,256835671
0.879819738884017,0.444931506459276,12,1,256835671
0.321770940941446,0.50594026535923,12,1,256835671
0.895613553215918,0.901437496408269,12,1,256835671
0.720918812231955,0.307745289613876,12,1,256835671
0.890717191132889,0.764361220937612,12,1,256835671
0.0299388464606967,0.971811092688734,12,1,256835671
0.302713533183784,0.563324463996753,12,1,256835671
0.843826999831985,0.430414725361603,12,1,256835671
0.767917348983894,0.453464497897519,12,1,256835671
0.733759325019996,0.39626027316126,12,1,256835671
0.780212734787934,0.834237141021472,12,1,256835671
0.0459441823410112,0.118267796600515,12,1,256835671
0.832234280060682,0.390480437085773,12,1,256835671
0.71879550301635,0.614926408876016,12,1,256835671
0.450708833511495,0.465564890049491,12,1,256835671
0.0129844225941618,0.333590855011912,12,1,256835671
0.325652034005347,0.0515956876908414,12,1,256835671
0.84419304877891,0.848118850573983,12,1,256835671
0.55754459885209,0.168453580597079,12,1,256835671
0.433321362597136,0.0257773135552375,12,1,256835671
0.602671881069313,0.427403661620837,12,1,256835671
0.925428285606816,0.815662603489328,12,1,256835671
0.157480777651847,0.598717924283426,12,1,256835671
0.0916011078958689,0.0798135772641082,12,1,256835671
0.103623457715274,0.519132105500437,12,1,256835671
0.532365054841024,0.662669329906715,12,1,256835671
0.94761386636553,0.0680192459013709,12,1,256835671
0.881306039989573,0.785762652571831,12,1,256835671
0.0954852197001475,0.831646470135597,12,1,256835671
0.727344304132441,0.271861742089821,12,1,256835671
0.769427775085046,0.838866285250354,12,1,256835671
0.455052830229138,0.43194969959797,12,1,256835671
0.516880195607998,0.831272693698522,12,1,256835671
0.319807273867916,0.61216461395723,12,1,256835671
0.297024871312183,0.0367004991110582,12,1,256835671
0.834610424553994,0.20863890715373,12,1,256835671
0.769956187035531,0.699390079366978,12,1,256835671
0.307980761034494,0.788598671899022,12,1,256835671
0.406737483670148,0.586342212039347,12,1,256835671
0.154274872425909,0.60693932179348,12,1,256835671
0.512924788591352,0.800667417517791,12,1,256835671
0.265765521279764,0.822646301916705,12,1,256835671
0.915025635395598,0.263435811616824,12,1,256835671
0.290799384294042,0.655428902533314,12,1,256835671
0.66136783935876,0.385234818196583,12,1,256835671
0.169019272665577,0.38267952808403,12,1,256835671
0.0801697608954524,0.35969572647968,12,1,256835671
0.275951955545193,0.0180525896543173,12,1,256835671
0.499385466834122,0.778266144525703,12,1,256835671
0.869182543985444,0.422539439430443,12,1,256835671
0.285068218172044,0.142713374227909,12,1,256835671
0.432151921756108,0.89535836318374,12,1,256835671
0.973520175118624,0.0822138744161816,12,1,256835671
0.712170668136213,0.327034536985159,12,1,256835671
0.988322977706238,0.385009888814654,12,1,256835671
0.371425566611025,0.810900002028165,12,1,256835671
0.661766970049398,0.393395235165978,12,1,256835671
0.933737892030403,0.862433793397704,12,1,256835671
0.898448264473353,0.230692962693022,12,1,256835671
0.39874028026491,0.211473060080524,12,1,256835671
0.51749506553679,0.81621850087352,12,1,256835671
0.64706462443005,0.83224603322592,12,1,256835671
0.165898915870807,0.257192458813605,12,1,256835671
0.544089186480831,0.961342045948879,12,1,256835671
0.584642626116626,0.216349425909653,12,1,256835671
0.00347880375535325,0.351957723818941,12,1,256835671
0.904123823326321,0.905076777538593,12,1,256835671
0.988137677234886,0.610100142270167,12,1,256835671
0.915229990082735,0.452092397430492,12,1,256835671
0.322115524809876,0.21828393500261,12,1,256835671
0.160021291235463,0.0198036532983048,12,1,256835671
0.431149416528394,0.128730559613329,12,1,256835671
0.815120531635668,0.687629717344925,12,1,256835671
0.588582179474157,0.842860606170858,12,1,256835671
0.840409655901223,0.421390107585837,12,1,256835671
0.0210951212685462,0.469996310992062,12,1,256835671
0.620596510568809,0.597361848982146,12,1,256835671
0.31004749011161,0.328048141419147,12,1,256835671
0.776673624576959,0.992235513093851,12,1,256835671
0.505217786698087,0.727879655786622,12,1,256835671
0.423402809868938,0.243555142375396,12,1,256835671
0.698764916105924,0.106978144808136,12,1,256835671
0.699283271406329,0.565928344845135,12,1,256835671
0.385225970672167,0.489854326486177,12,1,256835671
0.0743791543986476,0.362504366696108,12,1,256835671
0.135913818410629,0.869967918513162,12,1,256835671
0.413512492531961,0.367828246691688,12,1,256835671
0.0291883253967651,0.844252529289217,12,1,256835671
0.0405638300689164,0.61783192346626,12,1,256835671
0.69861686105662,0.258040836031975,12,1,256835671
0.906201614832087,0.441275292335862,12,1,256835671
0.774281437628553,0.712800123658053,12,1,256835671
0.370664485326198,0.271192166150287,12,1,256835671
0.965029697200746,0.308815958105292,12,1,256835671
0.840792366590755,0.0489923296623624,12,1,256835671
0.238038178817624,0.549257292487324,12,1,256835671
0.582620013625736,0.448729431343387,12,1,256835671
0.715773710319443,0.10504265070465,12,1,256835671
0.0907323583730753,0.91591503925493,12,1,256835671
0.255744816140695,0.210744439170152,12,1,256835671
0.217603333494818,0.347919916546154,12,1,256835671
0.678517559238367,0.484602382275477,12,1,256835671
0.855211862407375,0.401364473362146,12,1,256835671
0.442503514129544,0.93433027036793,12,1,256835671
0.0260254339572654,0.410307688445521,12,1,256835671
0.856993051478895,0.291989499986529,12,1,256835671
0.78055440124215,0.424187815824101,12,1,256835671
0.450946480623329,0.384044500841512,12,1,256835671
0.609924246083959,0.248018894165567,12,1,256835671
0.894978395113113,0.895295551898619,12,1,256835671
0.205187428363523,0.76425359892156,12,1,256835671
0.915199875465179,0.527876193673085,12,1,256835671
0.327700558205898,0.13261049885258,12,1,256835671
0.988707135672921,0.175668405589354,12,1,256835671
0.021102058602348,0.82436153965907,12,1,256835671
0.124598703417114,0.742603546202185,12,1,256835671
0.798790685542365,0.0324098473781929,12,1,256835671
0.91478948984193,0.981097502807415,12,1,256835671
0.574896155037814,0.976049882782221,12,1,256835671
0.142576506180331,0.463361804256544,12,1,256835671
0.596790440108192,0.971690064494172,12,1,256835671
0.0617833490771238,0.991239747332353,12,1,256835671
0.160373388536803,0.231339280683869,12,1,256835671
0.00306502470043668,0.152807504176011,12,1,256835671
0.623343852843949,0.15332534102682,12,1,256835671
0.126096077364896,0.605006514690927,12,1,256835671
0.52148399950416,0.0777150767945551,12,1,256835671
0.788795671022038,0.950467714193932,12,1,256835671
0.855364398938642,0.916298891847536,12,1,256835671
0.865307158107103,0.700066246050288,12,1,256835671
0.500892629665375,0.200977541568642,12,1,256835671
0.332210974497902,0.445315747930593,12,1,256835671
0.84112102529541,0.722118034910381,12,1,256835671
0.464332841277105,0.379931639168862,12,1,256835671
0.72630084818096,0.49092625505132,12,1,256835671
0.992910791835359,0.0909144130953061,12,1,256835671
0.999463422009331,0.653999214499126,12,1,256835671
0.837034644812056,0.380256842794054,12,1,256835671
0.220632605058099,0.0698318091260441,12,1,256835671
0.292065103643295,0.847933806029832,12,1,256835671
0.746220952636841,0.405312833799556,12,1,256835671
0.670327773175466,0.42225599081823,12,1,256835671
0.827497002745998,0.0844956148396587,12,1,256835671
0.291308804348231,0.361329258289103,12,1,256835671
0.000733151424859635,0.936904741799778,12,1,256835671
0.681414622357924,0.55296721173987,12,1,256835671
0.651576767671018,0.682268322878929,12,1,256835671
0.818801268387948,0.889879808927134,12,1,256835671
0.865646326850188,0.3754852378584,12,1,256835671
0.685104228355209,0.316734850482296,12,1,256835671
0.708842326218188,0.214292947643798,12,1,256835671
0.970306008401124,0.197223478163291,12,1,256835671
0.676616463638904,0.357808554303086,12,1,256835671
0.541527559272454,0.485547495587627,12,1,256835671
0.985113335899223,0.0907376690464305,12,1,256835671
0.300489016110793,0.774033527741226,12,1,256835671
0.630492351472003,0.515810351982805,12,1,256835671
0.446990984891314,0.534055052769785,12,1,256835671
0.0471679028968595,0.278056693796559,12,1,256835671
0.73962893560174,0.392168534738413,12,1,256835671
0.938977352740708,0.0225116381669395,12,1,256835671
0.11436595242038,0.298208794192197,12,1,256835671
0.396281445816359,0.0717043182289805,12,1,256835671
0.194518914735559,0.0490855548684257,12,1,256835671
0.430997134970665,0.568013674915237,12,1,256835671
0.331185773736475,0.874960811477837,12,1,256835671
0.520483371981699,0.715351902562304,12,1,256835671
0.375129002133842,0.0670541135208547,12,1,256835671
0.780643072692665,0.950649968282866,12,1,256835671
0.527049317733362,0.120305912133374,12,1,256835671
0.710667682747165,0.983049678110602,12,1,256835671
0.0120996868686891,0.175940088705206,12,1,256835671
0.741810349989685,0.796173004045381,12,1,256835671
0.216285885947772,0.412118579729857,12,1,256835671
0.666015242529765,0.593953103109007,12,1,256835671
0.248348105476637,0.412938148370642,12,1,256835671
0.306436365307267,0.310622824046074,12,1,256835671
0.909396078461186,0.696506536966493,12,1,256835671
0.861572061880485,0.828776659439327,12,1,256835671
0.922000147537266,0.411526938430523,12,1,256835671
0.536919206067688,0.898020762627292,12,1,256835671
0.432967007878502,0.551830506766183,12,1,256835671
0.967493743925914,0.0999631098428466,12,1,256835671
0.290804223886263,0.99173712751258,12,1,256835671
0.456904768511635,0.643304987230814,12,1,256835671
0.200548995671552,0.536268651658407,12,1,256835671
0.480631904841095,0.0842742664108536,12,1,256835671
0.033493120784863,0.0436047810001556,12,1,256835671
0.829057033342607,0.0106884822302513,12,1,256835671
0.491334623891696,0.946651645090472,12,1,256835671
0.599845423620492,0.330081436880717,12,1,256835671
0.916200180346923,0.727826436620534,12,1,256835671
0.41398430970638,0.390908212844958,12,1,256835671
0.540241630133048,0.745432054035736,12,1,256835671
0.934867683934525,0.657431497393711,12,1,256835671
0.0960207418349797,0.730123788752652,12,1,256835671
0.529862445247786,0.877303790797399,12,1,256835671
0.655709868025582,0.376101257781529,12,1,256835671
0.788212058394304,0.735821524011532,12,1,256835671
0.685705604271152,0.424126745338002,12,1,256835671
0.833004349699744,0.577590234909437,12,1,256835671
0.381257925819819,0.965180822176702,12,1,256835671
0.251929524709607,0.51576247493847,12,1,256835671
0.143131748597003,0.947944255705443,12,1,256835671
0.182146814270566,0.427386387673189,12,1,256835671
0.931212622581128,0.0697729341514521,12,1,256835671
0.864502663111065,0.723053336992328,12,1,256835671
0.165569577304044,0.290815070065377,12,1,256835671
0.321573778253248,0.565544719815161,12,1,256835671
0.503125371668952,0.908875670555655,12,1,256835671
0.430417943454205,0.48586993192686,12,1,256835671
0.718215288963996,0.00402006278612532,12,1,256835671
0.657996294240033,0.0225874915264521,12,1,256835671
0.926320364925407,0.22886516180774,12,1,256835671
0.652403014033029,0.0416836999043428,12,1,256835671
0.199800328241821,0.626796972712237,12,1,256835671
0.13594531991127,0.541391656685432,12,1,256835671
0.327687577730381,0.896839006691605,12,1,256835671
0.0209983139776253,0.316478150062482,12,1,256835671
0.0406871541370872,0.514524838190006,12,1,256835671
0.057809926065111,0.885316856029442,12,1,256835671
0.67233637875001,0.311642975978309,12,1,256835671
0.67892206807248,0.679175209329916,12,1,256835671
0.280299893103973,0.885365729433805,12,1,256835671
0.202514439148336,0.568825491280897,12,1,256835671
0.259562227818218,0.234747918043514,12,1,256835671
0.412402802811143,0.0107406908583885,12,1,256835671
0.11939602058136,0.108771295862858,12,1,256835671
0.440896278162011,0.278271496906175,12,1,256835671
0.641447928609468,0.577602433182624,12,1,256835671
0.994905134304289,0.941675327052645,12,1,256835671
0.17137527453212,0.565697754464099,12,1,256835671
0.34350010857566,0.926797235625287,12,1,256835671
0.0317509191265894,0.985263770172865,12,1,256835671
0.788236064923478,0.00319330753324287,12,1,256835671
0.422090366710646,0.0756695809442922,12,1,256835671
0.540135659367888,0.59225849076952,12,1,256835671
0.911493196500783,0.470988904470597,12,1,256835671
0.774922183062251,0.470725192133432,12,1,256835671
0.149619840430775,0.559376821190452,12,1,256835671
0.767487536613201,0.501315153869784,12,1,256835671
0.830579759498446,0.718146107206972,12,1,256835671
0.316470543110286,0.275428695174661,12,1,256835671
0.515489624824721,0.726394539586191,12,1,256835671
0.449250356846486,0.633571332834281,12,1,256835671
0.247875116096737,0.942667059891681,12,1,256835671
0.182824996451191,0.452525135263009,12,1,256835671
0.470763307343651,0.340183859184226,12,1,256835671
0.324082964630395,0.0509380498916574,12,1,256835671
0.442825953682372,0.27222621144072,12,1,256835671
0.63078367585499,0.817158403326111,12,1,256835671
0.792536464582366,0.407096923206705,12,1,256835671
0.27796840228779,0.868886719908761,12,1,256835671
0.433306113955024,0.851570229616357,12,1,256835671
0.533653944774461,0.572525369339034,12,1,256835671
0.743759519679232,0.72165663693797,12,1,256835671
0.505233274036089,0.714380783096629,12,1,256835671
0.483063573373407,0.00682206653829232,12,1,256835671
0.318740518697733,0.792363256956833,12,1,256835671
0.21739507169813,0.857709813215007,12,1,256835671
0.905158782787645,0.877024462165008,12,1,256835671
0.770916117722444,0.277605379714801,12,1,256835671
0.74074551261595,0.777744884719278,12,1,256835671
0.725721275347599,0.866251863622473,12,1,256835671
0.832753832981566,0.306082651775591,12,1,256835671
0.00731784955197634,0.092905452693854,12,1,256835671
0.802908327401765,0.450212990366857,12,1,256835671
0.414633043543049,0.400503613467359,12,1,256835671
0.757910845527321,0.0214353215739114,12,1,256835671
0.549734310503141,0.163952186373186,12,1,256835671
0.766764279919542,0.230012062519505,12,1,256835671
0.328381242170681,0.841325950784178,12,1,256835671
0.268063908564242,0.00928952288702778,12,1,256835671
0.0200623055835507,0.0697353786323607,12,1,256835671
0.660344490759207,0.114412899636143,12,1,256835671
0.553216714596148,0.753528978044522,12,1,256835671
0.808223718653787,0.747517577095008,12,1,256835671
0.530730762350407,0.620981093001098,12,1,256835671
0.878932618137621,0.386897737794075,12,1,256835671
0.167871886580728,0.55946880871945,12,1,256835671
0.606986009435893,0.0514648534303594,12,1,256835671
0.538925876538727,0.470626935380943,12,1,256835671
0.999420668450761,0.634938781733853,12,1,256835671
0.158770129703675,0.437035930285144,12,1,256835671
0.873145176869171,0.628206023612272,12,1,256835671
0.85014571788594,0.560722235430071,12,1,256835671
0.379501606952354,0.595414264003137,12,1,256835671
0.0140724602239073,0.528779421624839,12,1,256835671
0.775770867200472,0.657895358366992,12,1,256835671
0.277694513329463,0.696894168773691,12,1,256835671
0.873706790659993,0.53344924807435,12,1,256835671
0.253215718243897,0.579221745507283,12,1,256835671
0.215705809670047,0.775868699566716,12,1,256835671
0.253691266094141,0.670973435152225,12,1,256835671
0.46719910977264,0.355978344420008,12,1,256835671
0.466819232725578,0.278678395380412,12,1,256835671
0.134608348488617,0.733222142278609,12,1,256835671
0.477982682294186,0.126400246497226,12,1,256835671
0.831295791696599,0.130079983052128,12,1,256835671
0.0665877819782255,0.407694066553099,12,1,256835671
0.434354072397926,0.901967619156882,12,1,256835671
0.941843702540256,0.927228877881153,12,1,256835671
0.992150767937389,0.334902729364195,12,1,256835671
0.584120258416969,0.161678108276508,12,1,256835671
0.726466963999145,0.170766479078684,12,1,256835671
0.269813993582427,0.674181202974885,12,1,256835671
0.137280933231642,0.78533828994053,12,1,256835671
0.345800707810964,0.0936508843952213,12,1,256835671
0.567161559276553,0.0513962254259557,12,1,256835671
0.341719073073818,0.00861814435640706,12,1,256835671
0.37303369464571,0.634983797510484,12,1,256835671
0.0942713937390316,0.713923609013991,12,1,256835671
0.0975733043860618,0.467829645104073,12,1,256835671
0.463965126912481,0.709001968570402,12,1,256835671
0.741777298332231,0.846642890918739,12,1,256835671
0.598951521821578,0.360932892039503,12,1,256835671
0.591426651896293,0.776408240097493,12,1,256835671
0.754749735303629,0.446882710982182,12,1,256835671
0.844288810099628,0.431663549395149,12,1,256835671
0.59042136779501,0.170397179712419,12,1,256835671
0.635114236265732,0.0383075094314314,12,1,256835671
0.283698701947693,0.547403129058792,12,1,256835671
0.654192958098062,0.984247302388223,12,1,256835671
0.0287238511583991,0.836651763841997,12,1,256835671
0.659529564846013,0.127841359747324,12,1,256835671
0.719342643425175,0.252911685172928,12,1,256835671
0.680941868943016,0.2976836165222,12,1,256835671
0.998739780729732,0.594926225612929,12,1,256835671
0.733356975342498,0.519337179436092,12,1,256835671
0.690437265761136,0.493323264500725,12,1,256835671
0.737191701208052,0.478367108631231,12,1,256835671
0.405961616311151,0.282240532538456,12,1,256835671
0.602187001873739,0.67041446722556,12,1,256835671
0.878121341119016,0.956756161492104,12,1,256835671
0.445984957703803,0.126681462976012,12,1,256835671
0.865510544155614,0.546954708968229,12,1,256835671
0.300955532602075,0.0693753215683568,12,1,256835671
0.749014003873138,0.19799612176532,12,1,256835671
0.815392754170108,0.0177189808714111,12,1,256835671
0.395741552307207,0.236103539820467,12,1,256835671
0.44051821840534,0.0232661352798749,12,1,256835671
0.85770957200155,0.536284492603276,12,1,256835671
0.244855763557077,0.494914891190011,12,1,256835671
0.239267124550034,0.73318065570339,12,1,256835671
0.957226140295426,0.138104633169,12,1,256835671
0.760316554552103,0.380169006657057,12,1,256835671
0.354297242397936,0.159972184923268,12,1,256835671
0.876711466776078,0.914720211277369,12,1,256835671
0.550594945933582,0.787632517771294,12,1,256835671
0.124983689994878,0.358368720893791,12,1,256835671
0.428413673830904,0.0314510718621142,12,1,256835671
0.828306556414907,0.0790838569614902,12,1,256835671
0.567598189101551,0.374026201365586,12,1,256835671
0.558312614011514,0.760607744052193,12,1,256835671
0.360404313018434,0.127932046808166,12,1,256835671
0.650389347350042,0.201444365071734,12,1,256835671
0.46793768543186,0.0284791312975603,12,1,256835671
0.909151232782027,0.78330921247544,12,1,256835671
0.0198868473439493,0.519575477536317,12,1,256835671
0.444809084476925,0.595308893475275,12,1,256835671
0.879945465747769,0.446878356330003,12,1,256835671
0.625718745376034,0.229881194422244,12,1,256835671
0.925062313831331,0.992019823857373,12,1,256835671
0.998246585383414,0.947231214418851,12,1,256835671
0.547867614599677,0.251944862835977,12,1,256835671
0.114244714904947,0.639383227460947,12,1,256835671
0.0378442517602624,0.865461207743674,12,1,256835671
0.983370037889769,0.828746157194182,12,1,256835671
0.0449306969666461,0.0998621122491636,12,1,256835671
0.697166711178832,0.894717169194065,12,1,256835671
0.0779261383051786,0.82068589055688,12,1,256835671
0.285641307633297,0.942128453351234,12,1,256835671
0.733521114361095,0.523544949684281,12,1,256835671
0.780144213648092,0.849965004421175,12,1,256835671
0.761661492731616,0.466790899186741,12,1,256835671
0.652140218292339,0.61240043056967,12,1,256835671
0.260091475655554,0.742557477130972,12,1,256835671
0.408095506057258,0.777476826257421,12,1,256835671
0.0762206609838376,0.758660641263885,12,1,256835671
0.691744571647326,0.941675370740819,12,1,256835671
0.84076890260638,0.0522895882059733,12,1,256835671
0.78621501986976,0.27365409018933,12,1,256835671
0.0809984623524886,0.146642247793138,12,1,256835671
0.301310651487477,0.898325243428001,12,1,256835671
0.505128719336492,0.535671440397874,12,1,256835671
0.128838205581851,0.10400484380014,12,1,256835671
0.623399520997654,0.977169042979877,12,1,256835671
0.537970975465792,0.00484236784029424,12,1,256835671
0.142910445035642,0.46585747966502,12,1,256835671
0.651578430166602,0.585570757914992,12,1,256835671
0.550650196147051,0.525131763141918,12,1,256835671
0.203375575000347,0.703605646999809,12,1,256835671
0.302201240666441,0.293509696719051,12,1,256835671
0.520411966166039,0.476840351208071,12,1,256835671
0.807721103289868,0.680471882088099,12,1,256835671
0.385330512181959,0.433671372147044,12,1,256835671
0.667510420837734,0.267474088506765,12,1,256835671
0.476682361372064,0.63984927250314,12,1,256835671
0.696358117802513,0.801168546289831,12,1,256835671
0.514359625804756,0.897021494263556,12,1,256835671
0.166860616823016,0.219278889483212,12,1,256835671
0.494953359368487,0.698944337403173,12,1,256835671
0.324485582125008,0.819846977850756,12,1,256835671
0.771915547093446,0.896187603583567,12,1,256835671
0.0246899220209,0.239395726937083,12,1,256835671
0.279501231692142,0.552239086620985,12,1,256835671
0.961605177462587,0.793940408967796,12,1,256835671
0.480854598805985,0.392226234362179,12,1,256835671
0.125641060681728,0.0352631750916741,12,1,256835671
0.293492892565626,0.793744166901561,12,1,256835671
0.587356237099207,0.701372897291237,12,1,256835671
0.66669762516949,0.462692351274177,12,1,256835671
0.305410925474025,0.0238609582510032,12,1,256835671
0.736795223309924,0.790107300899121,12,1,256835671
0.0810410016156213,0.956579462484997,12,1,256835671
0.446517122048923,0.64424309861888,12,1,256835671
0.95457913050036,0.429454620067028,12,1,256835671
0.243650758688705,0.0269575006661125,12,1,256835671
0.335858231665504,0.016333783614721,12,1,256835671
0.874885554701241,0.365944198249388,12,1,256835671
0.0163636795313373,0.470386320278101,12,1,256835671
0.646721577481095,0.495492828629536,12,1,256835671
0.395643674188474,0.563934044195275,12,1,256835671
0.165629136074219,0.483842849033763,12,1,256835671
0.560908812951192,0.25688688991537,12,1,256835671
0.478207789699472,0.911119590675904,12,1,256835671
0.568274788945149,0.718545533679172,12,1,256835671
0.134069670575994,0.817091184416164,12,1,256835671
0.532294480330734,0.357016384368316,12,1,256835671
0.214076133552247,0.765435445238711,12,1,256835671
0.810291212466681,0.309791865599064,12,1,256835671
0.196464864605177,0.682323487116905,12,1,256835671
0.216549185478547,0.671867780499222,12,1,256835671
0.581690870540075,0.457665206046634,12,1,256835671
0.124879137843691,0.530178552472655,12,1,256835671
0.563596241325001,0.937877039242294,12,1,256835671
0.980219504930229,0.551112882238041,12,1,256835671
0.747808883483243,0.544321645309648,12,1,256835671
0.185751573797055,0.95050412757597,12,1,256835671
0.0853762028390266,0.89628403239315,12,1,256835671
0.511478696520602,0.53993719879377,12,1,256835671
0.271557073323933,0.926258476080088,12,1,256835671
0.853264969991376,0.938222276618236,12,1,256835671
0.703378685846371,0.538292332609691,12,1,256835671
0.224188696216434,0.505906948522216,12,1,256835671
0.688770738852281,0.0156532649760699,12,1,256835671
0.382949243410226,0.82989652153663,12,1,256835671
0.0490613283516286,0.55521618907201,12,1,256835671
0.326489952182324,0.804203491073928,12,1,256835671
0.96275168415314,0.487974709948192,12,1,256835671
0.501401447487076,0.98741436918576,12,1,256835671
0.324954606238273,0.710931136607442,12,1,256835671
0.71871046273375,0.557138202371588,12,1,256835671
0.359828981543795,0.696691467448665,12,1,256835671
0.540930000976255,0.324943914425379,12,1,256835671
0.690652724483719,0.385559884968901,12,1,256835671
0.603324295102243,0.612149680820575,12,1,256835671
0.0574637902095185,0.955855798627205,12,1,256835671
0.732282056300193,0.759361245941895,12,1,256835671
0.376164462333959,0.51466930117047,12,1,256835671
0.674468395821334,0.804778116753363,12,1,256835671
0.579496962842615,0.777774566162661,12,1,256835671
0.449687736455323,0.415657386973755,12,1,256835671
0.43121067999805,0.625827892032479,12,1,256835671
0.323213205935946,0.578265841266249,12,1,256835671
0.336848513762113,0.800889219873335,12,1,256835671
0.578678046536926,0.37087927281637,12,1,256835671
0.985164682920757,0.733403237394157,12,1,256835671
0.337667862085832,0.809382098345751,12,1,256835671
0.465719761471324,0.196974063017723,12,1,256835671
0.978102950535432,0.432896795180795,12,1,256835671
0.965646633286775,0.903720485912303,12,1,256835671
0.973039587310393,0.0155002600281056,12,1,256835671
0.264499203426186,0.300084585863799,12,1,256835671
0.403311473550902,0.121540617403475,12,1,256835671
0.982784296914306,0.423936039834249,12,1,256835671
0.690738760642598,0.835591768084645,12,1,256835671
0.127682304205441,0.454208121578287,12,1,256835671
0.0736506722149741,0.108380685166245,12,1,256835671
0.0389978210440127,0.576124610332316,12,1,256835671
0.793881058329728,0.376818566018719,12,1,256835671
0.928025310896547,0.336454317393327,12,1,256835671
0.670341179381831,0.953055687882336,12,1,256835671
0.22815074657931,0.383819338135886,12,1,256835671
0.215888263010402,0.0784321896135731,12,1,256835671
0.875704427784483,0.952118600796522,12,1,256835671
0.155601747242885,0.421846086119391,12,1,256835671
0.958072557233917,0.173198480657423,12,1,256835671
0.902134968380895,0.277866776185414,12,1,256835671
0.529859596371027,0.808623031884298,12,1,256835671
0.761911559418692,0.173115958876451,12,1,256835671
0.460361941234292,0.506999309947745,12,1,256835671
0.877447048153898,0.216147819079842,12,1,256835671
0.561252694889921,0.745500168470274,12,1,256835671
0.914133616118571,0.632081047271755,12,1,256835671
0.00890888960543901,0.318827532636368,12,1,256835671
0.609960261308063,0.804464629546214,12,1,256835671
0.00768136184699131,0.320610664179537,12,1,256835671
0.957200851541115,0.835783493339422,12,1,256835671
0.983973154832198,0.669658093910011,12,1,256835671
0.334257745351552,0.0554135581779818,12,1,256835671
0.0221636698333105,0.705690710007041,12,1,256835671
0.843781169292266,0.100996972688585,12,1,256835671
0.305868918814581,0.577806520468986,12,1,256835671
0.648964364923053,0.385591119300654,12,1,256835671
0.21044663851956,0.945387232896055,12,1,256835671
0.313166844494637,0.524495670924229,12,1,256835671
0.889525255231807,0.28605711196676,12,1,256835671
0.738212466012754,0.761726055845424,12,1,256835671
0.390180335200563,0.184912302221863,12,1,256835671
0.906923509980341,0.143917997483868,12,1,256835671
0.146032248406828,0.113304614703635,12,1,256835671
0.515920790937964,0.867219928745832,12,1,256835671
0.644425041131344,0.62641735156733,12,1,256835671
0.260338705005057,0.938260569497761,12,1,256835671
0.0565439043717983,0.589727320503108,12,1,256835671
0.0444154767811282,0.180087494381358,12,1,256835671
0.812825965050015,0.522632068264902,12,1,256835671
0.369741637449436,0.956737646756233,12,1,256835671
0.918708711177122,0.910122912674455,12,1,256835671
0.836423947218176,0.717569017465306,12,1,256835671
0.980622065146571,0.549510407098085,12,1,256835671
0.693398193819173,0.895442920330091,12,1,256835671
0.346423819763078,0.825123261245374,12,1,256835671
0.685313956349677,0.884683803037687,12,1,256835671
0.00138678228375699,0.606760243839976,12,1,256835671
0.124130555422312,0.222035500224512,12,1,256835671
0.817987380229328,0.873847052998566,12,1,256835671
0.306007552117263,0.345291528343848,12,1,256835671
0.90661603834432,0.703621070007471,12,1,256835671
0.931003227194643,0.946841081647786,12,1,256835671
0.574088730166859,0.466244695729526,12,1,256835671
0.69108059055252,0.602772116013156,12,1,256835671
0.581030478453284,0.19622569273589,12,1,256835671
0.667325566226187,0.566120217512503,12,1,256835671
0.578179552487256,0.544404514753407,12,1,256835671
0.26850015940935,0.189661741778986,12,1,256835671
0.69376730983009,0.539308446351259,12,1,256835671
0.522082329591104,0.378718372548974,12,1,256835671
0.453046765983167,0.377581767527503,12,1,256835671
0.963627396090392,0.980835330003475,12,1,256835671
0.0945228544953676,0.908793008505711,12,1,256835671
0.0661830956690697,0.76436406405766,12,1,256835671
0.879265635834249,0.984680432460229,12,1,256835671
0.569907897492106,0.665864684376261,12,1,256835671
0.229355088262136,0.0459754931488594,12,1,256835671
0.0287773984333239,0.873062890377223,12,1,256835671
0.737286303236769,0.784139286980282,12,1,256835671
0.848057566758302,0.715273588842487,12,1,256835671
0.926120055724069,0.275251891684522,12,1,256835671
0.369966138323245,0.694692327975775,12,1,256835671
0.941682354931185,0.131128860299589,12,1,256835671
0.153812666008311,0.208663962889815,12,1,256835671
0.750754993953831,0.136655246624581,12,1,256835671
0.114483214972276,0.571800636010508,12,1,256835671
0.283329851363023,0.260155142000292,12,1,256835671
0.678684161503645,0.148762748094705,12,1,256835671
0.17336185940553,0.0404449269767686,12,1,256835671
0.770398460813045,0.979944938859137,12,1,256835671
0.376521756667199,0.759650366343033,12,1,256835671
0.790515720323258,0.990624649401395,12,1,256835671
0.741383716605845,0.637328250173737,12,1,256835671
0.941610028799128,0.614701018269894,12,1,256835671
0.761513728271923,0.794595417213938,12,1,256835671
0.824947560544918,0.565393856118461,12,1,256835671
0.0648331096634589,0.547743001616492,12,1,256835671
0.210209276335982,0.599234716877343,12,1,256835671
0.519896515155195,0.134864985949238,12,1,256835671
0.613633534323529,0.00116625213520161,12,1,256835671
0.0532152063880256,0.24474319247409,12,1,256835671
0.0593529911194963,0.315800046875311,12,1,256835671
0.00908317289098015,0.201256400394859,12,1,256835671
0.282748559802992,0.836030438069712,12,1,256835671
0.636063045176057,0.104520319875433,12,1,256835671
0.566989390739949,0.797393578579887,12,1,256835671
0.278621114958844,0.170597401131604,12,1,256835671
0.908529355918717,0.330285620343588,12,1,256835671
0.00673160248189575,0.708784281345059,12,1,256835671
0.099809785057948,0.331390212248585,12,1,256835671
0.488289566030348,0.654452763244849,12,1,256835671
0.206404572649415,0.389841573136357,12,1,256835671
0.402605391912398,0.846001198450539,12,1,256835671
0.328800320342322,0.40891854026738,12,1,256835671
0.342554670327679,0.0568985240438979,12,1,256835671
0.381006691980877,0.560493280090616,12,1,256835671
0.683405262934448,0.155986071141195,12,1,256835671
