0.911973947501074,0.969321103768823,12,1,256835671
0.116349726903137,0.800620802989073,12,1,256835671
0.90417215678362,0.657776855169278,12,1,256835671
0.720947645952972,0.93534593129416,12,1,256835671
0.2568136985327,0.925208132040709,12,1,256835671
0.0226205622597293,0.200805256952948,12,1,256835671
0.774849976068094,0.581118042603299,12,1,256835671
0.0658415120440328,0.102398091402747,12,1,256835671
0.313099454036923,0.517105593964325,12,1,256835671
0.549526301441129,0.816028550951627,12,1,256835671
0.779186081399211,0.380162374747719,12,1,256835671
0.547287603702236,0.457919934615905,12,1,256835671
0.52850527525316,0.68010798391875,12,1,256835671
0.441759846523377,0.246521744170119,12,1,256835671
0.932966670611427,0.773857870201371,12,1,256835671
0.444129822581789,0.586871696222303,12,1,256835671
0.607780033489447,0.335054404703497,12,1,256835671
0.632392471844474,0.24974998902693,12,1,256835671
0.800093057585524,0.831090201409927,12,1,256835671
0.72882360037956,0.63296880743105,12,1,256835671
0.378686867866418,0.804378761666416,12,1,256835671
0.457868423851877,0.285968538339219,12,1,256835671
0.9454648374076,0.86115478432825,12,1,256835671
0.506996101592954,0.04799405112127,12,1,256835671
0.714847368816302,0.506877837434032,12,1,256835671
0.102125855387793,0.233230555924428,12,1,256835671
0.0616735662654477,0.963809602182959,12,1,256835671
0.474431508643255,0.505721382115678,12,1,256835671
0.801668369030678,0.948962912135752,12,1,256835671
0.74374668443782,0.775364174448266,12,1,256835671
0.0325800962695066,0.172985871528755,12,1,256835671
0.94241079756379,0.0658843503624071,12,1,256835671
0.973554058979046,0.710628653378921,12,1,256835671
0.726847438578168,0.999707033300676,12,1,256835671
0.530415107925594,0.845670138955133,12,1,256835671
0.977585968849138,0.301235080917602,12,1,256835671
0.073406685347738,0.318693000066025,12,1,256835671
0.205508577280106,0.350445560887625,12,1,256835671
0.0673533618509925,0.675284277372853,12,1,256835671
0.539355461496582,0.35639966214834,12,1,256835671
0.977757139816184,0.788911187976435,12,1,256835671
0.149197917500873,0.0206346208973232,12,1,256835671
0.494288799728403,0.830576484039996,12,1,256835671
0.91688904360107,0.691431440487203,12,1,256835671
0.187575842102133,0.0903729825474571,12,1,256835671
0.271599839840962,0.113122637059482,12,1,256835671
0.0453447780808665,0.821033905486074,12,1,256835671
0.722661035768376,0.421049483076896,12,1,256835671
0.974034159375169,0.820299866275713,12,1,256835671
0.425797682116319,0.664790533242939,12,1,256835671
0.851960070689974,0.584382927706313,12,1,256835671
0.14463570315422,0.204570138623795,12,1,256835671
0.32983954536457,0.0535300749643097,12,1,256835671
0.818257630949893,0.263668036587141,12,1,256835671
0.655039000662843,0.681637396209999,12,1,256835671
0.284466413839909,0.130530532367046,12,1,256835671
0.618218611527003,0.506819720780424,12,1,256835671
0.209489767849197,0.661574506828242,12,1,256835671
0.797465593317373,0.967960009191417,12,1,256835671
0.115957801789178,0.109799134719931,12,1,256835671
0.0422561260164542,0.690456770194778,12,1,256835671
0.726855221214645,0.200893593125039,12,1,256835671
0.507725962678024,0.234874969827241,12,1,256835671
0.817115319277207,0.671884224368775,12,1,256835671
0.640479377196836,0.575601481514742,12,1,256835671
0.995259404585568,0.6161849100413,12,1,256835671
0.114747911058228,0.00913608768861263,12,1,256835671
0.255882831747798,0.540750170464058,12,1,256835671
0.176668984110977,0.643507483332322,12,1,256835671
0.219212030749722,0.0270484860828741,12,1,256835671
0.821148785959763,0.505209385860574,12,1,256835671
0.28414629480029,0.559628300817239,12,1,256835671
0.250630076022613,0.672191135383704,12,1,256835671
0.855194406346492,0.233481125365897,12,1,256835671
0.597637944732611,0.529990891604706,12,1,256835671
0.0286924976518401,0.740621729502918,12,1,256835671
0.881674111554032,0.614121493011689,12,1,256835671
0.0303532816673011,0.036968090368966,12,1,256835671
0.194619866396824,0.417317804032411,12,1,256835671
0.0160387787962213,0.65437827655668,12,1,256835671
0.515782029660831,0.525999984640499,12,1,256835671
0.680250145814814,0.70077192592563,12,1,256835671
0.798162613189854,0.432488682666984,12,1,256835671
0.187487681274251,0.513113594715015,12,1,256835671
0.475362106806903,0.789664145982076,12,1,256835671
0.754379409858227,0.567413172033985,12,1,256835671
0.575898551635693,0.553978903296661,12,1,256835671
0.646318068649625,0.30372428486196,12,1,256835671
0.434981987471147,0.986414528860024,12,1,256835671
0.425447220697899,0.301803134070824,12,1,256835671
0.894578273310719,0.205424262198894,12,1,256835671
0.23515885457542,0.77759181298353,12,1,256835671
0.657523535872151,0.168026267318307,12,1,256835671
0.838229016933224,0.798780610129621,12,1,256835671
0.551915602790417,0.918890175550518,12,1,256835671
0.117529119551934,0.214370287002595,12,1,256835671
0.143064351600065,0.986924758747919,12,1,256835671
0.433629998322256,0.259510022143434,12,1,256835671
0.607507612907411,0.739548048283694,12,1,256835671
0.261401693217929,0.217629538472509,12,1,256835671
0.718322037287661,0.945097076540651,12,1,256835671
0.480066593221218,0.0533329362880579,12,1,256835671
0.942064633515781,0.267760975163569,12,1,256835671
0.258931539018944,0.65413118675973,12,1,256835671
0.0613891532703497,0.14613959036032,12,1,256835671
0.973856638832945,0.409808917547071,12,1,256835671
0.290065400990234,0.995430316286353,12,1,256835671
0.571783921489359,0.802858132557303,12,1,256835671
0.803503088959795,0.158207457273762,12,1,256835671
0.609070217974661,0.595041633058657,12,1,256835671
0.721350974694533,0.953739874950442,12,1,256835671
0.652522324525735,0.310117553444505,12,1,256835671
0.787321683433319,0.923386900075219,12,1,256835671
0.0903777395598488,0.189236296865222,12,1,256835671
0.772049849182284,0.512017912354771,12,1,256835671
0.779313063011774,0.939574438528243,12,1,256835671
0.0617499047703909,0.599853584907298,12,1,256835671
0.60607578273427,0.969215029936513,12,1,256835671
0.689379015602029,0.893294519817704,12,1,256835671
0.0376352127391084,0.777958526777287,12,1,256835671
0.697694862626433,0.832629853703179,12,1,256835671
0.676474772360279,0.84600188026176,12,1,256835671
0.467229327336958,0.471307713320948,12,1,256835671
0.204001246308814,0.493303466136213,12,1,256835671
0.799956448620434,0.561201071253353,12,1,256835671
0.425068287625889,0.812353245087891,12,1,256835671
0.538293393102695,0.790224462511678,12,1,256835671
0.786032019988148,0.882580238950739,12,1,256835671
0.914319696304778,0.26512840922211,12,1,256835671
0.632855313900766,0.131249259380053,12,1,256835671
0.195733749714226,0.736624007050664,12,1,256835671
0.0706873630640574,0.991985415036194,12,1,256835671
0.656294005880868,0.969141156220866,12,1,256835671
0.670878312776626,0.232136412645008,12,1,256835671
0.785023044219041,0.777281124353863,12,1,256835671
0.355701272382691,0.177661221214366,12,1,256835671
0.612293741453546,0.976004006016714,12,1,256835671
0.150312423392601,0.518772364007446,12,1,256835671
0.26934755758621,0.968441106540805,12,1,256835671
0.991294302690498,0.142123551426261,12,1,256835671
0.0140033713537973,0.691111499134212,12,1,256835671
0.958782284016001,0.817092323353447,12,1,256835671
0.0111074645354678,0.958640307208372,12,1,256835671
0.364417130991781,0.0947016578318012,12,1,256835671
0.0557151301198093,0.625166889609365,12,1,256835671
0.869462202387248,0.473838276158526,12,1,256835671
0.863304373731772,0.755085390130009,12,1,256835671
0.35086301125976,0.779542040829497,12,1,256835671
0.0425900512956412,0.0651233373353373,12,1,256835671
0.485258571979123,0.0498512749878497,12,1,256835671
0.0738748792825685,0.232723963917222,12,1,256835671
0.345319567470103,0.904954846972952,12,1,256835671
0.709123870140065,0.567906792962799,12,1,256835671
0.0499534088859734,0.140623508484056,12,1,256835671
0.565029973894515,0.699702670990571,12,1,256835671
0.390933965011991,0.775817780070104,12,1,256835671
0.849529043070283,0.0534456401013248,12,1,256835671
0.503464371187619,0.576251864476023,12,1,256835671
0.101475905748945,0.702045176303924,12,1,256835671
0.52421099008079,0.894725013229463,12,1,256835671
0.239134120896639,0.54651062195587,12,1,256835671
0.28467626622687,0.588655686502442,12,1,256835671
0.742533187395931,0.143784067711587,12,1,256835671
0.661239792710973,0.654771481991856,12,1,256835671
0.27427738217379,0.815335501250806,12,1,256835671
0.262678972938134,0.476682049474238,12,1,256835671
0.72951000779673,0.0998945999758591,12,1,256835671
0.818191402296284,0.0946237912865602,12,1,256835671
0.7505527672624,0.934297694023971,12,1,256835671
0.126741730503851,0.100075447798147,12,1,256835671
0.854089737710285,0.0938687730633498,12,1,256835671
0.598743969376609,0.620831249954596,12,1,256835671
0.0533352030274443,0.388576495219282,12,1,256835671
0.0510825785061242,0.650622168993049,12,1,256835671
0.561421404723249,0.777918536700793,12,1,256835671
0.251208236831011,0.909067774636068,12,1,256835671
0.217939795510736,0.444859024770345,12,1,256835671
0.0904112779595549,0.470881163067824,12,1,256835671
0.102127940183663,0.440843807706967,12,1,256835671
0.910669439664413,0.875723763871313,12,1,256835671
0.977067950293499,0.0631196040776119,12,1,256835671
0.844950902400491,0.302411801074516,12,1,256835671
0.247123904186049,0.061244399222649,12,1,256835671
0.137399018518317,0.934184050296759,12,1,256835671
0.344668070516593,0.0308464320421538,12,1,256835671
0.402943284019157,0.0613073883573216,12,1,256835671
0.622345449148241,0.646956103060992,12,1,256835671
0.179046455773605,0.230543144248627,12,1,256835671
0.577304364994393,0.940536183937862,12,1,256835671
0.38950968508829,0.652796569570907,12,1,256835671
0.303344383516529,0.40244691222482,12,1,256835671
0.950829311255826,0.215450173308095,12,1,256835671
0.961978206649142,0.0683602568283774,12,1,256835671
0.200881282874956,0.579687069865579,12,1,256835671
0.406917711833459,0.264579969381499,12,1,256835671
0.836257430735505,0.478101826633398,12,1,256835671
0.734944837472293,0.790136040831313,12,1,256835671
0.0726727576296948,0.0743093877311636,12,1,256835671
0.956503360149955,0.909285862243749,12,1,256835671
0.94747972249934,0.876016338797824,12,1,256835671
0.462935375654169,0.4848881633389,12,1,256835671
0.388417395815445,0.763565637190092,12,1,256835671
0.312978993484533,0.793895596796837,12,1,256835671
0.835073920473953,0.465696847864155,12,1,256835671
0.0951788790908727,0.0920054873687353,12,1,256835671
0.0192902772217356,0.202874049671538,12,1,256835671
0.0439508320041293,0.896683290651008,12,1,256835671
0.266318428812997,0.280121562498316,12,1,256835671
0.706625054835547,0.496831073024772,12,1,256835671
0.714529518473595,0.783727283848463,12,1,256835671
0.294173842218512,0.341168203259851,12,1,256835671
0.0477464477810532,0.650386512896512,12,1,256835671
0.76187311866734,0.0218185760889353,12,1,256835671
0.706842857295451,0.133904050941879,12,1,256835671
0.371645678102326,0.805337661002893,12,1,256835671
0.993763482826431,0.871962359214215,12,1,256835671
0.824155391910919,0.279958934383064,12,1,256835671
0.665979504912237,0.759879645796151,12,1,256835671
0.891614775642615,0.949497737573674,12,1,256835671
0.427981532267476,0.0979891119348819,12,1,256835671
0.424403598962898,0.571082746370633,12,1,256835671
0.39349713258428,0.96562610901657,12,1,256835671
0.800306738179307,0.314325746765114,12,1,256835671
0.119341807251183,0.10435343054352,12,1,256835671
0.799010347158303,0.878357011477429,12,1,256835671
0.387908810910586,0.93273142237657,12,1,256835671
0.186720462658869,0.269603858482361,12,1,256835671
0.354161673617558,0.667709512736805,12,1,256835671
0.839071108282978,0.132923864065604,12,1,256835671
0.366763760134252,0.296228611907782,12,1,256835671
0.241715456005642,0.909060646826362,12,1,256835671
0.346008216952365,0.898413588991375,12,1,256835671
0.616748036287394,0.055885174430264,12,1,256835671
0.290966031684436,0.0903220832093998,12,1,256835671
0.609743827605174,0.862103927915796,12,1,256835671
0.64753766367146,0.0487852365666881,12,1,256835671
0.650697816828905,0.853553275099731,12,1,256835671
0.608060499994314,0.347739262883223,12,1,256835671
0.610569384137518,0.41973147692329,12,1,256835671
0.220688208188839,0.186326500494098,12,1,256835671
0.14581632086859,0.521592343307634,12,1,256835671
0.451857063991827,0.0860164336504803,12,1,256835671
0.191633640576921,0.518214616422299,12,1,256835671
0.826358973975933,0.776532398337566,12,1,256835671
0.362107515774935,0.807772804637244,12,1,256835671
0.283011528929861,0.606654849810197,12,1,256835671
0.390164148833815,0.692420995485048,12,1,256835671
0.837256077698334,0.256193319255755,12,1,256835671
0.311197529247955,0.0153123109863902,12,1,256835671
0.77482235886755,0.648880077780144,12,1,256835671
0.537401185710139,0.111055074259054,12,1,256835671
0.759802136974042,0.505380998141077,12,1,256835671
0.221346065667808,0.163246009344672,12,1,256835671
0.797633905778698,0.432728911472964,12,1,256835671
0.564461951916413,0.457338113946966,12,1,256835671
0.878198409643114,0.4120632350654,12,1,256835671
0.443610825067827,0.946161839981213,12,1,256835671
0.233770538865663,0.243777262232484,12,1,256835671
0.00093389972995217,0.475204471905311,12,1,256835671
0.477488664115179,0.00371612654007869,12,1,256835671
0.985130177240744,0.349745032018805,12,1,256835671
0.311022101681059,0.635323744232534,12,1,256835671
0.469452414461266,0.670978978632577,12,1,256835671
0.617334288935587,0.424498861666588,12,1,256835671
0.0951598386167054,0.00381095019859146,12,1,256835671
0.964751594309408,0.601318072909828,12,1,256835671
0.498581074079799,0.630452641227633,12,1,256835671
0.734551657206838,0.555364503195142,12,1,256835671
0.288710979934589,0.997473663227627,12,1,256835671
0.556634458456676,0.290202730114068,12,1,256835671
0.471637613141376,0.475873396956216,12,1,256835671
0.52275713353179,0.0238735540412771,12,1,256835671
0.725042960889926,0.990730075544666,12,1,256835671
0.312180146988461,0.92477364638753,12,1,256835671
0.985644363888087,0.916425999480386,12,1,256835671
0.210861069187537,0.363432449530368,12,1,256835671
0.248992717136001,0.813852786453284,12,1,256835671
0.294755272652865,0.402282505424945,12,1,256835671
0.946969747818703,0.553911305476255,12,1,256835671
0.0886010367729455,0.630214219179572,12,1,256835671
0.378437856166537,0.386896447616321,12,1,256835671
0.14002041519754,0.900236946240264,12,1,256835671
0.975122554177522,0.244093526673119,12,1,256835671
0.160242605881349,0.115357613190261,12,1,256835671
0.182030653158413,0.461555044982332,12,1,256835671
0.827625952852902,0.545771783686146,12,1,256835671
0.610443093539529,0.0529972199766151,12,1,256835671
0.0581270775618772,0.547071349526004,12,1,256835671
0.0824082702462656,0.11066845469953,12,1,256835671
0.936118357878464,0.3265129539561,12,1,256835671
0.50427248790656,0.895652007259644,12,1,256835671
0.784706959990037,0.518491141107154,12,1,256835671
0.35453455763396,0.997348106575301,12,1,256835671
0.0853123746056821,0.0208303420293476,12,1,256835671
0.172405672640384,0.0787786266806274,12,1,256835671
0.750486555652204,0.484857706958235,12,1,256835671
0.882157789398629,0.22307492867998,12,1,256835671
0.621616345944624,0.0323151363876333,12,1,256835671
0.607290362024834,0.607732147436884,12,1,256835671
0.694465487180237,0.856047639727981,12,1,256835671
0.704294744706282,0.300549832323155,12,1,256835671
0.146775440443737,0.314844892607109,12,1,256835671
0.273853906507721,0.15201682697184,12,1,256835671
0.917430396667034,0.404469171365281,12,1,256835671
0.117752134779955,0.0611681413189729,12,1,256835671
0.256382910597388,0.76337000409568,12,1,256835671
0.980670014564684,0.0249454462211482,12,1,256835671
0.346459501753198,0.384494606815776,12,1,256835671
0.918026580515549,0.587006915389707,12,1,256835671
0.212471987360149,0.460434025586661,12,1,256835671
0.513485901844485,0.422144051593813,12,1,256835671
0.125484155325879,0.72119200141164,12,1,256835671
0.259606470011889,0.141009122350283,12,1,256835671
0.600005247840927,0.619153765264699,12,1,256835671
0.578736021710228,0.800275825835419,12,1,256835671
0.403968601623353,0.623054155029222,12,1,256835671
0.825712739668833,0.262049099458292,12,1,256835671
0.9449252717781,0.378484487318812,12,1,256835671
0.593050270530183,0.527153651580749,12,1,256835671
0.26481921578484,0.604666630801013,12,1,256835671
0.0968914243020973,0.796600950545632,12,1,256835671
0.395621032824321,0.727195938014457,12,1,256835671
0.498095363807176,0.76369552833706,12,1,256835671
0.492341064125589,0.357919989785037,12,1,256835671
0.94812307153673,0.28974510863594,12,1,256835671
0.695884194349279,0.241813719674976,12,1,256835671
0.373751979718176,0.315073641441157,12,1,256835671
0.72765084903253,0.980053975598951,12,1,256835671
0.717559474865469,0.686923807959043,12,1,256835671
0.759641536334949,0.445372137494552,12,1,256835671
0.480034440941419,0.3274992034684,12,1,256835671
0.678684601957038,0.493333852404571,12,1,256835671
0.362342783206934,0.475803569424265,12,1,256835671
0.04195015273344,0.14075427043665,12,1,256835671
0.39366329773876,0.171598899317572,12,1,256835671
0.351066515188307,0.0358042296699175,12,1,256835671
0.35122232438077,0.155751047996728,12,1,256835671
0.0552926288429973,0.645004495098305,12,1,256835671
0.419507308386823,0.40721256399328,12,1,256835671
0.906583916416477,0.199715333029158,12,1,256835671
0.629653827311822,0.880165356673804,12,1,256835671
0.576471971213206,0.052680661286487,12,1,256835671
0.541316830091634,0.844275250772122,12,1,256835671
0.884560324214802,0.962505021147349,12,1,256835671
0.0755621924552254,0.27151501898182,12,1,256835671
0.179054287102996,0.778753023218076,12,1,256835671
0.576054609756772,0.0908761613387654,12,1,256835671
0.348716744195326,0.513679691737146,12,1,256835671
0.726128081902785,0.218990576118352,12,1,256835671
0.151169195760078,0.190755600154854,12,1,256835671
0.467075398115821,0.206412066642805,12,1,256835671
0.394894466379294,0.696702112477646,12,1,256835671
0.0326856846984471,0.902793982084573,12,1,256835671
0.388137168280487,0.241294243450887,12,1,256835671
0.340013592006419,0.353479362042808,12,1,256835671
0.555967217833398,0.817334086152816,12,1,256835671
0.717179331922858,0.786159334781096,12,1,256835671
0.399050187157678,0.863258123570763,12,1,256835671
0.37778788243517,0.591249270929542,12,1,256835671
0.563772509145514,0.319376650600995,12,1,256835671
0.434583822675988,0.796814645084084,12,1,256835671
0.627904461021732,0.604316376728989,12,1,256835671
0.799023190975453,0.778301929854356,12,1,256835671
0.0377466708057215,0.69263944319829,12,1,256835671
0.874268535423713,0.765137223658713,12,1,256835671
0.946546465002251,0.266813143714513,12,1,256835671
0.586037467676853,0.50449764625079,12,1,256835671
0.966732291822495,0.150129153496142,12,1,256835671
0.325512142057977,0.0478367376578197,12,1,256835671
0.399735874096304,0.440521466545429,12,1,256835671
0.901200943340998,0.1358169148236,12,1,256835671
0.932625579265474,0.589101914014019,12,1,256835671
0.943602625027827,0.982071802072157,12,1,256835671
0.617306252646204,0.498411313620457,12,1,256835671
0.754163601768032,0.880592236512365,12,1,256835671
0.810069050229752,0.0396961378802634,12,1,256835671
0.870012722563788,0.500786742303124,12,1,256835671
0.266324692614397,0.199614896812709,12,1,256835671
0.310936951602332,0.0334029689988942,12,1,256835671
0.0178511606312179,0.667385914784904,12,1,256835671
0.158751514148752,0.242780325150335,12,1,256835671
0.794131980517288,0.757849602141833,12,1,256835671
0.652022256218053,0.233723100138596,12,1,256835671
0.941878512794794,0.287953590895258,12,1,256835671
0.988535086946104,0.477318005768098,12,1,256835671
0.0978525919909226,0.183015768102406,12,1,256835671
0.650732337050518,0.0556887942359401,12,1,256835671
0.59992084350382,0.1019640159697,12,1,256835671
0.252189533082138,0.557876565281324,12,1,256835671
0.7635496290553,0.864170065789607,12,1,256835671
0.704101028486104,0.124342195354384,12,1,256835671
0.895399667129655,0.335243680699901,12,1,256835671
0.176874226930823,0.22205554302203,12,1,256835671
0.315081644253022,0.93956410999614,12,1,256835671
0.000126551487433346,0.853566004327193,12,1,256835671
0.0157337692460831,0.724138431816229,12,1,256835671
0.397959565481238,0.919582591294726,12,1,256835671
0.611212414918342,0.480692770402505,12,1,256835671
0.478662826358997,0.0232139044998441,12,1,256835671
0.575246645633134,0.617228943629418,12,1,256835671
0.935888468669368,0.774335244346128,12,1,256835671
0.35407122640683,0.195081383769309,12,1,256835671
0.696398463853235,0.11565812575131,12,1,256835671
0.359126073338921,0.990304121984921,12,1,256835671
0.489877581452079,0.0256207786551865,12,1,256835671
0.652931663771339,0.343532251910005,12,1,256835671
0.108850997431921,0.788609903792087,12,1,256835671
0.610211461928604,0.313949848019886,12,1,256835671
0.167570474139483,0.587962954934119,12,1,256835671
0.592429493576764,0.658037193090056,12,1,256835671
0.183098680076612,0.143318262319672,12,1,256835671
0.251096519253277,0.690948477756843,12,1,256835671
0.61958528719344,0.344554985429727,12,1,256835671
0.458474722837595,0.217030431383392,12,1,256835671
0.293314522852955,0.209631285079568,12,1,256835671
0.929290189077506,0.645732562586536,12,1,256835671
0.75202297003033,0.8610644204868,12,1,256835671
0.293597491057032,0.856603968345241,12,1,256835671
0.350800264040073,0.120138062241471,12,1,256835671
0.60105437270544,0.90591636270345,12,1,256835671
0.0126393720117615,0.432827950601119,12,1,256835671
0.874693285336966,0.925555094953279,12,1,256835671
0.304952016343623,0.338194534305559,12,1,256835671
0.681202197689135,0.140335657897533,12,1,256835671
0.33371050409143,0.922213977659174,12,1,256835671
0.222729240992739,0.893725285226731,12,1,256835671
0.813906694172156,0.197136953510594,12,1,256835671
0.221943008693704,0.785198678674647,12,1,256835671
0.260439332698375,0.485036348518241,12,1,256835671
0.412294068587442,0.583532627871775,12,1,256835671
0.74800290138024,0.758994883088672,12,1,256835671
0.239332205412603,0.558464736329751,12,1,256835671
0.299921856535302,0.916417880524448,12,1,256835671
0.867065417574365,0.18266437891003,12,1,256835671
0.584134432786577,0.962332498098647,12,1,256835671
0.872084606858786,0.275991226912899,12,1,256835671
0.63782468702957,0.735519088067772,12,1,256835671
0.286052046157985,0.437098376225404,12,1,256835671
0.683781669478875,0.783754966905881,12,1,256835671
0.999971424895348,0.835563161592872,12,1,256835671
0.621636000989278,0.74464224136405,12,1,256835671
0.12378093769606,0.0247049882011181,12,1,256835671
0.252436806458247,0.329631443902959,12,1,256835671
0.0194100339092658,0.489065004117359,12,1,256835671
0.93419164943,0.24113346500491,12,1,256835671
0.413939450462909,0.439457582879399,12,1,256835671
0.753871724631247,0.43954503001696,12,1,256835671
0.450277308752458,0.959435762578248,12,1,256835671
0.940127384239823,0.55301377155876,12,1,256835671
0.795162452771888,0.96748451902969,12,1,256835671
0.910342239893956,0.482233132257205,12,1,256835671
0.461638166142508,0.932359590842387,12,1,256835671
0.960424699375038,0.935696519062493,12,1,256835671
0.91093695905334,0.0133788296083868,12,1,256835671
0.867793817269412,0.717523608855752,12,1,256835671
0.299323823694586,0.360468432235869,12,1,256835671
0.698969493545943,0.358624768723365,12,1,256835671
0.753708540872044,0.700569978280337,12,1,256835671
0.680792171620575,0.236309424780845,12,1,256835671
0.262503775703284,0.596918306072906,12,1,256835671
0.215732867807376,0.0775065289213348,12,1,256835671
0.177105219262282,0.375582419321741,12,1,256835671
0.348738334361822,0.0179270519508989,12,1,256835671
0.148058242699366,0.851200061960633,12,1,256835671
0.638806182836963,0.800609438977657,12,1,256835671
0.373016745685916,0.435363347772788,12,1,256835671
0.498289430171406,0.665073213355982,12,1,256835671
0.272286812998204,0.559309804138096,12,1,256835671
0.068903828580787,0.911620893173296,12,1,256835671
0.220223449718591,0.292516858416832,12,1,256835671
0.676327442222147,0.768447237593834,12,1,256835671
0.951922957542891,0.968589071908147,12,1,256835671
0.213841251403729,0.371679606607673,12,1,256835671
0.744451030579598,0.697308642988134,12,1,256835671
0.339081055226575,0.817400475018856,12,1,256835671
0.305582243448191,0.169673981147091,12,1,256835671
0.991848957128322,0.711220259669367,12,1,256835671
0.5781336956815,0.131400338840019,12,1,256835671
0.92625042376892,0.044869968917129,12,1,256835671
0.343540944967523,0.134540367631018,12,1,256835671
0.55949728678611,0.56453342098543,12,1,256835671
0.368337214374874,0.823000938605584,12,1,256835671
0.558463996451557,0.433157311657659,12,1,256835671
0.729979143581622,0.378775533558859,12,1,256835671
0.34209332027494,0.065719869085056,12,1,256835671
0.83421010162569,0.245132198349359,12,1,256835671
0.228912129385766,0.0131788053055608,12,1,256835671
0.806816200779242,0.198014083877244,12,1,256835671
0.38067132541375,0.168882112876609,12,1,256835671
0.181397722031353,0.315312568643908,12,1,256835671
0.605199368252844,0.587345220715848,12,1,256835671
0.371281885919538,0.50874602973327,12,1,256835671
0.548946898136909,0.182338554161727,12,1,256835671
0.460772478275632,0.0676129960615823,12,1,256835671
0.752067584052182,0.0299797466836003,12,1,256835671
0.858818642933,0.948089589240073,12,1,256835671
0.920708290748294,0.102448171962853,12,1,256835671
0.156365802468089,0.948048910354496,12,1,256835671
0.635444115705962,0.678567894067984,12,1,256835671
0.0172015615095189,0.536327643132163,12,1,256835671
0.651625201741564,0.0197811986244858,12,1,256835671
0.0749461207464108,0.61789073392906,12,1,256835671
0.84710744494759,0.0476294549894645,12,1,256835671
0.399498005425047,0.517954411625539,12,1,256835671
0.405670871845158,0.952578679877647,12,1,256835671
0.651938979242881,0.803213069922543,12,1,256835671
0.974008279934544,0.731196615053736,12,1,256835671
0.530680376115562,0.232398727989403,12,1,256835671
0.831340803684501,0.222326631516355,12,1,256835671
0.0210641519342598,0.492685938981761,12,1,256835671
0.598361655267162,0.668742558783556,12,1,256835671
0.497404074872207,0.531449600417141,12,1,256835671
0.468961749770244,0.993060645930283,12,1,256835671
0.27939193309487,0.254117702371963,12,1,256835671
0.766671407781384,0.370241862525805,12,1,256835671
0.649038399817614,0.528783626041762,12,1,256835671
0.301499720753239,0.475106651759112,12,1,256835671
0.564726290105259,0.949485608601822,12,1,256835671
0.0802977422507825,0.768797438333668,12,1,256835671
0.979935669042177,0.57230739205179,12,1,256835671
0.930164508389766,0.574540627481017,12,1,256835671
0.13795280044961,0.418802355274811,12,1,256835671
0.502218513780494,0.486622383881036,12,1,256835671
0.768411544619318,0.321917634264241,12,1,256835671
0.835834458437021,0.0809559147317316,12,1,256835671
0.903765775922477,0.784949956892988,12,1,256835671
0.435948745370748,0.933488036712324,12,1,256835671
0.656216391937346,0.374172920381908,12,1,256835671
0.971222624721579,0.665715833556669,12,1,256835671
0.96253704000662,0.612779354402447,12,1,256835671
0.355360423471261,0.352869811589162,12,1,256835671
0.0763833140540504,0.877072299791682,12,1,256835671
0.761686559424654,0.583832362300164,12,1,256835671
0.230858517499899,0.259479616929315,12,1,256835671
0.453138920814428,0.845545836685056,12,1,256835671
0.253700609217276,0.00469454562869376,12,1,256835671
0.367313496097547,0.592463114454263,12,1,256835671
0.414367029632516,0.254563276438406,12,1,256835671
0.6776878356505,0.0705923060018705,12,1,256835671
0.997371610634863,0.899322405214066,12,1,256835671
0.362333413099915,0.802104405804388,12,1,256835671
0.282209768521994,0.277614119548232,12,1,256835671
0.189173540071573,0.0102911931024616,12,1,256835671
0.720237840385488,0.818777499831217,12,1,256835671
0.415508673810931,0.505828712162455,12,1,256835671
0.45726862889116,0.272130935848706,12,1,256835671
0.538709239875749,0.781629386925778,12,1,256835671
0.740050140275117,0.415201804909604,12,1,256835671
0.0151694554515416,0.0540363500569823,12,1,256835671
0.229954694578685,0.070901076631769,12,1,256835671
0.503316554432517,0.0568111773212094,12,1,256835671
0.391206762086159,0.507871337562963,12,1,256835671
0.140401084209952,0.354184941659966,12,1,256835671
0.883795837238324,0.988214668258878,12,1,256835671
0.506011058270372,0.504287989463029,12,1,256835671
0.141769300743644,0.357360170418945,12,1,256835671
0.00563284927683405,0.503453015620736,12,1,256835671
0.407468314886891,0.586546588377725,12,1,256835671
0.579513399226975,0.486172242716667,12,1,256835671
0.337529996012095,0.914502119280025,12,1,256835671
0.225722798585128,0.664801009631973,12,1,256835671
0.821705138149687,0.251959337146531,12,1,256835671
0.676436655703092,0.576497631355921,12,1,256835671
0.929834763656176,0.700381457448982,12,1,256835671
0.443103752085234,0.759495297495298,12,1,256835671
0.975804459100346,0.295193863673564,12,1,256835671
0.749114115298356,0.341933537841602,12,1,256835671
0.540772949659139,0.859401734971818,12,1,256835671
0.298131593597234,0.0644552323274219,12,1,256835671
0.073539808202002,0.692471756705037,12,1,256835671
0.572080894276551,0.618248874192486,12,1,256835671
0.83815970714921,0.0999565859909164,12,1,256835671
0.848092408391074,0.626254431307858,12,1,256835671
0.615763606307149,0.207902227328864,12,1,256835671
0.431276691713069,0.565124478921288,12,1,256835671
0.737901138236709,0.506734887026878,12,1,256835671
0.464822671383961,0.820186029825253,12,1,256835671
0.829173818799954,0.520606261532784,12,1,256835671
0.573176656698672,0.181110398272289,12,1,256835671
0.445049676122994,0.217136051110454,12,1,256835671
0.0201470712254235,0.76370816381837,12,1,256835671
0.879853067741955,0.603984478941735,12,1,256835671
0.876241859231301,0.42288559560109,12,1,256835671
0.308595588040952,0.438329363135423,12,1,256835671
0.766312085696489,0.0412855958703047,12,1,256835671
0.0516967740484784,0.637900153828048,12,1,256835671
0.0860487103067973,0.502625143123428,12,1,256835671
0.402652785795715,0.749919595506133,12,1,256835671
0.974584053899189,0.337666654518637,12,1,256835671
0.551452263296232,0.490304009893964,12,1,256835671
0.41581590263483,0.787758564268614,12,1,256835671
0.133044022474699,0.0478513650873973,12,1,256835671
0.195635482826417,0.490932414817553,12,1,256835671
0.913579888541402,0.508032634913121,12,1,256835671
0.654524149411198,0.656627947329512,12,1,256835671
0.837392540997501,0.96143193004888,12,1,256835671
0.487515886338713,0.747800586349682,12,1,256835671
0.0609313871932573,0.605210885514702,12,1,256835671
0.291548543433825,0.462784886132736,12,1,256835671
0.468734037364009,0.440893731676884,12,1,256835671
0.0921062794680778,0.156757781425374,12,1,256835671
0.270804791478661,0.636166229599405,12,1,256835671
0.771915398069636,0.870881383384687,12,1,256835671
0.720821311580753,0.0666765804716931,12,1,256835671
0.514738475880001,0.33477983526056,12,1,256835671
0.654380869812895,0.0719331084715895,12,1,256835671
0.132865442988876,0.104150205878354,12,1,256835671
0.709114860739875,0.843375278369354,12,1,256835671
0.258713494558866,0.377350560778287,12,1,256835671
0.583304888593314,0.47874742282088,12,1,256835671
0.721092002926349,0.815254481609688,12,1,256835671
0.463285128852426,0.656012648471806,12,1,256835671
0.53687956238885,0.467762240621958,12,1,256835671
0.526574164085499,0.578974517754279,12,1,256835671
0.254152944752661,0.565047708696103,12,1,256835671
0.0844368100358421,0.100398098012199,13,1,198346752
0.607074839449423,0.147289769445823,13,1,198346752
0.969803630133597,0.815029972555893,13,1,198346752
0.309529608823076,0.21572944029955,13,1,198346752
0.406426599448225,0.851303084441135,13,1,198346752
0.134957945208942,0.407024623316908,13,1,198346752
0.47677840918707,0.76110088501923,13,1,198346752
0.871354428078878,0.507634458555891,13,1,198346752
0.408899349665677,0.947294516240931,13,1,198346752
0.822685791326004,0.95156629220711,13,1,198346752
0.416139090143642,0.0158027712150608,13,1,198346752
0.346855976431701,0.227643386215488,13,1,198346752
0.524338698175187,0.667282950330928,13,1,198346752
0.944454649987549,0.982119860740905,13,1,198346752
0.411854577572321,0.970958279659155,13,1,198346752
0.875095928413487,0.229900284180288,13,1,198346752
0.868425966471272,0.461337238835437,13,1,198346752
0.121655163231031,0.892673708821076,13,1,198346752
0.724759834300754,0.713086181311612,13,1,198346752
0.671184460700726,0.0313822833942892,13,1,198346752
0.646277684873133,0.716528574569743,13,1,198346752
0.284551872147472,0.107866555288117,13,1,198346752
0.543702914621043,0.351346172095872,13,1,198346752
0.487115279695788,0.399769054764954,13,1,198346752
0.849109745710914,0.181799675152659,13,1,198346752
0.250288815066649,0.143044650282696,13,1,198346752
0.920567695768031,0.205030228870303,13,1,198346752
0.737866850599467,0.883429215283629,13,1,198346752
0.719726544628614,0.176445906744045,13,1,198346752
0.0800653039098531,0.121581610824315,13,1,198346752
0.721431814583839,0.207759706504529,13,1,198346752
0.831167054131924,0.0399270739374651,13,1,198346752
0.5524091258823,0.149569179463576,13,1,198346752
0.877211795520302,0.320867417702552,13,1,198346752
0.409821284747683,0.960804533190988,13,1,198346752
0.512629941737282,0.60412734203725,13,1,198346752
0.288872845791748,0.887069834798864,13,1,198346752
0.540570728472683,0.304303381098541,13,1,198346752
0.402219595772957,0.680656205874238,13,1,198346752
0.175182023648466,0.261528251673457,13,1,198346752
0.380643682190176,0.539628696492857,13,1,198346752
0.615291837803813,0.829318738665697,13,1,198346752
0.218329831102374,0.835514870491948,13,1,198346752
0.9714727487207,0.973022128176122,13,1,198346752
0.50832082372696,0.222195520492957,13,1,198346752
0.845800299430217,0.768294363148913,13,1,198346752
0.915317104902505,0.926074360099714,13,1,198346752
0.017185007184521,0.981055919952091,13,1,198346752
0.805917617225595,0.594123064566452,13,1,198346752
0.785179836268944,0.215392339425065,13,1,198346752
0.749884370270801,0.0177041355147018,13,1,198346752
0.270505930459437,0.569711704837755,13,1,198346752
0.816693977150126,0.0283495359460599,13,1,198346752
0.784756753541407,0.125547307558344,13,1,198346752
0.275482792807668,0.220064486436644,13,1,198346752
0.0233050883398098,0.689824835236436,13,1,198346752
0.951914253473097,0.522002863199604,13,1,198346752
0.758655170473334,0.932515319546343,13,1,198346752
0.307925527139118,0.780901698472178,13,1,198346752
0.285966738616597,0.655710367140856,13,1,198346752
0.720880148742747,0.943442030254136,13,1,198346752
0.39028382639826,0.185167971447299,13,1,198346752
0.519328279189478,0.899894019251136,13,1,198346752
0.68713333352838,0.14454732344219,13,1,198346752
0.913449474885993,0.471699583646601,13,1,198346752
0.522426948513508,0.348482096108289,13,1,198346752
0.51088912411603,0.354699112690662,13,1,198346752
0.836037505433938,0.417168237753105,13,1,198346752
0.616264229484043,0.210642510749693,13,1,198346752
0.207815810803345,0.00934028205613302,13,1,198346752
0.448130823208991,0.954240446949621,13,1,198346752
0.113206044645252,0.580812432431728,13,1,198346752
0.918255179664628,0.229803997433636,13,1,198346752
0.701533404762255,0.671072725957753,13,1,198346752
0.0183023306121211,0.847523932960217,13,1,198346752
0.364678336494262,0.0623260437508366,13,1,198346752
0.823741042369874,0.608377396136512,13,1,198346752
0.0908676530217456,0.15210015199065,13,1,198346752
0.19798574766454,0.786704852352449,13,1,198346752
0.476625585433649,0.0443943245869045,13,1,198346752
0.0968597633366226,0.466064370082682,13,1,198346752
0.173224621298201,0.57919956245827,13,1,198346752
0.332761432267012,0.540802447937647,13,1,198346752
0.380223892941292,0.889596033500974,13,1,198346752
0.547431587697403,0.643559227423512,13,1,198346752
0.410340648710503,0.988593716286786,13,1,198346752
0.345846791495268,0.367771764164901,13,1,198346752
0.765250997279884,0.0508218246532721,13,1,198346752
0.969049664681032,0.324515756892183,13,1,198346752
0.275306576272825,0.42797993132467,13,1,198346752
0.535659247703907,0.232136931003857,13,1,198346752
0.984680183250315,0.761590679043795,13,1,198346752
0.352240484925443,0.460011840028078,13,1,198346752
0.170533605528488,0.491789322397063,13,1,198346752
0.799678415930801,0.952784595779621,13,1,198346752
0.630833295075435,0.970742709993061,13,1,198346752
0.268853686864726,0.705279639093519,13,1,198346752
0.0728067561805075,0.721140269807952,13,1,198346752
0.387242502839264,0.242966842814609,13,1,198346752
0.451605279923463,0.303402765131661,13,1,198346752
0.674566560677101,0.213791990914979,13,1,198346752
0.274771275212393,0.0210177068377559,13,1,198346752
0.303358862969393,0.676203493842559,13,1,198346752
0.366253854487807,0.0920721001624971,13,1,198346752
0.64904306484065,0.980644923722196,13,1,198346752
0.507998534458364,0.474708990828281,13,1,198346752
0.698857605469241,0.506370504931637,13,1,198346752
0.469332858051247,0.0517952478300394,13,1,198346752
0.734548957210432,0.567556075076351,13,1,198346752
0.498834420981432,0.400726205910385,13,1,198346752
0.658682111262159,0.633506844357976,13,1,198346752
0.845821057958156,0.722259675325108,13,1,198346752
0.680329809358598,0.799018523869364,13,1,198346752
0.715990561464213,0.549198423479639,13,1,198346752
0.225111186640538,0.194111701985994,13,1,198346752
0.990502914191433,0.228542570731235,13,1,198346752
0.449954034890294,0.285326277668011,13,1,198346752
0.471330573188437,0.211104123621419,13,1,198346752
0.943326352116896,0.619391851329733,13,1,198346752
0.263455840578416,0.84515171290969,13,1,198346752
0.23008213547945,0.688039101241421,13,1,198346752
0.160955758063824,0.37112087584802,13,1,198346752
0.932550216932274,0.675701952652869,13,1,198346752
0.417269611834423,0.79179238218799,13,1,198346752
0.539753305105706,0.697452907423683,13,1,198346752
0.98450460165877,0.961305840215583,13,1,198346752
0.41322532792215,0.288393530657425,13,1,198346752
0.0856557194310321,0.820973361012972,13,1,198346752
0.835075321658868,0.457531909852064,13,1,198346752
0.395832650529774,0.697108677967886,13,1,198346752
0.72083610970722,0.270075849334598,13,1,198346752
0.932602648088518,0.500542111767703,13,1,198346752
0.66017401883823,0.905554138050888,13,1,198346752
0.144017566230821,0.859400530717682,13,1,198346752
0.447722637041804,0.244725881991111,13,1,198346752
0.63671807752591,0.430986229618249,13,1,198346752
0.655439224905753,0.466668408935299,13,1,198346752
0.51967636637765,0.567441969892796,13,1,198346752
0.00364646596103979,0.595505416238644,13,1,198346752
0.413423171111875,0.531241309164646,13,1,198346752
0.778177287946258,0.418883157621626,13,1,198346752
0.887160648756288,0.205983488028121,13,1,198346752
0.960574269554014,0.458878025600674,13,1,198346752
0.680413670306713,0.265460095074616,13,1,198346752
0.458001991424559,0.0492798131956733,13,1,198346752
0.596933285826557,0.980344879460599,13,1,198346752
0.856363752664652,0.766418821068524,13,1,198346752
0.083973131479552,0.173177439947451,13,1,198346752
0.914809393839524,0.64290919000403,13,1,198346752
0.673003989751461,0.612842963346719,13,1,198346752
0.233377757960833,0.131999389768196,13,1,198346752
0.195509607259393,0.782914756679983,13,1,198346752
0.499386080105242,0.645783099126729,13,1,198346752
0.639512960895657,0.129970859116428,13,1,198346752
0.567750624379402,0.864333617038751,13,1,198346752
0.843847097016475,0.402309681309103,13,1,198346752
0.900539062401412,0.729697355154906,13,1,198346752
0.20456751208958,0.112858238449337,13,1,198346752
0.779331967877273,0.996115789130355,13,1,198346752
0.696743161964723,0.750794214461353,13,1,198346752
0.423791591407126,0.906257857574427,13,1,198346752
0.344700865799069,0.92179466891334,13,1,198346752
0.721978171668137,0.40088095594056,13,1,198346752
0.408847764015485,0.288188995816259,13,1,198346752
0.588834768015566,0.0688985015325274,13,1,198346752
0.129976229826324,0.280918670308241,13,1,198346752
0.982813612754236,0.151960915414374,13,1,198346752
0.674237886801968,0.786189958541944,13,1,198346752
0.235573932717825,0.0725646765118828,13,1,198346752
0.010945313401411,0.149696668461632,13,1,198346752
0.303205204147011,0.936691316458905,13,1,198346752
0.746199640268206,0.812561305412218,13,1,198346752
0.788327774952467,0.936589957022838,13,1,198346752
0.101848125435419,0.598780070046271,13,1,198346752
0.236460246239848,0.103045245407228,13,1,198346752
0.90350212803431,0.944105222865931,13,1,198346752
0.939879479103022,0.562763385603044,13,1,198346752
0.733341626678855,0.325019477245142,13,1,198346752
0.29168923765761,0.896047183708,13,1,198346752
0.560262984718941,0.665580722567467,13,1,198346752
0.975062608234069,0.691443194215271,13,1,198346752
0.0551485058594923,0.193831243828517,13,1,198346752
0.693542076975263,0.739119966240716,13,1,198346752
0.0349736912302214,0.0124290986221072,13,1,198346752
0.0901217172957214,0.943535800753225,13,1,198346752
0.494665367442911,0.350971954878323,13,1,198346752
0.733508454137378,0.390210505498373,13,1,198346752
0.327681156397786,0.232116175851069,13,1,198346752
0.925713230881749,0.664028247876159,13,1,198346752
0.668932684686506,0.266901382618622,13,1,198346752
0.682575875045513,0.0117972383710669,13,1,198346752
0.678174722256059,0.1703065136113,13,1,198346752
0.829892043994471,0.495443430676402,13,1,198346752
0.473330829870696,0.764554505390972,13,1,198346752
0.277699382790268,0.632011423038103,13,1,198346752
0.677611360059765,0.872560310488994,13,1,198346752
0.304041694272346,0.567962279193254,13,1,198346752
0.911051738522396,0.157610803780377,13,1,198346752
0.78970521737592,0.503741707501577,13,1,198346752
0.592475352010655,0.446359910517487,13,1,198346752
0.270422404331299,0.322929207371185,13,1,198346752
0.185483778933073,0.0556255449000009,13,1,198346752
0.05412566519884,0.837458306610651,13,1,198346752
0.342402062517055,0.346366552393735,13,1,198346752
0.731726329324934,0.519928771809319,13,1,198346752
0.167933699052794,0.610508830718261,13,1,198346752
0.85874903339646,0.748317684575317,13,1,198346752
0.401113239411782,0.698855182484279,13,1,198346752
0.271463498942293,0.0292580374665583,13,1,198346752
0.825742335412452,0.654902299320793,13,1,198346752
0.974734488716694,0.108669994014581,13,1,198346752
0.81144991754245,0.181564280069579,13,1,198346752
0.334395386933845,0.742468117589845,13,1,198346752
0.766684556996128,0.252469076346896,13,1,198346752
0.294753611292087,0.612165872994985,13,1,198346752
0.0614015377364772,0.114497746778628,13,1,198346752
0.789136889388635,0.336556877315873,13,1,198346752
0.503209554100554,0.623073847128661,13,1,198346752
0.690309167803249,0.710365720203505,13,1,198346752
0.564298834551382,0.263880857638662,13,1,198346752
0.0327446156375768,0.225373900135871,13,1,198346752
0.312308139356101,0.158709066162973,13,1,198346752
0.615280704449033,0.24157092384912,13,1,198346752
0.607161705209935,0.130190936959278,13,1,198346752
0.883508121613509,0.945962502050304,13,1,198346752
0.478341754657369,0.440769610564823,13,1,198346752
0.58678073462115,0.59294903269998,13,1,198346752
0.866019612214593,0.151230566330426,13,1,198346752
0.817487910607804,0.980857591403692,13,1,198346752
0.222572647514543,0.698277568515811,13,1,198346752
0.811329198739823,0.175924776677262,13,1,198346752
0.935397139163148,0.53479730878389,13,1,198346752
0.62493465218575,0.974673073098202,13,1,198346752
0.561361636507224,0.827079151345465,13,1,198346752
0.395870253347644,0.950044091406486,13,1,198346752
0.348245970504723,0.0797374751220774,13,1,198346752
0.53937520264452,0.798919937160346,13,1,198346752
0.810522230638694,0.247049926463539,13,1,198346752
0.39771648000956,0.584171378927222,13,1,198346752
0.767360253659875,0.317411486544149,13,1,198346752
0.889412232301336,0.705193892836339,13,1,198346752
0.467136131553765,0.436031972807777,13,1,198346752
0.0559101478860544,0.218870739307676,13,1,198346752
0.0721821321862075,0.218920136549785,13,1,198346752
0.118392375909376,0.286799533272005,13,1,198346752
0.932161525679303,0.925355677677459,13,1,198346752
0.120395574719588,0.852569698351304,13,1,198346752
0.620436295110074,0.0307370152405522,13,1,198346752
0.101746383075928,0.7241370836295,13,1,198346752
0.573869092151231,0.111580392593535,13,1,198346752
0.386331203143051,0.812325588251179,13,1,198346752
0.2790878344311,0.92526999132865,13,1,198346752
0.765823155729965,0.0675264859004536,13,1,198346752
0.0856293805245127,0.382453848816269,13,1,198346752
0.873224620023104,0.0152187491347044,13,1,198346752
0.551041940893855,0.237143054942979,13,1,198346752
0.024600979121786,0.414806417578617,13,1,198346752
0.855429963756403,0.402049523087897,13,1,198346752
0.685536616086069,0.00834222040953425,13,1,198346752
0.987190153090857,0.516389214486409,13,1,198346752
0.904499691935402,0.114592038252852,13,1,198346752
0.154098799653905,0.279452397812753,13,1,198346752
0.986555449244932,0.741494760143396,13,1,198346752
0.791152083265148,0.173188771954454,13,1,198346752
0.817149882363396,0.272840420610672,13,1,198346752
0.431522029870768,0.00271076096550171,13,1,198346752
0.0986530990212275,0.537686654316291,13,1,198346752
0.948953261067046,0.505595468702585,13,1,198346752
0.992174206047786,0.154909455560404,13,1,198346752
0.99991436613011,0.653568057599658,13,1,198346752
0.398020971895217,0.0826888549956823,13,1,198346752
0.559519407047688,0.114356750244737,13,1,198346752
0.352705483241841,0.550189317554374,13,1,198346752
0.975088698971595,0.185959266029177,13,1,198346752
0.966538870480724,0.793088950009952,13,1,198346752
0.702071976554236,0.675616609249662,13,1,198346752
0.046113995151398,0.36012950893758,13,1,198346752
0.812811104838016,0.719866555068184,13,1,198346752
0.74790248639843,0.542971461182662,13,1,198346752
0.843396155129681,0.161504761170572,13,1,198346752
0.995238456650669,0.265158407639937,13,1,198346752
0.903099110195395,0.352737230415277,13,1,198346752
0.415502936885048,0.196731800505957,13,1,198346752
0.913864240284677,0.238150042805173,13,1,198346752
0.150329414354061,0.30915605584592,13,1,198346752
0.614523999028253,0.0822747744698047,13,1,198346752
0.702877422161534,0.892727177865846,13,1,198346752
0.248616650282671,0.927833906515656,13,1,198346752
0.309797294446883,0.640401534382675,13,1,198346752
0.809313013153798,0.925649005699992,13,1,198346752
0.83359774778081,0.512476823354343,13,1,198346752
0.972225553840619,0.642405555856231,13,1,198346752
0.990339537592566,0.566006911655734,13,1,198346752
0.699547053450502,0.0054880429061237,13,1,198346752
0.537062195556738,0.0791092854078865,13,1,198346752
0.312732191744462,0.0262087511112803,13,1,198346752
0.989397142999908,0.169685721663851,13,1,198346752
0.306529776976713,0.279057199737126,13,1,198346752
0.387481049882737,0.996172793759182,13,1,198346752
0.864812885106339,0.395573616273076,13,1,198346752
0.174308497793903,0.561680384184521,13,1,198346752
0.233889683917803,0.949318546348688,13,1,198346752
0.124124412455674,0.306152194386861,13,1,198346752
0.798410861917134,0.267221306074398,13,1,198346752
0.650808065750497,0.7147531599759,13,1,198346752
0.156506519828836,0.176526458715581,13,1,198346752
0.917766661849409,0.591993017540664,13,1,198346752
0.171506489957699,0.354533773325267,13,1,198346752
0.111010241587369,0.272136872513289,13,1,198346752
0.107424435953505,0.767304862668141,13,1,198346752
0.543179350938296,0.420652977586671,13,1,198346752
0.443622407349244,0.2505868779531,13,1,198346752
0.589607075987564,0.33914264119494,13,1,198346752
0.986674562715492,0.0781538942058722,13,1,198346752
0.716527004896334,0.513021878811112,13,1,198346752
0.911981385744991,0.44185520843233,13,1,198346752
0.0373236567119157,0.358922033167112,13,1,198346752
0.999281273379848,0.794404746975776,13,1,198346752
0.95301208656758,0.720420250488336,13,1,198346752
0.842560329780783,0.354935557103767,13,1,198346752
0.784801594297152,0.494632684341485,13,1,198346752
0.91776226818507,0.965482298418242,13,1,198346752
0.368312286027828,0.238894290819776,13,1,198346752
0.389058713168918,0.701280806614238,13,1,198346752
0.871198320841868,0.867250001411673,13,1,198346752
0.917870486197033,0.754592576627334,13,1,198346752
0.40865990415646,0.255763378717581,13,1,198346752
0.544875763792485,0.93438840970888,13,1,198346752
0.694620383802717,0.422980511738076,13,1,198346752
0.620362972315313,0.423578492901447,13,1,198346752
0.520665186001438,0.999253507020497,13,1,198346752
0.803510242393373,0.909545778959352,13,1,198346752
0.399278027202549,0.0198566704206771,13,1,198346752
0.584637372950345,0.349218866581508,13,1,198346752
0.328646835193366,0.212630394520398,13,1,198346752
0.161554230478216,0.786672639950167,13,1,198346752
0.836601697213999,0.330320494828576,13,1,198346752
0.386468108361424,0.11088943096097,13,1,198346752
0.592922779238612,0.964331782125804,13,1,198346752
0.84136955797184,0.492536604176122,13,1,198346752
0.801050663718507,0.087052182804642,13,1,198346752
0.828199468061032,0.816821655174053,13,1,198346752
0.91327787255258,0.205335316950591,13,1,198346752
0.457764739905699,0.00776656870983072,13,1,198346752
0.8016272616753,0.544301293179183,13,1,198346752
0.278906109345801,0.54523935390664,13,1,198346752
0.869055061497613,0.14800421892451,13,1,198346752
0.593438016556663,0.44378064918307,13,1,198346752
0.843397014470495,0.147988095484045,13,1,198346752
0.189580116011309,0.880685599679276,13,1,198346752
0.980350904675197,0.139961891607215,13,1,198346752
0.25494989252724,0.382941767084258,13,1,198346752
0.669701752796166,0.435712763907351,13,1,198346752
0.744336041904569,0.831024662242394,13,1,198346752
0.185777451281929,0.638854817818557,13,1,198346752
0.681507867683183,0.436905017081486,13,1,198346752
0.049368369566585,0.329768791660428,13,1,198346752
0.790190709083475,0.778691403046741,13,1,198346752
0.527095926929973,0.581694424790483,13,1,198346752
0.0666460770975599,0.239179604495359,13,1,198346752
0.776928170370947,0.118779145217627,13,1,198346752
0.796872388032673,0.330267934764722,13,1,198346752
0.465890430269806,0.552718563154992,13,1,198346752
0.226427330470411,0.643280159623214,13,1,198346752
0.191258091680384,0.243197408729767,13,1,198346752
0.223952341079506,0.280786593094823,13,1,198346752
0.00281889188158591,0.119355933555242,13,1,198346752
0.325271580099771,0.252964379300172,13,1,198346752
0.53287157366536,0.112119764725664,13,1,198346752
0.344216370372786,0.619524111244887,13,1,198346752
0.854411529692936,0.690222681874195,13,1,198346752
0.825653940525229,0.798383472445649,13,1,198346752
0.292391099895053,0.580289338521947,13,1,198346752
0.76713332471492,0.528707991732642,13,1,198346752
0.915917155210081,0.762886201135816,13,1,198346752
0.415357342199533,0.385624521239144,13,1,198346752
0.500189449601944,0.912086584824274,13,1,198346752
0.926953888469114,0.448247278556106,13,1,198346752
0.648888958392684,0.29107514344647,13,1,198346752
0.444476578908338,0.505509880894473,13,1,198346752
0.5351310767977,0.0943863214612108,13,1,198346752
0.198471159405017,0.107834794776458,13,1,198346752
0.750682789268666,0.731820487733423,13,1,198346752
0.606424557125662,0.811655541786036,13,1,198346752
0.0537337427270339,0.195969157957157,13,1,198346752
