0.372239758054426,0.103149045398983,13,1,198346752
0.712506047947434,0.168390242388925,13,1,198346752
0.973764737411605,0.137039618654522,13,1,198346752
0.211922849637175,0.537882729202889,13,1,198346752
0.839651273670933,0.644826934017103,13,1,198346752
0.692717335658551,0.704019986470239,13,1,198346752
0.511917546166639,0.961242347483259,13,1,198346752
0.881576834892028,0.68461506288418,13,1,198346752
0.00793160899471701,0.361178747054439,13,1,198346752
0.136857626396227,0.440118815392965,13,1,198346752
0.40220041350519,0.475217401709304,13,1,198346752
0.0237948979664404,0.220688380537055,13,1,198346752
0.646424884305559,0.683871218619803,13,1,198346752
0.14999520125267,0.234672697119985,13,1,198346752
0.978341033231398,0.937384312771142,13,1,198346752
0.414488116583509,0.521377470921305,13,1,198346752
0.473538507082876,0.693608462874046,13,1,198346752
0.620407905819531,0.378281645524767,13,1,198346752
0.196299872359122,0.275904287894467,13,1,198346752
0.654781083511041,0.402729418823157,13,1,198346752
0.0728617344428031,0.875695058992151,13,1,198346752
0.346464580235839,0.374243686375612,13,1,198346752
0.298495772179217,0.716605486685295,13,1,198346752
0.397930972138519,0.373253463068092,13,1,198346752
0.856036429208812,0.741277220803934,13,1,198346752
0.568985012020086,0.55214177783695,13,1,198346752
0.38693945941069,0.107887713715325,13,1,198346752
0.320618991937028,0.948631690906703,13,1,198346752
0.0882813142084453,0.63895384045617,13,1,198346752
0.0168202072533721,0.504088455317048,13,1,198346752
0.587072690438935,0.283762759541195,13,1,198346752
0.139461828865636,0.904628947074563,13,1,198346752
0.398467354832897,0.109567474322696,13,1,198346752
0.731007110988293,0.68077392969435,13,1,198346752
0.0322541443303077,0.0444871690583781,13,1,198346752
0.971467760985264,0.727090685316233,13,1,198346752
0.851514446842931,0.185621422350507,13,1,198346752
0.277253671852355,0.905143410288911,13,1,198346752
0.721634011925876,0.927609087197578,13,1,198346752
0.360465995616223,0.365667559653589,13,1,198346752
0.0649386211604028,0.237917486636455,13,1,198346752
0.490376246736824,0.16476662665668,13,1,198346752
0.561560294485449,0.834469671240222,13,1,198346752
0.533319230186875,0.685255977560834,13,1,198346752
0.950448598891384,0.116100374934006,13,1,198346752
0.174060407826511,0.122538863567737,13,1,198346752
0.670596673525666,0.608457622471007,13,1,198346752
0.361870600731401,0.527044416868213,13,1,198346752
0.381233913300949,0.757802600772459,13,1,198346752
0.143890198361538,0.713747138475578,13,1,198346752
0.347917725738498,0.218440777540316,13,1,198346752
0.607442581643354,0.71316268856446,13,1,198346752
0.99758549737919,0.119158024666057,13,1,198346752
0.512674241667392,0.00232689050421286,13,1,198346752
0.299356379789379,0.109018651919839,13,1,198346752
0.556258058770494,0.920740385999443,13,1,198346752
0.212055853215566,0.650832422110946,13,1,198346752
0.288230284245106,0.0919107713429625,13,1,198346752
0.156783478271573,0.737871687165601,13,1,198346752
0.441912822772129,0.795819079966074,13,1,198346752
0.838092404802725,0.498380236206271,13,1,198346752
0.369770840116286,0.455834192856591,13,1,198346752
0.687394691665998,0.64729549828407,13,1,198346752
0.274542050483923,0.599837157255355,13,1,198346752
0.452831838381202,0.850064186359484,13,1,198346752
0.976202917213441,0.316932664192367,13,1,198346752
0.775051445708637,0.465141316546993,13,1,198346752
0.108272183719352,0.740645237577984,13,1,198346752
0.219835396249782,0.984128171150927,13,1,198346752
0.822168940540508,0.215906913270494,13,1,198346752
0.462143294685143,0.556503065282867,13,1,198346752
0.310526757037577,0.914367472297361,13,1,198346752
0.193884755141357,0.718637814445747,13,1,198346752
0.777089525059117,0.44606738115285,13,1,198346752
0.156954726209984,0.313046473193555,13,1,198346752
0.805112917281338,0.079560540915101,13,1,198346752
0.262272765406563,0.357825895948515,13,1,198346752
0.720599437220208,0.779824216829073,13,1,198346752
0.180837076238773,0.115193105885886,13,1,198346752
0.865835867696559,0.405200845596623,13,1,198346752
0.809588675787446,0.765418754597594,13,1,198346752
0.211950347606763,0.636963162680364,13,1,198346752
0.902431252118146,0.558686194155422,13,1,198346752
0.175299926304338,0.387786492550461,13,1,198346752
0.242891131210009,0.691334470622651,13,1,198346752
0.0870905745607395,0.0716232566397021,13,1,198346752
0.470842178149661,0.534219168904925,13,1,198346752
0.797085822916163,0.187390782446027,13,1,198346752
0.948749393590071,0.742187259086461,13,1,198346752
0.444222375981447,0.055400765695542,13,1,198346752
0.65864373308398,0.993401305643686,13,1,198346752
0.0115587686543663,0.270027941557651,13,1,198346752
0.820089925629117,0.909785317061134,13,1,198346752
0.500577998886772,0.703687726231753,13,1,198346752
0.822595525847051,0.525457070179049,13,1,198346752
0.133121993443074,0.323482584982679,13,1,198346752
0.0492324447339101,0.494213793482359,13,1,198346752
0.908713853878815,0.792627647310071,13,1,198346752
0.750592211456202,0.35777779101804,13,1,198346752
0.768843176623097,0.7782830805494,13,1,198346752
0.336291870366081,0.494128821291524,13,1,198346752
0.132723130374917,0.739423240762,13,1,198346752
0.981442525405519,0.0874059309527422,13,1,198346752
0.569122044611172,0.422767062584006,13,1,198346752
0.935689765528782,0.892840779577184,13,1,198346752
0.95563622808888,0.311870115140191,13,1,198346752
0.77596990542212,0.456653375154284,13,1,198346752
0.147318107525405,0.162610728937127,13,1,198346752
0.677283137708918,0.646755879370903,13,1,198346752
0.857221192935585,0.335746175668338,13,1,198346752
0.0965670519835307,0.934923741004972,13,1,198346752
0.324990315830401,0.743554770972299,13,1,198346752
0.626361727006359,0.401157205910484,13,1,198346752
0.743381265512546,0.358052208692621,13,1,198346752
0.158000157823489,0.103705109752926,13,1,198346752
0.00398548652992137,0.458360689356527,13,1,198346752
0.0162391523631555,0.469245360743377,13,1,198346752
0.554146214363099,0.446388649121153,13,1,198346752
0.207093363515953,0.724859900852596,13,1,198346752
0.80231929831337,0.133766156911138,13,1,198346752
0.742898049577752,0.520065437034599,13,1,198346752
0.631194018149587,0.573860789996409,13,1,198346752
0.484515823526052,0.00677781268240896,13,1,198346752
0.02109133859887,0.920027654691851,13,1,198346752
0.123577559831812,0.427590197390682,13,1,198346752
0.0571436214218688,0.246016419199546,13,1,198346752
0.398121737764953,0.388059906755605,13,1,198346752
0.772599807471477,0.887856115763881,13,1,198346752
0.425962547089944,0.522936226346111,13,1,198346752
0.628312329319498,0.225234863473677,13,1,198346752
0.388932062708005,0.750355121598211,13,1,198346752
0.245159677069093,0.418383308420174,13,1,198346752
0.381555921342437,0.299421957581647,13,1,198346752
0.325390319031297,0.231971456610613,13,1,198346752
0.288990575066548,0.31850490736135,13,1,198346752
0.955546899786912,0.136843127242589,13,1,198346752
0.434751416082175,0.840096312782113,13,1,198346752
0.86383491565028,0.742475649392654,13,1,198346752
0.613812710200304,0.753788304348151,13,1,198346752
0.992565321043451,0.704675404408829,13,1,198346752
0.756697653388004,0.729017041391532,13,1,198346752
0.943570874910187,0.273982072005443,13,1,198346752
0.670838840358139,0.210976688118968,13,1,198346752
0.58232381955242,0.839296674183036,13,1,198346752
0.0448405833706076,0.785904064244166,13,1,198346752
0.592006145844336,0.124103422451351,13,1,198346752
0.221755578224395,0.519158365158155,13,1,198346752
0.00857447795122468,0.23133761096897,13,1,198346752
0.257682033936972,0.293084050832817,13,1,198346752
0.74140307446616,0.670973605691952,13,1,198346752
0.839725605075568,0.535528899000124,13,1,198346752
0.954770898195052,0.317772027299909,13,1,198346752
0.146820141687056,0.107071672550756,13,1,198346752
0.914308267005275,0.720333279554251,13,1,198346752
0.093639050347808,0.640204403735966,13,1,198346752
0.231687059151633,0.161705896854549,13,1,198346752
0.135985640434199,0.582879266596088,13,1,198346752
0.754309185345321,0.80779066864015,13,1,198346752
0.171634035400922,0.1553817844078,13,1,198346752
0.512996024676621,0.423383880567275,13,1,198346752
0.224856665862232,0.772004048574321,13,1,198346752
0.447352911826049,0.158426073625785,13,1,198346752
0.0120050226838151,0.945306007005144,13,1,198346752
0.72947226692312,0.426343098842595,13,1,198346752
0.701231689380451,0.222165484694292,13,1,198346752
0.42571096564892,0.435276065090251,13,1,198346752
0.196639335822743,0.254151899681802,13,1,198346752
0.272773125606565,0.482022780175681,13,1,198346752
0.349732961925621,0.223640762344863,13,1,198346752
0.650435316824362,0.426213426515165,13,1,198346752
0.508043788087275,0.440701207273624,13,1,198346752
0.0832763071063019,0.137048938700315,13,1,198346752
0.0370194556832093,0.910779499051876,13,1,198346752
0.120865896249113,0.791172819348646,13,1,198346752
0.0231259944774207,0.461473951398579,13,1,198346752
0.372022022112391,0.740147661452607,13,1,198346752
0.325984479809857,0.780743739748499,13,1,198346752
0.94866946098267,0.488407282529209,13,1,198346752
0.672519025830778,0.891982843366744,13,1,198346752
0.251374889318808,0.0509176418144621,13,1,198346752
0.696676894803813,0.142624832024736,13,1,198346752
0.0669425462239626,0.231103892524015,13,1,198346752
0.847172592904686,0.254171375719702,13,1,198346752
0.0362300234565831,0.150267130620452,13,1,198346752
0.0012354860622521,0.60164469643702,13,1,198346752
0.497890095130051,0.308927915613624,13,1,198346752
0.917133261405787,0.0486307400775328,13,1,198346752
0.760691921524939,0.494884965656737,13,1,198346752
0.873440109396048,0.939092018587882,13,1,198346752
0.814794703909343,0.0530887024392062,13,1,198346752
0.0266498221206737,0.564913967602283,13,1,198346752
0.325802935707155,0.0161663992964405,13,1,198346752
0.344262047293281,0.510305586561321,13,1,198346752
0.369708635127284,0.580537973939712,13,1,198346752
0.224046680285423,0.178564086225725,13,1,198346752
0.448507950095071,0.27935191157793,13,1,198346752
0.223464956879456,0.747067099445712,13,1,198346752
0.667573177033881,0.518149458666925,13,1,198346752
0.323290943984868,0.417339912204479,13,1,198346752
0.586644368123329,0.672803903786613,13,1,198346752
0.438692327121991,0.679673509193053,13,1,198346752
0.594279389495347,0.689925179245343,13,1,198346752
0.515021852965827,0.857550858489099,13,1,198346752
0.620556436482619,0.892493697223217,13,1,198346752
0.259713009283234,0.770665857409835,13,1,198346752
0.453867371767079,0.118584434752745,13,1,198346752
0.0448901356591924,0.586348815582314,13,1,198346752
0.43836658790479,0.185456043074619,13,1,198346752
0.190125351832754,0.655580960229265,13,1,198346752
0.0400575316486567,0.538854620511861,13,1,198346752
0.432851050089926,0.199510664731803,13,1,198346752
0.352308071060151,0.842352328747349,13,1,198346752
0.430950065263948,0.601161696333091,13,1,198346752
0.894747796492557,0.561615643930638,13,1,198346752
0.487646715755981,0.918269454505785,13,1,198346752
0.216182386398756,0.585455785112648,13,1,198346752
0.377438176760108,0.593660622543476,13,1,198346752
0.377843482386606,0.43144350391731,13,1,198346752
0.381509686542597,0.934073176595732,13,1,198346752
0.121403418940887,0.636005578269019,13,1,198346752
0.549423411561008,0.581909307528497,13,1,198346752
0.252648612319906,0.270801095679335,13,1,198346752
0.0390717335846633,0.985829671673575,13,1,198346752
0.921481132331476,0.13723623323275,13,1,198346752
0.247378912106769,0.916770384756191,13,1,198346752
0.941848234422221,0.832278833638612,13,1,198346752
0.698760884961791,0.619436013548298,13,1,198346752
0.36528704923991,0.408771885811788,13,1,198346752
0.499795463901977,0.0478064636654414,13,1,198346752
0.867474872967517,0.263850793558883,13,1,198346752
0.839519826284957,0.249400805573259,13,1,198346752
0.340634152804663,0.162032411584009,13,1,198346752
0.0726302333729865,0.658902193646062,13,1,198346752
0.0055301860737158,0.390844311463129,13,1,198346752
0.740142320399689,0.426228368132449,13,1,198346752
0.405148669565375,0.172542204662855,13,1,198346752
0.309851020852841,0.998983785888539,13,1,198346752
0.768169572944347,0.248001974289017,13,1,198346752
0.648713297150593,0.51125314083696,13,1,198346752
0.790041160048956,0.828907685284513,13,1,198346752
0.394158243173366,0.480594440923268,13,1,198346752
0.476664191917575,0.430111457029328,13,1,198346752
0.660875631189302,0.314838269616573,13,1,198346752
0.103282101578325,0.180500595289514,13,1,198346752
0.324397929065614,0.070622496424483,13,1,198346752
0.261710537024882,0.655533133694039,13,1,198346752
0.073728279030675,0.569666812674147,13,1,198346752
0.414100709451987,0.195185681722899,13,1,198346752
0.645649740293408,0.666489915724799,13,1,198346752
0.786392070973255,0.854268839176678,13,1,198346752
0.750304038692181,0.930468254973207,13,1,198346752
0.516823743501234,0.295222668490511,13,1,198346752
0.351939779569516,0.2270460696837,13,1,198346752
0.58111263755417,0.30588797885953,13,1,198346752
0.802020516596637,0.496133342335025,13,1,198346752
0.666913306752037,0.0839825088739135,13,1,198346752
0.991684796663187,0.0536815895983143,13,1,198346752
0.883780911757301,0.646458813877326,13,1,198346752
0.694562585114983,0.938983206499678,13,1,198346752
0.792593692575095,0.596475634094437,13,1,198346752
0.141524724740689,0.0315849270599236,13,1,198346752
0.96292953994764,0.795829307469886,13,1,198346752
0.141202051432787,0.0285834748204383,13,1,198346752
0.654407978383499,0.343638630504979,13,1,198346752
0.440240094496214,0.20922328791836,13,1,198346752
0.568201551492841,0.359131262245398,13,1,198346752
0.0756390081582978,0.63111822474789,13,1,198346752
0.307986895548918,0.918998342293344,13,1,198346752
0.794975447472361,0.534874626991313,13,1,198346752
0.551278242095224,0.285021207190681,13,1,198346752
0.827225545618732,0.3053427549646,13,1,198346752
0.948658779983681,0.644344529819241,13,1,198346752
0.815973508428609,0.0889084910145941,13,1,198346752
0.218910774107223,0.141063447202896,13,1,198346752
0.942232168194036,0.45155043964162,13,1,198346752
0.00125825188524509,0.10918193220015,13,1,198346752
0.954524319830148,0.92664488423809,13,1,198346752
0.132123512513248,0.0608280762430882,13,1,198346752
0.912008567331871,0.980025900002582,13,1,198346752
0.845651136230726,0.767699448432097,13,1,198346752
0.469739419797518,0.0329409697981342,13,1,198346752
0.941407676775957,0.62628992210752,13,1,198346752
0.0368262072352337,0.313610318629458,13,1,198346752
0.0279252893441129,0.634562505213309,13,1,198346752
0.115809118169845,0.580230586445388,13,1,198346752
0.276891163781464,0.74371939487814,13,1,198346752
0.832074093172698,0.517990196047396,13,1,198346752
0.56622776440186,0.426639477565733,13,1,198346752
0.0359938642869881,0.788070865736024,13,1,198346752
0.648328253870394,0.437488267045754,13,1,198346752
0.236575463410276,0.146180370084527,13,1,198346752
0.0381253246445388,0.0308077055688512,13,1,198346752
0.0400821115141961,0.608630331769646,13,1,198346752
0.965337394912918,0.555808574810874,13,1,198346752
0.171676660614985,0.696142666296205,13,1,198346752
0.0196128466209275,0.357908943811375,13,1,198346752
0.696470680653167,0.439644039687314,13,1,198346752
0.947106964158585,0.0690134043970252,13,1,198346752
0.0234433594811325,0.70058197613056,13,1,198346752
0.0373283896598633,0.904489315021932,13,1,198346752
0.0600740218653204,0.696131049641102,13,1,198346752
0.162140105924939,0.018042867621137,13,1,198346752
0.144491256752754,0.430513340823454,13,1,198346752
0.116069095377838,0.673705162055579,13,1,198346752
0.142221217394201,0.346294791486817,13,1,198346752
0.805917565787322,0.653188062829921,13,1,198346752
0.823439658577282,0.804332938587268,13,1,198346752
0.376950752884764,0.64542143990887,13,1,198346752
0.140162947732878,0.339706328263818,13,1,198346752
0.697029387206685,0.15251991865713,13,1,198346752
0.542227680501085,0.39411474960125,13,1,198346752
0.0628480822425201,0.891088244403442,13,1,198346752
0.946445445061017,0.180636509057193,13,1,198346752
0.113141777855878,0.283298065758666,13,1,198346752
0.0272948023187114,0.434042314944982,13,1,198346752
0.598612759124288,0.596310137740108,13,1,198346752
0.693074193322942,0.319651718585352,13,1,198346752
0.60769045824708,0.964542771947333,13,1,198346752
0.164161152689146,0.477528314902151,13,1,198346752
0.884854669422433,0.652656786616545,13,1,198346752
0.406708421492015,0.697283408569576,13,1,198346752
0.874024122232356,0.316775716562092,13,1,198346752
0.11213089774527,0.694843152943956,13,1,198346752
0.385532870470016,0.101895124131706,13,1,198346752
0.90094697799656,0.792875370460772,13,1,198346752
0.818007269224737,0.776890555724578,13,1,198346752
0.874656124459138,0.760548273556979,13,1,198346752
0.667306628810958,0.870038991643571,13,1,198346752
0.685712849553086,0.627400638605167,13,1,198346752
0.41951881008291,0.0628211417438687,13,1,198346752
0.372872176082501,0.0386243155474455,13,1,198346752
0.25600562361995,0.988471318784011,13,1,198346752
0.450901325850492,0.101998539063073,13,1,198346752
0.739277961639988,0.00489865474088624,13,1,198346752
0.238301764222496,0.377346187938081,13,1,198346752
0.651553436446591,0.394440285376882,13,1,198346752
0.584103994584753,0.98708056042154,13,1,198346752
0.908339984052774,0.498457851917908,13,1,198346752
0.606672087542419,0.33306353460602,13,1,198346752
0.140052073630974,0.35127775395282,13,1,198346752
0.191463178252559,0.333404745571825,13,1,198346752
0.00186607898862601,0.418843236406314,13,1,198346752
0.134803284956838,0.691702485595684,13,1,198346752
0.885124098940135,0.274065788851039,13,1,198346752
0.40925193482707,0.0687615718713381,13,1,198346752
0.525023886827336,0.815770334681564,13,1,198346752
0.146990671666691,0.111080921280626,13,1,198346752
0.127273595687103,0.0705765439783077,13,1,198346752
0.165443793241263,0.158011825257631,13,1,198346752
0.637516453729461,0.994018257425595,13,1,198346752
0.892429108636134,0.689587565481094,13,1,198346752
0.582940681058987,0.377767019634973,13,1,198346752
0.350324733813069,0.527049274509765,13,1,198346752
0.836042534845566,0.360736421378439,13,1,198346752
0.418041590550779,0.615219861215194,13,1,198346752
0.82746055565937,0.976905540566628,13,1,198346752
0.565808652907983,0.284861737968042,13,1,198346752
0.027699764806183,0.843452247738307,13,1,198346752
0.882386648132139,0.549583582512391,13,1,198346752
0.884395872958575,0.674379946814744,13,1,198346752
0.0476866127232769,0.724876875094394,13,1,198346752
0.720706232163637,0.0442863168764815,13,1,198346752
0.0650959568584366,0.999697310355603,13,1,198346752
0.130107497335909,0.293589024925538,13,1,198346752
0.0620867938783629,0.064280644365736,13,1,198346752
0.345529935285706,0.30229032341598,13,1,198346752
0.480881863061647,0.18046067935828,13,1,198346752
0.527249034153962,0.90925582621634,13,1,198346752
0.50502490372404,0.58015679225934,13,1,198346752
0.566249667412917,0.0498517405457073,13,1,198346752
0.1490221085226,0.266058096594681,13,1,198346752
0.873748116799863,0.125542865407742,13,1,198346752
0.518627089822939,0.36856230941251,13,1,198346752
0.939946726582595,0.405251010577209,13,1,198346752
0.47506619676393,0.602618671793685,13,1,198346752
0.0193876963887873,0.00204762229636057,13,1,198346752
0.180783891654016,0.605521623609681,13,1,198346752
0.591646032416158,0.61755890305582,13,1,198346752
0.452194561342505,0.859889687724345,13,1,198346752
0.905979015321088,0.713271399154751,13,1,198346752
0.799141807478034,0.574200107617751,13,1,198346752
0.360228536846644,0.0267861097616091,13,1,198346752
0.805504575655407,0.0506298620685526,13,1,198346752
0.708992302804639,0.543535455024496,13,1,198346752
0.289034392629115,0.980778737604606,13,1,198346752
0.919585817311138,0.49689568830915,13,1,198346752
0.929152752421335,0.698080290887306,13,1,198346752
0.870025098989371,0.42328182281508,13,1,198346752
0.524589663061798,0.944439365659299,13,1,198346752
0.176362231273862,0.661694813431401,13,1,198346752
0.613124129303062,0.0708978188229983,13,1,198346752
0.87912332086103,0.495907279692741,13,1,198346752
0.54370387741703,0.453151213320266,13,1,198346752
0.773380551519414,0.30696678099905,13,1,198346752
0.810672911304722,0.721869510685714,13,1,198346752
0.432076377214509,0.9581499116754,13,1,198346752
0.208096396145387,0.571729276447568,13,1,198346752
0.753485282352091,0.286219828291824,13,1,198346752
0.0538210211716321,0.325474298043166,13,1,198346752
0.474859368131258,0.289433652499236,13,1,198346752
0.756026860348553,0.956146408182676,13,1,198346752
0.648140575014694,0.697822473043289,13,1,198346752
0.585983453698491,0.840537779559735,13,1,198346752
0.152548140838776,0.105707547889795,13,1,198346752
0.660733986956596,0.989124377638184,13,1,198346752
0.457641331655199,0.53570921871323,13,1,198346752
0.979503311207528,0.0632012359131107,13,1,198346752
0.242331697843454,0.155563085731504,13,1,198346752
0.637802976940955,0.055164590217065,13,1,198346752
0.544073865193554,0.306706815924764,13,1,198346752
0.628404018592311,0.728428450041934,13,1,198346752
0.0408558298274242,0.262228485671301,13,1,198346752
0.227052651504137,0.763977939690461,13,1,198346752
0.973197456471536,0.280419353127903,13,1,198346752
0.877351657242861,0.78508299820895,13,1,198346752
0.498854280819531,0.174447097821362,13,1,198346752
0.314726678415988,0.65250225404799,13,1,198346752
0.51159041052389,0.613600614557556,13,1,198346752
0.229815776861339,0.176083279606564,13,1,198346752
0.95642391012948,0.641048399618611,13,1,198346752
0.691961475151054,0.133215101938514,13,1,198346752
0.0959590078814441,0.104795917137676,13,1,198346752
0.0100633522969611,0.223898413731603,13,1,198346752
0.754094518506571,0.186490828265701,13,1,198346752
0.120963125224206,0.38471662899232,13,1,198346752
0.695550314056521,0.189841309425628,13,1,198346752
0.906421528043373,0.563996730677795,13,1,198346752
0.615417090496408,0.292186145436946,13,1,198346752
0.923882334341316,0.185240065737398,13,1,198346752
0.16749405182516,0.541355881409428,13,1,198346752
0.71802788936292,0.0939069523897864,13,1,198346752
0.807592523914047,0.06194038390991,13,1,198346752
0.910889830261734,0.30663147295881,13,1,198346752
0.979280946727077,0.231967123697216,13,1,198346752
0.893367795670369,0.754912906340845,13,1,198346752
0.0812605835705584,0.718459102604635,13,1,198346752
0.84544715238569,0.363373122150125,13,1,198346752
0.652328613605088,0.492621340340122,13,1,198346752
0.873281600579128,0.523486801094365,13,1,198346752
0.963627115062413,0.830139307067403,13,1,198346752
0.136753127932124,0.303097198460906,13,1,198346752
0.589261409029129,0.306383650316008,13,1,198346752
0.884311797040483,0.0169390068191275,13,1,198346752
0.604402267019881,0.516653917588903,13,1,198346752
0.19151627287801,0.862913101451185,13,1,198346752
0.700094182412911,0.152165077759568,13,1,198346752
0.0158684222597705,0.675550298182,13,1,198346752
0.719381767543468,0.856089851560253,13,1,198346752
0.552008585607251,0.548092379010675,13,1,198346752
0.271447503816637,0.52223807173216,13,1,198346752
0.0912519985119309,0.0958976383975467,13,1,198346752
0.623932542696749,0.35961564173532,13,1,198346752
0.643637255422962,0.841831940453602,13,1,198346752
0.656482201297944,0.670156739380261,13,1,198346752
0.135895312172505,0.950082608086339,13,1,198346752
0.959750831871941,0.662416731487721,13,1,198346752
0.0203240303554555,0.559229476307675,13,1,198346752
0.484939615131741,0.878977316843687,13,1,198346752
0.465766022345316,0.193947251679116,13,1,198346752
0.310727339401836,0.625438961000737,13,1,198346752
0.585115570270354,0.234058714298157,13,1,198346752
0.204637028039252,0.0387186347496389,13,1,198346752
0.191391166460696,0.0456240782527546,13,1,198346752
0.295798891479278,0.551560974006934,13,1,198346752
0.426023257877289,0.597767858435712,13,1,198346752
0.693945396476756,0.666733322112258,13,1,198346752
0.699177655279926,0.583899299051219,13,1,198346752
0.525471275249692,0.544018072816852,13,1,198346752
0.757719346695126,0.510614174939369,13,1,198346752
0.050404377953734,0.842731053591042,13,1,198346752
0.870435929101588,0.567393951089561,13,1,198346752
0.0964066179473477,0.505782025684377,13,1,198346752
0.268670137591918,0.437539821407799,13,1,198346752
0.252254806950866,0.99730555690185,13,1,198346752
0.572368826542334,0.524895636007813,13,1,198346752
0.360145009565747,0.626855053917131,13,1,198346752
0.972766264468096,0.959170935507514,13,1,198346752
0.214127452187582,0.0851818448871393,13,1,198346752
0.356919262491125,0.164716712909621,13,1,198346752
0.38087911843645,0.574795097617275,13,1,198346752
0.723490310020427,0.645101097799986,13,1,198346752
0.648229489495191,0.667950518534633,13,1,198346752
0.554586034110575,0.898485573868921,13,1,198346752
0.988147976004543,0.8962043744474,13,1,198346752
0.452552006763563,0.882820667553227,13,1,198346752
0.236603871610326,0.780670738925464,13,1,198346752
0.687191659197808,0.871765908225263,13,1,198346752
0.451937824764042,0.392684406507102,13,1,198346752
0.168059788630956,0.98819227043038,13,1,198346752
0.116252160744049,0.176481596673806,13,1,198346752
0.318558387632958,0.417471580865947,13,1,198346752
0.884027287021925,0.594306402218137,13,1,198346752
0.0334954228317934,0.0147402990342265,13,1,198346752
0.261949725496992,0.0748266834865747,13,1,198346752
0.32134613615785,0.709831060940603,13,1,198346752
0.90494510648802,0.0237831680234493,13,1,198346752
0.072746567646214,0.201233513788105,13,1,198346752
0.302611396818476,0.174099934634252,13,1,198346752
0.320732503996818,0.830461560975699,13,1,198346752
0.164643244049423,0.250063298929628,13,1,198346752
0.919118071208551,0.458546600523081,13,1,198346752
0.491204600974084,0.265210781430445,13,1,198346752
0.906336527040245,0.921817412420101,13,1,198346752
0.112688244441721,0.335222684206485,13,1,198346752
0.958254364735283,0.0829216624958005,13,1,198346752
0.15801478411526,0.363454115783552,13,1,198346752
0.837297509592807,0.113402482955431,13,1,198346752
0.896935442168717,0.218330075094976,13,1,198346752
0.683451866617133,0.237205298427503,13,1,198346752
0.348883561180329,0.277500615121823,13,1,198346752
0.940194209581784,0.931658562486884,13,1,198346752
0.100113840720114,0.565304012519789,13,1,198346752
0.812094238141979,0.170382288513123,13,1,198346752
0.493700123179295,0.483749690174412,13,1,198346752
0.885115283212804,0.324304517228814,13,1,198346752
0.648361085946444,0.760926064198048,13,1,198346752
0.571574252327168,0.607718732985016,13,1,198346752
0.023612168751787,0.680517245622148,13,1,198346752
0.357325473101957,0.728826205748595,13,1,198346752
0.876313380504707,0.18787427705213,13,1,198346752
0.304893893447837,0.565708520143956,13,1,198346752
0.563374808317136,0.512089705999544,13,1,198346752
0.897975872586341,0.598212069380924,13,1,198346752
0.726602083128712,0.974907642738117,13,1,198346752
0.68428326883557,0.119228879926554,13,1,198346752
0.599283008775364,0.244603209298094,13,1,198346752
0.0985948385542734,0.552437465056585,13,1,198346752
0.271654446116132,0.940575152717217,13,1,198346752
0.727277931244655,0.246648163733905,13,1,198346752
0.961682252013688,0.467424412708768,13,1,198346752
0.872010394599885,0.66188522659953,13,1,198346752
0.550411324612465,0.507400720760423,13,1,198346752
0.769375174623273,0.457137257501115,13,1,198346752
0.23742472151037,0.311114167675123,13,1,198346752
0.630181592827221,0.406243650430774,13,1,198346752
0.755511032174377,0.394019740489716,13,1,198346752
0.71219798382979,0.148072393302512,13,1,198346752
0.677439314925482,0.929065389012191,13,1,198346752
0.269710468028351,0.103808244150241,13,1,198346752
0.782852118895019,0.280458561106456,13,1,198346752
0.0153461571973104,0.712868593191697,13,1,198346752
0.203754245837783,0.902181411494974,13,1,198346752
0.776928398282068,0.338180223198594,13,1,198346752
0.526249458808808,0.762039496151459,13,1,198346752
0.474436809869085,0.755355419746411,13,1,198346752
0.990918649683844,0.0162056013270111,13,1,198346752
0.446817731292946,0.306562868339754,13,1,198346752
0.638144172390459,0.281362279240511,13,1,198346752
0.94022765421574,0.430121800029148,13,1,198346752
0.766975171794352,0.537202930699369,13,1,198346752
0.438622992496546,0.593362690164573,13,1,198346752
0.424356338968638,0.715029609744057,13,1,198346752
0.80658923507794,0.592901564341648,13,1,198346752
0.920109926062549,0.782752741221207,13,1,198346752
0.88516081915633,0.124076352854587,13,1,198346752
0.281676950405599,0.226440259012514,13,1,198346752
0.513925847918424,0.0256574375022449,13,1,198346752
0.234127124363904,0.913524610125484,13,1,198346752
0.60569124488498,0.641212582242134,13,1,198346752
0.228530490669764,0.975162387436006,13,1,198346752
0.426141429319601,0.791769430613339,13,1,198346752
0.738614914168549,0.634450782838269,13,1,198346752
0.799984006007767,0.705876152903615,13,1,198346752
0.527720029127476,0.458020453946342,13,1,198346752
0.928901616647351,0.0805957771585852,13,1,198346752
0.0467851633067176,0.135381725877092,13,1,198346752
0.969612494797413,0.271677268222251,13,1,198346752
0.385321237422633,0.42962272941493,13,1,198346752
0.536834955686027,0.836829944477672,13,1,198346752
0.93518847772954,0.396567511576486,13,1,198346752
0.225526429634828,0.522930048927311,13,1,198346752
0.879888169166547,0.444399304958229,13,1,198346752
0.107114134239879,0.558035235687933,13,1,198346752
0.394863874064874,0.280918658856711,13,1,198346752
0.232281960826854,0.0545628588391667,13,1,198346752
0.733430243704789,0.828955744726224,13,1,198346752
0.635125745763605,0.701195059127289,13,1,198346752
0.407737247709695,0.327386227512827,13,1,198346752
0.118451004036928,0.526120992849713,13,1,198346752
0.673350329519462,0.283139073271635,13,1,198346752
0.871534402281143,0.165905256195163,13,1,198346752
0.418260965689808,0.224588617136613,13,1,198346752
0.600211308135888,0.183968147944469,13,1,198346752
0.603782911331734,0.378844388549397,13,1,198346752
0.348380562675742,0.841074037006313,13,1,198346752
0.971416443605133,0.22030021096846,13,1,198346752
0.345679796765435,0.768940804144773,13,1,198346752
0.57836239728149,0.29529257955623,13,1,198346752
0.880478358828864,0.332206624833504,13,1,198346752
0.399065400877862,0.931776186214631,13,1,198346752
0.651381824423952,0.22575811780855,13,1,198346752
0.843774348926471,0.768133138329863,13,1,198346752
0.763147537266216,0.136333529139989,13,1,198346752
0.373704500560637,0.784792356638937,13,1,198346752
0.0624861227408005,0.722479114400752,13,1,198346752
0.672961709495674,0.179687368318295,13,1,198346752
0.589772090684229,0.515730339915011,13,1,198346752
0.238006555256214,0.23774267542823,13,1,198346752
0.771163236159209,0.813877017313325,13,1,198346752
0.285516285157457,0.897069478280112,13,1,198346752
0.114587047658538,0.618027425911301,13,1,198346752
0.81451736488098,0.681472146149923,13,1,198346752
0.203825466477739,0.049927537162004,13,1,198346752
0.68062719574839,0.917540315287003,13,1,198346752
0.69409606872218,0.561323467092937,13,1,198346752
0.509867660216523,0.595028599107303,13,1,198346752
0.210780436164645,0.0271417217686745,13,1,198346752
0.0235049025536362,0.327847066216691,13,1,198346752
0.784907545733032,0.110547096755978,13,1,198346752
0.875341146029303,0.76261534992124,13,1,198346752
0.257035399693182,0.2400156831897,13,1,198346752
0.674664586443855,0.247969120144508,13,1,198346752
0.985946260852823,0.178647042715264,13,1,198346752
0.571085291806365,0.81358253582772,13,1,198346752
0.351088141563899,0.742173495385956,13,1,198346752
0.872301075348126,0.183821779535739,13,1,198346752
0.470179185708909,0.728646701759742,13,1,198346752
0.229394270243636,0.048029144933988,13,1,198346752
0.971408042539149,0.916800026853761,13,1,198346752
0.446759986863028,0.836057172992286,13,1,198346752
0.882620722820427,0.487501019467952,13,1,198346752
0.135476935309935,0.501028150844595,13,1,198346752
0.862063585637238,0.427038450048778,13,1,198346752
0.636454675572776,0.544806724185864,13,1,198346752
0.693708741755027,0.782927335679418,13,1,198346752
0.528814132583933,0.7277204498474,13,1,198346752
0.270847138014311,0.0294065858360384,13,1,198346752
0.293461335169642,0.318380592356441,13,1,198346752
0.123448848895586,0.979502487497862,13,1,198346752
0.127846124947951,0.151721501072315,13,1,198346752
0.647095692686507,0.375258367194466,13,1,198346752
0.67235539204499,0.681168430165276,13,1,198346752
0.550874694745876,0.826572223658193,13,1,198346752
0.838547989991488,0.178216051351709,13,1,198346752
0.685905969048339,0.654503084767625,13,1,198346752
0.275799713240786,0.209542756370222,13,1,198346752
0.789365699280504,0.457514262662227,13,1,198346752
0.863210999634818,0.328606416279316,13,1,198346752
0.137687980516406,0.865707376902459,13,1,198346752
0.496857392851953,0.715556157031169,13,1,198346752
0.241435210777536,0.0710825434818481,13,1,198346752
0.287442159073279,0.95804328833951,13,1,198346752
0.896947151373071,0.365066416369427,13,1,198346752
0.447252395335851,0.179849174269421,13,1,198346752
0.813170006916885,0.926069173682129,13,1,198346752
0.623278426145297,0.150648685365962,13,1,198346752
0.738804526485958,0.349142764204982,13,1,198346752
0.889262642332813,0.166849481448285,13,1,198346752
0.186711005561689,0.527162173093358,13,1,198346752
0.391429235967472,0.667170855954418,13,1,198346752
0.394223010591864,0.342541967303587,13,1,198346752
0.266393933245253,0.36651320490322,13,1,198346752
0.301928437577133,0.674295425179739,13,1,198346752
0.356040123960996,0.977675291228086,13,1,198346752
0.947611597947732,0.73482743198641,13,1,198346752
0.327253907832344,0.855917689200414,13,1,198346752
0.0844195877466509,0.513294795720403,13,1,198346752
0.355394019424976,0.311492233604278,13,1,198346752
0.557281926187406,0.738662521210844,13,1,198346752
0.804805569603366,0.675694127660748,13,1,198346752
0.702818207006683,0.487552451388267,13,1,198346752
0.750563074666875,0.521854037563293,13,1,198346752
0.792931899703857,0.604831966009048,13,1,198346752
0.312677247273148,0.0289462608811606,13,1,198346752
0.630848992448835,0.760118827880428,13,1,198346752
0.51730962855819,0.575792288594713,13,1,198346752
0.72136568471502,0.400622149904536,13,1,198346752
0.178073242324319,0.491742738718107,13,1,198346752
0.829510789487441,0.344943380946446,13,1,198346752
0.153510033380454,0.0499303389973527,13,1,198346752
0.0495416182639723,0.958036422164196,13,1,198346752
0.907738454913856,0.255436962100477,13,1,198346752
0.419289851748868,0.274741616198237,13,1,198346752
0.744833645773537,0.528924214575405,13,1,198346752
0.568601033556159,0.39167985324382,13,1,198346752
0.330818252117386,0.00251341365287683,13,1,198346752
0.0957353760534474,0.112049136500752,13,1,198346752
0.886276785288714,0.499235432730528,13,1,198346752
0.194597507573752,0.847149247809944,13,1,198346752
0.738122425581727,0.971507615822595,13,1,198346752
0.873756159364759,0.657312194500606,13,1,198346752
0.82427895369326,0.41733992080305,13,1,198346752
0.887156235050707,0.317712045362852,13,1,198346752
0.641975135301944,0.784953838789743,13,1,198346752
0.183512534675327,0.896239036109063,13,1,198346752
0.0703978064503374,0.731900361345511,13,1,198346752
0.350160548943991,0.590687195246939,13,1,198346752
0.977738201050607,0.432727771628071,13,1,198346752
0.543727000516604,0.204727507471882,13,1,198346752
0.730806798251221,0.600417049765005,13,1,198346752
0.441962406815215,0.219888033509538,13,1,198346752
0.225386774777752,0.804359693470078,13,1,198346752
0.0322559978058461,0.528350740589413,13,1,198346752
0.0201851336055998,0.0249504204618962,13,1,198346752
0.336636488713413,0.505291788928753,13,1,198346752
0.679679287295764,0.438503988703633,13,1,198346752
0.478199807324747,0.717918574738547,13,1,198346752
0.461808355252096,0.613306758011491,13,1,198346752
0.24645531458965,0.43511644434544,13,1,198346752
0.124933788509924,0.569524033450303,13,1,198346752
0.230739776133141,0.992626491528574,13,1,198346752
0.56996451202451,0.18778347574157,13,1,198346752
0.344787823089006,0.838009469719893,13,1,198346752
0.0974557019247744,0.991911840216686,13,1,198346752
0.527492735405902,0.863456005928504,13,1,198346752
0.549191090486356,0.620904998180351,13,1,198346752
0.24144869344147,0.649968853390737,13,1,198346752
0.205028525902027,0.358323335575488,13,1,198346752
0.967932515633986,0.746319357557394,13,1,198346752
0.774769127087561,0.516777971354689,13,1,198346752
0.0660490173582859,0.64550288889248,13,1,198346752
0.0723509809983822,0.672656581973215,13,1,198346752
0.218409032973293,0.356450254121674,13,1,198346752
0.256750798354131,0.804307731032451,13,1,198346752
0.754992607240442,0.318687768110774,13,1,198346752
0.273229806834651,0.862750161369289,13,1,198346752
0.834044784385313,0.99854386041399,13,1,198346752
0.267130189357879,0.115517673532743,13,1,198346752
0.98166489439561,0.00498724943735684,13,1,198346752
0.206692630668649,0.828190683401716,13,1,198346752
0.0401407305646828,0.190596048844557,13,1,198346752
0.900792459175603,0.956719059155986,13,1,198346752
0.859491614378378,0.525888128504961,13,1,198346752
0.747002945536156,0.972712960032373,13,1,198346752
0.106426808615461,0.75221632423724,13,1,198346752
0.887690440985826,0.464185947638769,13,1,198346752
0.335187899356477,0.090377026540116,13,1,198346752
0.37212538166157,0.334196332909525,13,1,198346752
0.82857006711821,0.0567961696555104,13,1,198346752
0.805689237748175,0.603619621383688,13,1,198346752
0.3088755052116,0.554425812324079,13,1,198346752
0.026789091224128,0.00959017583698829,13,1,198346752
0.990930271756456,0.466126314261527,13,1,198346752
0.26034725678748,0.899597419517114,13,1,198346752
0.7712635803053,0.750784436682097,13,1,198346752
0.494653146556146,0.975946805135015,13,1,198346752
0.4169491201427,0.332680431435777,13,1,198346752
0.611151839504654,0.222254102920105,13,1,198346752
0.742947870588973,0.310968847116632,13,1,198346752
0.938807989779943,0.390302255355464,13,1,198346752
0.380690936644686,0.0455502822545633,13,1,198346752
0.782714949596351,0.586593106233972,13,1,198346752
0.480910856132823,0.721588554334875,13,1,198346752
0.174741713821482,0.438631442980406,13,1,198346752
0.335194143422499,0.944384446432979,13,1,198346752
0.422815481517743,0.468296409822285,13,1,198346752
0.710821009889006,0.000679401423465453,13,1,198346752
0.975957885770375,0.0864076835506675,13,1,198346752
0.576482898131331,0.334601645480076,13,1,198346752
0.0326238167216149,0.512415359467796,13,1,198346752
0.951243467255716,0.504964159841268,13,1,198346752
0.526675104714622,0.280228878678344,13,1,198346752
0.258586397307594,0.822269947079276,13,1,198346752
0.146731195515727,0.193037379801431,13,1,198346752
0.099615582933672,0.555430247031404,13,1,198346752
0.727598544095174,0.201092144240927,13,1,198346752
0.750140231755041,0.919147167490173,13,1,198346752
0.656104339395117,0.645130983140626,13,1,198346752
0.462125537837386,0.158563672422785,13,1,198346752
0.294300528091995,0.0892742862586777,13,1,198346752
0.150121403904293,0.87535606179171,13,1,198346752
0.20832782838002,0.351737303367007,13,1,198346752
0.940422050353032,0.494627290281295,13,1,198346752
0.21841072783264,0.453952416180769,13,1,198346752
0.917216960876809,0.392054244102185,13,1,198346752
0.142211648055194,0.590461036210374,13,1,198346752
0.628961234362694,0.59882067656828,13,1,198346752
0.16397186121046,0.903001965642063,13,1,198346752
0.904303531009345,0.949894579494846,13,1,198346752
0.585082724328463,0.439140117536869,13,1,198346752
0.012507529579894,0.655134521245766,13,1,198346752
0.813209924834291,0.878892473855174,13,1,198346752
0.714658653452055,0.881424357616511,13,1,198346752
0.694394713005911,0.534093566923079,13,1,198346752
0.772220717052456,0.509774252777859,13,1,198346752
0.165022767521809,0.764104562251164,13,1,198346752
0.695679160237705,0.621112645781897,13,1,198346752
0.22239087519168,0.156807354643023,13,1,198346752
0.738157413645493,0.259973774550574,13,1,198346752
0.538120771696266,0.947078512344486,13,1,198346752
0.338756752332431,0.219453453873771,13,1,198346752
0.902633246158847,0.800307545515914,13,1,198346752
0.693154789606647,0.830423486061513,13,1,198346752
0.595869602932789,0.351397280066648,13,1,198346752
0.809538065154548,0.999924892845275,13,1,198346752
0.655876716373328,0.556386496706314,13,1,198346752
0.537253101955579,0.279255297033593,13,1,198346752
0.649492541941556,0.259844277032219,13,1,198346752
0.188290771275528,0.406471506802522,13,1,198346752
0.29584700752307,0.858918251825597,13,1,198346752
0.537158809956331,0.133762790472609,13,1,198346752
0.588379437658531,0.307111408378275,13,1,198346752
0.99747308516485,0.51109584390473,13,1,198346752
0.983589448151988,0.679698925184387,13,1,198346752
0.975125622111778,0.144411949315591,13,1,198346752
0.571072535442296,0.987656287274606,13,1,198346752
0.933004722338818,0.357077998119777,13,1,198346752
0.0248292715950706,0.556576802693767,13,1,198346752
0.160358592537553,0.862979212566336,13,1,198346752
0.99252805552455,0.55473637333208,13,1,198346752
0.432330935796054,0.376427492260238,13,1,198346752
0.830265826037797,0.160967834565406,13,1,198346752
0.0543962607373514,0.078800825563337,13,1,198346752
0.490004416085926,0.808896661113607,13,1,198346752
0.527568969783189,0.475683972436896,13,1,198346752
0.91149164874922,0.360483205345323,13,1,198346752
0.693787342526833,0.231650788778898,13,1,198346752
0.402761872517091,0.580512046398804,13,1,198346752
0.996230398073299,0.581772574982938,13,1,198346752
0.590948307989439,0.182765778547974,13,1,198346752
0.346750780326158,0.896852144468867,13,1,198346752
0.321918740212695,0.611519673929586,13,1,198346752
0.741254055471701,0.125989500896512,13,1,198346752
0.506701624280663,0.78261741819865,13,1,198346752
0.466913271970678,0.722811595896616,13,1,198346752
0.263286585756531,0.273488370514756,13,1,198346752
0.52686351758827,0.857637840634984,13,1,198346752
0.128653565944628,0.84078121915462,13,1,198346752
0.688371971496629,0.208544328973542,13,1,198346752
0.894405056024053,0.988303484728163,13,1,198346752
0.919206447974596,0.646996329469196,13,1,198346752
0.757415039678749,0.334284350979676,13,1,198346752
0.859070973021659,0.06564201955364,13,1,198346752
0.739781981900204,0.770581391177084,13,1,198346752
0.621466402116066,0.382257849893653,13,1,198346752
0.981072652871453,0.0247411360924059,13,1,198346752
0.464754011519337,0.831772895746851,13,1,198346752
0.295026161055541,0.875547799340646,13,1,198346752
0.218736178587855,0.198264791977818,13,1,198346752
0.932872672834679,0.662862092314291,13,1,198346752
0.122872416761967,0.103025293140193,13,1,198346752
0.614480928116734,0.556404305262552,13,1,198346752
0.0507079339979697,0.15804897276655,13,1,198346752
0.385224469841334,0.691168943239483,13,1,198346752
0.505465844092016,0.690038503109575,13,1,198346752
0.31464814772689,0.813764114797555,13,1,198346752
0.977529362913264,0.984689866978468,13,1,198346752
0.680338026130669,0.76091458734313,13,1,198346752
0.191856808198263,0.337951739007009,13,1,198346752
0.159209064053297,0.874832949429209,13,1,198346752
0.77207205239294,0.327832667397009,13,1,198346752
0.830949642480332,0.773441729012041,13,1,198346752
0.572992720815906,0.660278568233625,13,1,198346752
0.939354289854738,0.496814036071503,13,1,198346752
0.968004553113725,0.953731223884197,13,1,198346752
0.750422506337045,0.37766156102261,13,1,198346752
0.463584620494577,0.408565495876577,13,1,198346752
0.194628185820684,0.77394509430105,13,1,198346752
0.140051297506199,0.978122662466746,13,1,198346752
0.0593916995853885,0.490520478742142,13,1,198346752
0.730403219877831,0.998809949231472,13,1,198346752
0.445397395394187,0.187068372698034,13,1,198346752
0.522876962045932,0.336243898359363,13,1,198346752
0.0272385784952469,0.330914661713766,13,1,198346752
0.615959509204306,0.645711706622369,13,1,198346752
0.500858831118383,0.647010571032204,13,1,198346752
0.603005987293658,0.563279087713756,13,1,198346752
0.498508648530029,0.339579241018258,13,1,198346752
0.333894066092891,0.824544127515348,13,1,198346752
0.268765292466474,0.265807759464444,13,1,198346752
0.823593850548941,0.489695885946312,13,1,198346752
0.234283741610302,0.504502560089076,13,1,198346752
0.587181859871988,0.457235320425106,13,1,198346752
0.888953205897666,0.188661005082872,13,1,198346752
0.198280865457204,0.25236378044468,13,1,198346752
0.116167345881062,0.269176912482101,13,1,198346752
0.361902453985801,0.0487060280349034,13,1,198346752
0.451956166513318,0.37079209656787,13,1,198346752
0.759790003593554,0.896878837538448,13,1,198346752
0.593914884930912,0.96244057406512,13,1,198346752
0.144520076776928,0.434432903508869,13,1,198346752
0.347323666653523,0.0558001792981591,13,1,198346752
0.925925428697398,0.106771179534714,13,1,198346752
0.131945084691022,0.865423311305816,13,1,198346752
0.40610696267608,0.146035498939016,13,1,198346752
0.418434332980486,0.481945113729135,13,1,198346752
0.437959995596088,0.86604972847086,13,1,198346752
0.214441643434904,0.119381716248123,13,1,198346752
0.167203419097704,0.97073156143995,13,1,198346752
0.375371210059629,0.227183876947651,13,1,198346752
0.145913426293268,0.433670679218755,13,1,198346752
0.995469202606913,0.443995259411214,13,1,198346752
0.206631030633416,0.229920935748809,13,1,198346752
0.492306592062477,0.846493915223954,13,1,198346752
0.280257503147933,0.588943985048924,13,1,198346752
0.532383681598764,0.542118312917331,13,1,198346752
0.744130804026776,0.306681883396458,13,1,198346752
0.144149798655504,0.482026888744197,13,1,198346752
0.273540876469741,0.844166020365215,13,1,198346752
0.863496602628356,0.164041828773801,13,1,198346752
0.546510630346802,0.108590482776153,13,1,198346752
0.0322949708863804,0.859143630908297,13,1,198346752
0.0146745547682041,0.276293767235022,13,1,198346752
0.00491729937026886,0.450688884273605,13,1,198346752
0.796603886575266,0.52849526263824,13,1,198346752
0.790926671302874,0.396137896522454,13,1,198346752
0.0740421225717038,0.000346047794573145,13,1,198346752
0.0178325681103146,0.893294228934958,13,1,198346752
0.956743709576625,0.359647242820024,13,1,198346752
0.838738301300608,0.426292379594477,13,1,198346752
0.254677356185541,0.230282051291396,13,1,198346752
0.109232476318549,0.257317567589859,13,1,198346752
0.904248124184666,0.872241316997359,13,1,198346752
0.19230978220862,0.57769539442777,13,1,198346752
0.330238322021164,0.421820749506998,13,1,198346752
0.341063795179966,0.388176711897928,13,1,198346752
0.180640589180287,0.257664019324073,13,1,198346752
0.405585486843464,0.124931017562931,13,1,198346752
0.07789800267832,0.42453964345107,13,1,198346752
0.686237954123503,0.0807489934877295,13,1,198346752
0.49733074018909,0.969226704509373,13,1,198346752
0.52001496402457,0.321201660837063,13,1,198346752
0.345066389691391,0.56007901497083,13,1,198346752
0.407349596802159,0.558256215578023,13,1,198346752
0.167423864229724,0.504056792229517,13,1,198346752
0.189994887975307,0.678934504156247,13,1,198346752
0.563262998060059,0.47385490984419,13,1,198346752
0.453056161591002,0.218481609677081,13,1,198346752
0.841959069478571,0.0774405226509123,13,1,198346752
0.221338914201755,0.423454721768596,13,1,198346752
0.150796647351783,0.917972999169715,13,1,198346752
0.756123570030127,0.722633953186997,13,1,198346752
0.669920030334255,0.445092581111294,13,1,198346752
0.90361512780767,0.692505305219392,13,1,198346752
0.0845639380677365,0.958081306708231,13,1,198346752
0.337271706151074,0.865060339445499,13,1,198346752
0.313180918495745,0.750570800574198,13,1,198346752
0.113069351266574,0.347988485429494,13,1,198346752
0.573399923482764,0.643761820970612,13,1,198346752
0.281466892326779,0.166813195279128,13,1,198346752
0.77357656672562,0.594923122206303,13,1,198346752
0.415702313687684,0.659229023936626,13,1,198346752
0.966952548005596,0.519138936079825,13,1,198346752
0.747598980102922,0.595404501431751,13,1,198346752
0.479058365741447,0.442402878768127,13,1,198346752
0.185801505114484,0.525623825768898,13,1,198346752
0.529842849744893,0.597763531467517,13,1,198346752
0.803816432251528,0.347475613087617,13,1,198346752
0.686864541924279,0.184642907195646,13,1,198346752
0.532287207150133,0.141803495029602,13,1,198346752
0.445500694603307,0.356123921764855,13,1,198346752
0.0105008887816318,0.102310933667987,13,1,198346752
0.294009607998189,0.561435610565168,13,1,198346752
0.674369552317623,3.04808314330884E-05,13,1,198346752
0.464920667883674,0.603070572066617,13,1,198346752
0.287270667429001,0.726379280462642,13,1,198346752
0.793838875794687,0.317496500472266,13,1,198346752
0.908838968680769,0.413650655083362,13,1,198346752
0.813176584740015,0.698312604492661,13,1,198346752
0.735601550700921,0.98493507127375,13,1,198346752
0.716449887004873,0.258872756101361,13,1,198346752
0.832696283710138,0.512199400732199,13,1,198346752
0.489298145453927,0.0253139503081279,13,1,198346752
0.414930724586569,0.00773486681877422,13,1,198346752
0.467464393250454,0.708138584819383,13,1,198346752
0.834688787080922,0.929897457235408,13,1,198346752
0.3118759802241,0.257040342093317,13,1,198346752
0.327082506683982,0.518300432129521,13,1,198346752
0.687194919747679,0.74987648348009,13,1,198346752
0.721882367572519,0.118923458133577,13,1,198346752
0.823542549738449,0.262311800487857,13,1,198346752
0.500820295812199,0.833756778957878,13,1,198346752
0.258118108994756,0.992102597749584,13,1,198346752
0.804616416383115,0.105726749364021,13,1,198346752
0.362982029937187,0.306936493049773,13,1,198346752
0.0276158420470978,0.613126022974997,13,1,198346752
0.866015864441167,0.235802766478565,13,1,198346752
0.668608435668715,0.930425259150291,13,1,198346752
0.735678117870914,0.716430203777717,13,1,198346752
0.213929175988688,0.869563572458794,13,1,198346752
0.156321299847323,0.149034778934496,13,1,198346752
0.189307624208568,0.504215878198157,13,1,198346752
0.654111503518372,0.253077890831889,13,1,198346752
0.388512519790799,0.322163164076778,13,1,198346752
0.21403792238315,0.442654907386382,13,1,198346752
0.66303250118635,0.340934244868354,13,1,198346752
0.437833374629814,0.243234227425153,13,1,198346752
0.188925499647166,0.873602272493793,13,1,198346752
0.364975369637669,0.527490054950806,13,1,198346752
0.470016701897078,0.356750282557613,13,1,198346752
0.336214244134347,0.869424428770388,13,1,198346752
0.146519668576444,0.0229949758733508,13,1,198346752
0.991194030361141,0.146811280109088,13,1,198346752
0.201345697358786,0.842543637174342,13,1,198346752
0.144148381757095,0.930814716777135,13,1,198346752
0.157242450751736,0.353621406119498,13,1,198346752
0.359138938656078,0.329392274242264,13,1,198346752
0.898400247867714,0.308131027246309,13,1,198346752
0.114178005058259,0.234410775103043,13,1,198346752
0.185826660308872,0.156701026913075,13,1,198346752
0.495118672360749,0.0208657560765995,13,1,198346752
0.846490375351176,0.746478109390009,13,1,198346752
0.295362685753463,0.256731183937562,13,1,198346752
0.377871115022101,0.669425139748491,13,1,198346752
0.751197064424166,0.164247237947415,13,1,198346752
0.211174238594733,0.269947114589909,13,1,198346752
0.190505305042013,0.840674189677578,13,1,198346752
0.46593018777312,0.275753504746636,13,1,198346752
0.751231485447602,0.810838821222835,13,1,198346752
0.378457668736973,0.530962029285172,13,1,198346752
