0.936609456692394,0.103213830233687,13,1,198346752
0.354143314579147,0.670577872076793,13,1,198346752
0.354266478154809,0.639748826934484,13,1,198346752
0.269741072631164,0.548327402377573,13,1,198346752
0.893692550630897,0.517314031779595,13,1,198346752
0.527118651056287,0.0871265427595134,13,1,198346752
0.82703890133381,0.120574241175631,13,1,198346752
0.511020967052303,0.534905070915899,13,1,198346752
0.16800763922717,0.502254899163343,13,1,198346752
0.948439031644669,0.227323156637742,13,1,198346752
0.00362234074286594,0.469528493415817,13,1,198346752
0.0094957782030658,0.974661019549319,13,1,198346752
0.738858729857546,0.854930548790177,13,1,198346752
0.43528353389422,0.782559656355561,13,1,198346752
0.118368669520006,0.869949625085677,13,1,198346752
0.0478494622746801,0.0714655356998908,13,1,198346752
0.921511359824646,0.633377653073902,13,1,198346752
0.968297499843731,0.745691744628121,13,1,198346752
0.515844681873512,0.933596179547732,13,1,198346752
0.199795033535326,0.117620585610355,13,1,198346752
0.141998850699546,0.266997495585512,13,1,198346752
0.195329676878231,0.259485033791617,13,1,198346752
0.528789326232463,0.87084812457684,13,1,198346752
0.128945631764439,0.203471042887908,13,1,198346752
0.608042554631634,0.98526696194197,13,1,198346752
0.0310826064879191,0.176415262721489,13,1,198346752
0.797874826188308,0.477383241385083,13,1,198346752
0.915330283781977,0.00699549318956016,13,1,198346752
0.20589963579016,0.802134014918249,13,1,198346752
0.460295025953223,0.777011980286779,13,1,198346752
0.322887148746042,0.982196409143229,13,1,198346752
0.544756341118896,0.689801483099705,13,1,198346752
0.4663820697491,0.193475308760653,13,1,198346752
0.0137291034873537,0.156697098906227,13,1,198346752
0.221678307671573,0.69714077495318,13,1,198346752
0.324018718562518,0.921537654510682,13,1,198346752
0.762268207343679,0.155025480739272,13,1,198346752
0.987275569937959,0.00189604041850089,13,1,198346752
0.646043627399028,0.425863764340603,13,1,198346752
0.0674946991259642,0.264921398561675,13,1,198346752
0.707553787763321,0.321024468292015,13,1,198346752
0.944755986376412,0.697648308442689,13,1,198346752
0.175851473994266,0.962148945959736,13,1,198346752
0.6462706641995,0.853832536681274,13,1,198346752
0.207031102353556,0.581202580110263,13,1,198346752
0.451401079736701,0.519781653031828,13,1,198346752
0.544390917988378,0.924283082799397,13,1,198346752
0.189116117497747,0.643288175185285,13,1,198346752
0.726126274549257,0.305147298424578,13,1,286130985
0.410237583893255,0.166352299302506,13,1,286130985
0.514702742040524,0.235548245357139,13,1,286130985
0.104592567084342,0.318949107267339,13,1,286130985
0.341957583354985,0.301375600491021,13,1,286130985
0.281576445135916,0.764076448842695,13,1,286130985
0.116321757565724,0.672943898220636,13,1,286130985
0.970613053981288,0.447716020669964,13,1,286130985
0.596176987937547,0.126876983544864,13,1,286130985
0.335464026422049,0.652311304024583,13,1,286130985
0.0476873911108893,0.312537588620919,13,1,286130985
0.90332280825078,0.30628906443572,13,1,286130985
0.486591314220035,0.586554813398767,13,1,286130985
0.8183926242861,0.461612434863929,13,1,286130985
0.923263895749544,0.862308321098229,13,1,286130985
0.92407913791039,0.915524751231977,13,1,286130985
0.730374898502888,0.452343056451154,13,1,286130985
0.3391065456289,0.38330001798386,13,1,286130985
0.613969308599191,0.0724159271018481,13,1,286130985
0.736341765214546,0.831824808335051,13,1,286130985
0.305242162544038,0.0990921971727661,13,1,286130985
0.838989187035363,0.548903807008259,13,1,286130985
0.816633681807554,0.884473861758388,13,1,286130985
0.745428953330557,0.0351183198638583,13,1,286130985
0.967455227453789,0.805154249452355,13,1,286130985
0.794950288261887,0.816298938564488,13,1,286130985
0.845817143299709,0.56061113029521,13,1,286130985
0.0575587115136891,0.894240466854789,13,1,286130985
0.198347547665716,0.70738881840507,13,1,286130985
0.555615379908471,0.636066933036644,13,1,286130985
0.157358774765997,0.491293861799604,13,1,286130985
0.939597736122069,0.973458371899527,13,1,286130985
0.108602439846361,0.266760845241538,13,1,286130985
0.0394691432750518,0.953923297986449,13,1,286130985
0.94305665118952,0.699457443174408,13,1,286130985
0.116448158950483,0.01569363136118,13,1,286130985
0.782960083801284,0.503397376775824,13,1,286130985
0.608999168491002,0.77917055156623,13,1,286130985
0.580661478120771,0.168507525368937,13,1,286130985
0.971970535749477,0.669237930994421,13,1,286130985
0.805008280796256,0.570037750408941,13,1,286130985
0.0426890299866578,0.427335736424317,13,1,286130985
0.00146669437731539,0.245324280173924,13,1,286130985
0.702279290748092,0.717970324479135,13,1,286130985
0.496871563335667,0.566204694068463,13,1,286130985
0.949286382871079,0.760877962749118,13,1,286130985
0.130113351606135,0.849791287087415,13,1,286130985
0.409949555885145,0.824169037078629,13,1,286130985
0.375806074796698,0.309147478186141,13,1,286130985
0.00198020008077737,0.994791437602905,13,1,286130985
0.091355550017048,0.375465842367105,13,1,286130985
0.449910353375062,0.26449140051994,13,1,286130985
0.738773032351151,0.110416835033843,13,1,286130985
0.0546722080126711,0.0395025671394214,13,1,286130985
0.208969168338529,0.503733539781432,13,1,286130985
0.937774069665475,0.370834943256009,13,1,286130985
0.663384776193094,0.314279143103451,13,1,286130985
0.273359551714149,0.620292838566698,13,1,286130985
0.0992828091479723,0.197446418931379,13,1,286130985
0.841606651754045,0.108868780146142,13,1,286130985
0.56757539092508,0.785720719224642,13,1,286130985
0.270443270400626,0.655381519004124,13,1,286130985
0.973954881319726,0.837380423008971,13,1,286130985
0.516493257056255,0.205472386216558,13,1,286130985
0.924314781577002,0.416714270801678,13,1,286130985
0.689686589456363,0.0340689405867547,13,1,286130985
0.284155355814122,0.214343781258406,13,1,286130985
0.0944223223020337,0.474029943391709,13,1,286130985
0.720430835922533,0.0762888768583112,13,1,286130985
0.399422801435333,0.0329845282318946,13,1,286130985
0.503775591038245,0.24707878970751,13,1,286130985
0.343248026613823,0.519226708300246,13,1,286130985
0.77555266318964,0.564211629522516,13,1,286130985
0.675378126204912,0.219869392720958,13,1,286130985
0.463730387607838,0.0473051943162526,13,1,286130985
0.647134922855095,0.541672185510881,13,1,286130985
0.878155930306473,0.136808422500737,13,1,286130985
0.287033804904581,0.976797257816288,13,1,286130985
0.770669816131073,0.0673390242648448,13,1,286130985
0.463056575103192,0.651758528818887,13,1,286130985
0.990457917208635,0.28750287898317,13,1,286130985
0.0886523995191855,0.0417984888103273,13,1,286130985
0.577480155138107,0.930333500296078,13,1,286130985
0.0750264330667598,0.715955570723183,13,1,286130985
0.240176420999518,0.603652264946183,13,1,286130985
0.257820104817387,0.523762945212606,13,1,286130985
0.179842352481542,0.423444942271627,13,1,286130985
0.161017506773695,0.709780762455653,13,1,286130985
0.346296308608735,0.00631638795398271,13,1,286130985
0.763453968710704,0.430727170613541,13,1,286130985
0.958013395058187,0.942838213625786,13,1,286130985
0.550191384257819,0.653616179160568,13,1,286130985
0.121633052816424,0.751658470100651,13,1,286130985
0.63695406206385,0.795684834913798,13,1,286130985
0.950369167661525,0.000322393937927323,13,1,286130985
0.961652678469485,0.217856891997912,13,1,286130985
0.96929293108802,0.798031767494569,13,1,286130985
0.18077907081509,0.89147678191652,13,1,286130985
0.0722674310683342,0.598508222686843,13,1,286130985
0.601151524608802,0.148846945914023,13,1,286130985
0.329467711833543,0.982220809850275,13,1,286130985
0.758084306638879,0.828421669275397,13,1,286130985
0.884887787734238,0.474418003753863,13,1,286130985
0.436049505299442,0.781849751033906,13,1,286130985
0.755011581928038,0.795919979362251,13,1,286130985
0.833653680683624,0.491855106436462,13,1,286130985
0.189681012842559,0.062776545876555,13,1,286130985
0.707770602574213,0.801758551374824,13,1,286130985
0.81133958477677,0.175912286844899,13,1,286130985
0.219061963416011,0.806552836845513,13,1,286130985
0.0110806843881337,0.146164862975179,13,1,286130985
0.0184537428533844,0.479083956703564,13,1,286130985
0.932624130820914,0.185580559931673,13,1,286130985
0.877945493874975,0.593253531999019,13,1,286130985
0.141216739047267,0.67372994814748,13,1,286130985
0.379950533936467,0.971130966003092,13,1,286130985
0.389535318025734,0.62523675270639,13,1,286130985
0.188857902657023,0.687778155054424,13,1,286130985
0.890401191079781,0.756349408529704,13,1,286130985
0.304428590651312,0.964273798219158,13,1,286130985
0.117083335778435,0.819565121597148,13,1,286130985
0.744601872724474,0.185006384788344,13,1,286130985
0.0386937612616736,0.767493031911285,13,1,286130985
0.00328490338168574,0.942256258019186,13,1,286130985
0.739680629126039,0.0973517691993948,13,1,286130985
0.814568061801836,0.999168764731536,13,1,286130985
0.35562439215959,0.219647262187142,13,1,286130985
0.176677925046392,0.0764366930175508,13,1,286130985
0.430658312096325,0.816993591929074,13,1,286130985
0.0826898548239476,0.186433205194117,13,1,286130985
0.236356876201357,0.721485532643022,13,1,286130985
0.189139170550835,0.82999082350969,13,1,286130985
0.31051859725797,0.808172313244631,13,1,286130985
0.186565138583906,0.230637408332412,13,1,286130985
0.892430214095896,0.445288697921357,13,1,286130985
0.0224313298525511,0.288095107835987,13,1,286130985
0.570056812827614,0.436656186394137,13,1,286130985
0.799791430288684,0.726971356831426,13,1,286130985
0.984780599077502,0.744042156204466,13,1,286130985
0.0175516869890198,0.649266311986592,13,1,286130985
0.0622237051595618,0.57570564474768,13,1,286130985
0.849888685492329,0.179532251850653,13,1,286130985
0.311100527923738,0.384147789210671,13,1,286130985
0.89911392254851,0.221797358134032,13,1,286130985
0.928187326797151,0.789212483657182,13,1,286130985
0.0194410622885313,0.0299896852708823,13,1,286130985
0.162992632708687,0.186437824408241,13,1,286130985
0.648118035177568,0.286489650168162,13,1,286130985
0.196395201953178,0.203330260957147,13,1,286130985
0.683571153983215,0.833157761871443,13,1,286130985
0.415057410350903,0.45573905150268,13,1,286130985
0.692645498761407,0.304914059326061,13,1,286130985
0.257732000749147,0.788875135726332,13,1,286130985
0.77550753773502,0.856044786907674,13,1,286130985
0.628394205611194,0.741749650682807,13,1,286130985
0.393438302061637,0.610187931077553,13,1,286130985
0.996883002768924,0.384052660648859,13,1,286130985
0.467562033730208,0.225027416823349,13,1,286130985
0.920363667928573,0.0784910542293713,13,1,286130985
0.630686556281872,0.105349738661142,13,1,286130985
0.565320397107205,0.227091863847579,13,1,286130985
0.631963210669545,0.110947549901624,13,1,286130985
0.278688381339257,0.625927595173992,13,1,286130985
0.275741714912851,0.235546935311325,13,1,286130985
0.549901293642296,0.0730237681490271,13,1,286130985
0.895312068496641,0.0677731982056844,13,1,286130985
0.402544972569911,0.00984249441362017,13,1,286130985
0.068267897445887,0.409720478221653,13,1,286130985
0.526525909989632,0.258093668066219,13,1,286130985
0.250510227239175,0.244344217570101,13,1,286130985
0.222190788864618,0.213173794683832,13,1,286130985
0.796136050621144,0.625271685433291,13,1,286130985
0.698913692105755,0.179379596705251,13,1,286130985
0.852431992467807,0.485041051714304,13,1,286130985
0.338080214910627,0.984647544509112,13,1,286130985
0.608288958169145,0.723482819538998,13,1,286130985
0.538766330073735,0.328170243247065,13,1,286130985
0.896667568097568,0.0305514180859927,13,1,286130985
0.68046091242417,0.270587508568189,13,1,286130985
0.639499283749596,0.454692503187672,13,1,286130985
0.05616939496771,0.877089095417954,13,1,286130985
0.477259077016524,0.223956200877535,13,1,286130985
0.227993494043101,0.219603300157305,13,1,286130985
0.113878450394207,0.0366374008839285,13,1,286130985
0.58098588258529,0.372179730504406,13,1,286130985
0.688752572327931,0.791758979144327,13,1,286130985
0.376918146502681,0.737243888809216,13,1,286130985
0.349300385571141,0.285442702450158,13,1,286130985
0.857296466034966,0.357070441339066,13,1,286130985
0.365383010171628,0.347188886289974,13,1,286130985
0.29071748505675,0.636724385343555,13,1,286130985
0.273464815896264,0.909425680401489,13,1,286130985
0.136206128487264,0.493400445959804,13,1,286130985
0.927628480618282,0.70762551954918,13,1,286130985
0.311918568967477,0.211601462201684,13,1,286130985
0.589292553954579,0.273267980983743,13,1,286130985
0.393181359924984,0.436495639985194,13,1,286130985
0.388991409964038,0.660928068289976,13,1,286130985
0.451927762799885,0.337691085034077,13,1,286130985
0.806852623962513,0.414511705171049,13,1,286130985
0.694318352088668,0.039358670647859,13,1,286130985
0.584480441541701,0.226707350109161,13,1,286130985
0.177078116353947,0.804677164213852,13,1,286130985
0.229943668874065,0.455758691883203,13,1,286130985
0.96217505032468,0.884894568679136,13,1,286130985
0.371837432363877,0.416003986257497,13,1,286130985
0.639070402767611,0.133424576143232,13,1,286130985
0.588312772225877,0.653475520090035,13,1,286130985
0.228726880553886,0.249592622512966,13,1,286130985
0.937134547319024,0.0205853308781085,13,1,286130985
0.0706380508504276,0.45552638326844,13,1,286130985
0.969678979930281,0.826102064261793,13,1,286130985
0.267060777916136,0.360249802824003,13,1,286130985
0.44798046593681,0.147892499046686,13,1,286130985
0.77358154041024,0.0192182368280764,13,1,286130985
0.761093693323209,0.217524116507233,13,1,286130985
0.697464704886896,0.132206318440367,13,1,286130985
0.681074831043005,0.0703797630146255,13,1,286130985
0.757330666829005,0.400561175784567,13,1,286130985
0.30002336338681,0.0074654524057689,13,1,286130985
0.161060132074625,0.866172767760821,13,1,286130985
0.788990705741367,0.198613652761377,13,1,286130985
0.595225578935245,0.467362505638914,13,1,286130985
0.455986232484221,0.905307010664216,13,1,286130985
0.741094590834225,0.0360456316506337,13,1,286130985
0.238662895574465,0.114074634550232,13,1,286130985
0.233755860841764,0.693471338833674,13,1,286130985
0.752841246659278,0.350012245930014,13,1,286130985
0.168749237761182,0.795519801297115,13,1,286130985
0.419364323521005,0.311880517130392,13,1,286130985
0.0370373425572927,0.95518106186088,13,1,286130985
0.0952131975585191,0.583420142828892,13,1,286130985
0.899801821380041,0.636945435079348,13,1,286130985
0.783811539336627,0.18809836547518,13,1,286130985
0.0678775665545974,0.804104051857742,13,1,286130985
0.957924942889629,0.529995569307508,13,1,286130985
0.15199255115394,0.839930091026587,13,1,286130985
0.694779946060931,0.260040167236777,13,1,286130985
0.44454820905744,0.693873820594177,13,1,286130985
0.220187578465847,0.435048684805472,13,1,286130985
0.806778074670319,0.517694926649899,13,1,286130985
0.318491708422948,0.858247339618562,13,1,286130985
0.385455769094701,0.555891559820802,13,1,286130985
0.385604519071706,0.368379509824962,13,1,286130985
0.970534790852947,0.382697755520028,13,1,286130985
0.396126310687588,0.998394510024516,13,1,286130985
0.452895363092568,0.920004190336273,13,1,286130985
0.799293696382383,0.236216465712289,13,1,286130985
0.60701590337712,0.0634940466567413,13,1,286130985
0.0319944797669807,0.950958706229065,13,1,286130985
0.548972232788336,0.901109208546348,13,1,286130985
0.088409580299101,0.0566134839670767,13,1,286130985
0.567858398740554,0.724118730156205,13,1,286130985
0.301514152495633,0.287297781595883,13,1,286130985
0.571216639177432,0.583129642975041,13,1,286130985
0.400334517970544,0.902158686798458,13,1,286130985
0.27519111373111,0.40655948776508,13,1,286130985
0.944462774250371,0.226506987268513,13,1,286130985
0.229241080279632,0.319446059523156,13,1,286130985
0.908519141181924,0.232388479262622,13,1,286130985
0.2767399367071,0.825087472552055,13,1,286130985
0.164519638543156,0.201211067730537,13,1,286130985
0.277742241340554,0.0613754609752419,13,1,286130985
0.407541305180483,0.104449455783345,13,1,286130985
0.109158219532559,0.110417812991994,13,1,286130985
0.63886647044162,0.179323135849228,13,1,286130985
0.609026241615059,0.207775515500344,13,1,286130985
0.574579465803432,0.187810501936493,13,1,286130985
0.381522986775512,0.105883007222241,13,1,286130985
0.952717124942906,0.107341418688082,13,1,286130985
0.822058839779539,0.230805058007263,13,1,286130985
0.705520649587631,0.105543696975543,13,1,286130985
0.393879473750721,0.746374948886902,13,1,286130985
0.13536877645132,0.649791260814298,13,1,286130985
0.375932012260839,0.162120310524349,13,1,286130985
0.914901278085205,0.567464680047012,13,1,286130985
0.150463368286375,0.00770243598464093,13,1,286130985
0.250579127854354,0.725325380641278,13,1,286130985
0.848989300319541,0.500696032739305,13,1,286130985
0.207983088822459,0.584681546911487,13,1,286130985
0.587862418582099,0.0823261242486142,13,1,286130985
0.0556382350049613,0.520449814012219,13,1,286130985
0.519238088857964,0.033389998465623,13,1,286130985
0.0750835901143807,0.917889753846411,13,1,286130985
0.539409931094608,0.41329581943861,13,1,286130985
0.121786168885465,0.265049021192145,13,1,286130985
0.618549594954048,0.900980637906462,13,1,286130985
0.140731348797763,0.273082592076171,13,1,286130985
0.812052815627205,0.518390637719353,13,1,286130985
0.156769868370758,0.077924069358791,13,1,286130985
0.268857700139812,0.349710791861362,13,1,286130985
0.406278555924498,0.574159469926318,13,1,286130985
0.416236008403639,0.53840016035244,13,1,286130985
0.902582510654068,0.539350357112222,13,1,286130985
0.825280596921978,0.278820292884951,13,1,286130985
0.624997763449544,0.431792677875384,13,1,286130985
0.616271344283398,0.0258433051367026,13,1,286130985
0.743153625269097,0.290994230400937,13,1,286130985
0.543277037095349,0.453754085062821,13,1,286130985
0.680569785211984,0.159196466987811,13,1,286130985
0.0281712757314758,0.547637278828631,13,1,286130985
0.628712002093905,0.138785004612391,13,1,286130985
0.952050994789829,0.88576600776832,13,1,286130985
0.756106075093026,0.892376787247043,13,1,286130985
0.0525762317814307,0.416815312700518,13,1,286130985
0.830460954316701,0.593171900260181,13,1,286130985
0.734542900558569,0.800735262375709,13,1,286130985
0.655898863337714,0.567853664569743,13,1,286130985
0.860084917632946,0.45608839158614,13,1,286130985
0.87254436347898,0.459284765809068,13,1,286130985
0.486681634317066,0.420137196478805,13,1,286130985
0.355299986887702,0.921876024080562,13,1,286130985
0.611847312376102,0.24843481420327,13,1,286130985
0.239588605324912,0.0117435487902062,13,1,286130985
0.10060444161536,0.0466616835321041,13,1,286130985
0.933504010519256,0.782348122502208,13,1,286130985
0.0336457524341096,0.187121431418563,13,1,286130985
0.84002702582051,0.909344739806698,13,1,286130985
0.723147972260782,0.060972805331617,13,1,286130985
0.460088446383614,0.652108286784048,13,1,286130985
0.10500885435447,0.988668606778299,13,1,286130985
0.054214066554801,0.715609699727675,13,1,286130985
0.433450824781876,0.140650614883846,13,1,286130985
0.348530894483178,0.134416966498625,13,1,286130985
0.835523099481842,0.461042640279572,13,1,286130985
0.816651777738599,0.550549724950454,13,1,286130985
0.570234034709475,0.796850604821683,13,1,286130985
0.700938692960208,0.237628480632071,13,1,286130985
0.231495513132796,0.0100931126042649,13,1,286130985
0.4396839866747,0.024612701200178,13,1,286130985
0.190008041636164,0.887861467872121,13,1,286130985
0.309682991748954,0.661523381077379,13,1,286130985
0.185045639495534,0.603754105592741,13,1,286130985
0.981586284280579,0.0499429962778197,13,1,286130985
0.211929937983094,0.924722971041463,13,1,286130985
0.131654905196159,0.113116637679784,13,1,286130985
0.525363326501274,0.323731152590781,13,1,286130985
0.849622452232701,0.580939531450694,13,1,286130985
0.675343387750836,0.767583660580505,13,1,286130985
0.968606469984615,0.932446910771208,13,1,286130985
0.306632257961817,0.6774074970256,13,1,286130985
0.482456761149988,0.193808269731188,13,1,286130985
0.217504085736165,0.00855494008894908,13,1,286130985
0.524822876287124,0.257095968175574,13,1,286130985
0.771679932943574,0.838182963963386,13,1,286130985
0.0800411229513749,0.453256480757108,13,1,286130985
0.213022613075016,0.0724340634908458,13,1,286130985
0.394945717251692,0.254605066521393,13,1,286130985
0.557571592930723,0.59879829444215,13,1,286130985
0.915043886638125,0.0963565356631193,13,1,286130985
0.758695852307715,0.979660838265251,13,1,286130985
0.900836788867295,0.247274669682968,13,1,286130985
0.806383771957048,0.885295145811948,13,1,286130985
0.395258851278242,0.0721657752587461,13,1,286130985
0.372954083449701,0.56162737311343,13,1,286130985
0.448203685340153,0.398366686805402,13,1,286130985
0.443631463308843,0.449530368503966,13,1,286130985
0.0676926951565413,0.396884060123069,13,1,286130985
0.602354012822893,0.633655788564898,13,1,286130985
0.811437331585317,0.188688417583099,13,1,286130985
0.0472016589930944,0.998230182245814,13,1,286130985
0.789368440813674,0.499311331858908,13,1,286130985
0.311984536065423,0.35255111060904,13,1,286130985
0.16767239821338,0.793199691703565,13,1,286130985
0.425377301925106,0.178849277535131,13,1,286130985
0.850371234185343,0.759642538070442,13,1,286130985
0.674717052015305,0.876913699813707,13,1,286130985
0.042439801954119,0.817878566232949,13,1,286130985
0.695151104359328,0.661531019364618,13,1,286130985
0.0134703683071375,0.607598467314435,13,1,286130985
0.36591148820726,0.752641914495271,13,1,286130985
0.295375138127025,0.50777156416555,13,1,286130985
0.104382636164789,0.519009125485701,13,1,286130985
0.297565275053592,0.216375692568057,13,1,286130985
0.114957363076807,0.514779579840053,13,1,286130985
0.19004623143647,0.46642177638987,13,1,286130985
0.617009754872576,0.281219534114924,13,1,286130985
0.780926172018787,0.00154537689457701,13,1,286130985
0.789429157536611,0.152761016627194,13,1,286130985
0.585232884977481,0.055830632200375,13,1,286130985
0.0405022014673553,0.484784695535229,13,1,286130985
0.69246549504724,0.373708037670032,13,1,286130985
0.537436322474482,0.606617670914725,13,1,286130985
0.541778973130981,0.540902710433531,13,1,286130985
0.040585510497464,0.800919751818137,13,1,286130985
0.42090836791622,0.101410878319113,13,1,286130985
0.11185772731201,0.337198457313843,13,1,286130985
0.602049161788458,0.511924796314711,13,1,286130985
0.763282349943464,0.659825357472047,13,1,286130985
0.54968154214222,0.0342319890437608,13,1,286130985
0.364297379118184,0.306208872292846,13,1,286130985
0.465779944784775,0.441121213408403,13,1,286130985
0.815697654935132,0.983190558420034,13,1,286130985
0.126662127222313,0.279165169933763,13,1,286130985
0.526324035354731,0.385217189901246,13,1,286130985
0.919553076779193,0.316462954106043,13,1,286130985
0.119459780257156,0.840070714493688,13,1,286130985
0.176806061591233,0.336901564611051,13,1,286130985
0.794967514189177,0.726281963971373,13,1,286130985
0.834822043597533,0.972146262010522,13,1,286130985
0.39474456064882,0.777889165595963,13,1,286130985
0.044398951680493,0.868868897995786,13,1,286130985
0.341490286900296,0.129294616079562,13,1,286130985
0.761839747675159,0.924522629896864,13,1,286130985
0.884043357128477,0.0799505377472638,13,1,286130985
0.379645096521215,0.525125797553819,13,1,286130985
0.855387732286789,0.544256724256853,13,1,286130985
0.585186736830613,0.831971965705666,13,1,286130985
0.27066192137886,0.337554842343995,13,1,286130985
0.777497741115775,0.628337846864802,13,1,286130985
0.861697213134861,0.881123735747469,13,1,286130985
0.195821881727078,0.834272107327014,13,1,286130985
0.255180501941785,0.495947862648402,13,1,286130985
0.40177549043398,0.579114988096452,13,1,286130985
0.989183117093359,0.733414909687627,13,1,286130985
0.639959877547795,0.30091439768268,13,1,286130985
0.309908340104615,0.586661683853513,13,1,286130985
0.949306940682048,0.314061542154167,13,1,286130985
0.486963938061389,0.213719649041296,13,1,286130985
0.145420101939949,0.995769321031199,13,1,286130985
0.946332186813701,0.17117118218986,13,1,286130985
0.702600810998007,0.18952300193372,13,1,286130985
0.320821723002025,0.297586715361084,13,1,286130985
0.09334083053008,0.668270999065599,13,1,286130985
0.74816397829388,0.0581325462289808,13,1,286130985
0.165005187457331,0.480077725417399,13,1,286130985
0.463783555141351,0.9078246632136,13,1,286130985
0.773947449569677,0.46410810570255,13,1,286130985
0.833931220269212,0.950300724860153,13,1,286130985
0.540942864523805,0.0275466259537467,13,1,286130985
0.438473927470577,0.869276175751486,13,1,286130985
0.620797625063928,0.83235071217548,13,1,286130985
0.111036783828328,0.942241497752552,13,1,286130985
0.564337868380374,0.886811940811583,13,1,286130985
0.82726415612215,0.221121931976442,13,1,286130985
0.611282048647027,0.155491965095069,13,1,286130985
0.552511114700851,0.411110611694085,13,1,286130985
0.0155316843767261,0.0490802577928244,13,1,286130985
0.496022269665886,0.870714648299401,13,1,286130985
0.65220779386195,0.0368291667476228,13,1,286130985
0.883926005707057,0.349184363866824,13,1,286130985
0.890153849044864,0.956781450167163,13,1,286130985
0.651944932898383,0.616328868822382,13,1,286130985
0.634558974181832,0.248425305706481,13,1,286130985
0.362824057017745,0.427075550825214,13,1,286130985
0.105044610715661,0.672352779562434,13,1,286130985
0.788459684804806,0.20259529189588,13,1,286130985
0.38317149357516,0.608778844394888,13,1,286130985
0.975695539175728,0.681749627119721,13,1,286130985
0.586448007237471,0.0893219568352053,13,1,286130985
0.615935330423736,0.454746700711827,13,1,286130985
0.873485390461645,0.314413180411994,13,1,286130985
0.871701415598865,0.611499936060778,13,1,286130985
0.834070431825276,0.297157229017365,13,1,286130985
0.606106704437757,0.836026102782653,13,1,286130985
0.67476496010341,0.629182942364311,13,1,286130985
0.683108569644312,0.887665432908253,13,1,286130985
0.987836951398879,0.150473643466611,13,1,286130985
0.271274339086695,0.363693646524442,13,1,286130985
0.416881130659443,0.108321470197817,13,1,286130985
0.459015857754642,0.93121871453536,13,1,286130985
0.910055187178256,0.927954679552712,13,1,286130985
0.301184331253238,0.16659183811522,13,1,286130985
0.859188530050374,0.901391852710572,13,1,286130985
0.632822013807154,0.224575099990149,13,1,286130985
0.273863559686557,0.393375762669446,13,1,286130985
0.567118186544656,0.81613416848797,13,1,286130985
0.215114309663818,0.862632242910586,13,1,286130985
0.440368306260768,0.288977755803525,13,1,286130985
0.892186461375636,0.795437010718821,13,1,286130985
0.359056142989202,0.637405168312929,13,1,286130985
0.199873596501131,0.0101109960571923,13,1,286130985
0.0739363930157728,0.29762459200094,13,1,286130985
0.808581801471772,0.807314525351441,13,1,286130985
0.0392458702612783,0.290688821301941,13,1,286130985
0.599307266898008,0.562169343168886,13,1,286130985
0.135119485718043,0.0306537883347575,13,1,286130985
0.00438210254291604,0.843810644779525,13,1,286130985
0.699555691036573,0.87649802587742,13,1,286130985
0.963667179448843,0.0214143569454042,13,1,286130985
0.581708545535435,0.903964272937822,13,1,286130985
0.204961315359983,0.787666447211896,13,1,286130985
0.546768439777974,0.414750381922719,13,1,286130985
0.785656346056371,0.51752799505104,13,1,286130985
0.0291451266056293,0.872202499936143,13,1,286130985
0.808838871485819,0.0422478893899729,13,1,286130985
0.943039239313867,0.891908381027624,13,1,286130985
0.359971471758123,0.143161604859481,13,1,286130985
0.365851724295815,0.878332128514475,13,1,286130985
0.378235185970272,0.63786921327592,13,1,286130985
0.665385298338681,0.536832131446745,13,1,286130985
0.144857407057363,0.648827792399888,13,1,286130985
0.614617129573436,0.507162765849174,13,1,286130985
0.626880132222718,0.14133019464529,13,1,286130985
0.844622340723513,0.0297542383340845,13,1,286130985
0.62815576556682,0.553689561280124,13,1,286130985
0.385920843493386,0.246087543531422,13,1,286130985
0.523374948127515,0.423439047428144,13,1,286130985
0.94002616747927,0.50979078113478,13,1,286130985
0.0131643759060172,0.444160520719835,13,1,286130985
0.829269185735595,0.703124853576976,13,1,286130985
0.79616216218876,0.248316480197168,13,1,286130985
0.424578948229746,0.249787908381611,13,1,286130985
0.00788183857454805,0.135439794319608,13,1,286130985
0.281543014099178,0.278723171174961,13,1,286130985
0.660134601304933,0.510819460261618,13,1,286130985
0.0678278104770209,0.630776677577344,13,1,286130985
0.982261605605961,0.708535866715892,13,1,286130985
0.394498179518716,0.0219981995079843,13,1,286130985
0.136701451924863,0.804563340528734,13,1,286130985
0.0360010818285375,0.34889049546734,13,1,286130985
0.422953051765637,0.238976712595002,13,1,286130985
0.537227707421575,0.271434138284516,13,1,286130985
0.219036202680782,0.193130530402011,13,1,286130985
0.819999533011097,0.720531163339348,13,1,286130985
0.297896418023424,0.201193441155683,13,1,286130985
0.162703484931358,0.774779885200692,13,1,286130985
0.519473758041738,0.874018859432744,13,1,286130985
0.350318416877436,0.552428085192506,13,1,286130985
0.192420134021576,0.641037690865777,13,1,286130985
0.0985200489391724,0.11575351074566,13,1,286130985
0.603782522424235,0.561318407726723,13,1,286130985
0.954936183022791,0.767041735305996,13,1,286130985
0.607086970645473,0.627587212427491,13,1,286130985
0.587428669826956,0.541964745920835,13,1,286130985
0.771795529325651,0.297938190271645,13,1,286130985
0.539097066915667,0.394983146315893,13,1,286130985
0.534541309371921,0.49944644839261,13,1,286130985
0.662658022528831,0.939498962429725,13,1,286130985
0.962229765734553,0.00681550408766007,13,1,286130985
0.791533964364088,0.821203829390168,13,1,286130985
0.629740134690758,0.164385162156901,13,1,286130985
0.965042087505613,0.386723080940474,13,1,286130985
0.574602890769586,0.0915198543911802,13,1,286130985
0.488295297129392,0.145547082084293,13,1,286130985
0.017446621140806,0.881175225833593,13,1,286130985
0.542424563155412,0.52291947660501,13,1,286130985
0.631209592007324,0.977529448856976,13,1,286130985
0.71440215767537,0.459060695661401,13,1,286130985
0.513231665678566,0.257628154235868,13,1,286130985
0.0950221052492708,0.435168006153251,13,1,286130985
0.355235587804599,0.492527094279817,13,1,286130985
0.38450159516296,0.313507998120571,13,1,286130985
0.577527167761414,0.584635182339228,13,1,286130985
0.830125788333282,0.343921337978875,13,1,286130985
0.37543416681032,0.222531452463041,13,1,286130985
0.52969154110711,0.139189447132364,13,1,286130985
0.381904420596088,0.0211778684814441,13,1,286130985
0.531218454787504,0.435889980995636,13,1,286130985
0.837339067552146,0.799615774135714,13,1,286130985
0.196979439631422,0.0538858207615949,13,1,286130985
0.0938250654085309,0.205203998231634,13,1,286130985
0.483845797748169,0.0780558928665345,13,1,286130985
0.549225081338542,0.662050318934314,13,1,286130985
0.289054260901928,0.661507318518249,13,1,286130985
0.646931456268062,0.66789841950785,13,1,286130985
0.845870258317784,0.654231720194316,13,1,286130985
0.289851193038849,0.744668912687039,13,1,286130985
0.534423009223007,0.553318565060481,13,1,286130985
0.446300437785471,0.922632273692534,13,1,286130985
0.634078506688162,0.999709667741498,13,1,286130985
0.886940956890261,0.366411742738602,13,1,286130985
0.738212015890405,0.175214994315252,13,1,286130985
0.237155214774655,0.407259336922495,13,1,286130985
0.127555175662676,0.664403909470529,13,1,286130985
0.961102038491648,0.434261547817393,13,1,286130985
0.122936790891209,0.684876202026161,13,1,286130985
0.79482471698482,0.453171837368554,13,1,286130985
0.551795957686722,0.676390015775015,13,1,286130985
0.568003844751136,0.108200967331094,13,1,286130985
0.0707746128976254,0.735024730804136,13,1,286130985
0.236966381488017,0.510081217298004,13,1,286130985
0.784874007525756,0.723854941664278,13,1,286130985
0.809321986814047,0.758708208900919,13,1,286130985
0.746894106261665,0.8082055286972,13,1,286130985
0.378106566067834,0.111411108955237,13,1,286130985
0.0865153610184648,0.233244421610594,13,1,286130985
0.540053805789747,0.518941222115118,13,1,286130985
0.18059068171805,0.0774130603696206,13,1,286130985
0.735698139874159,0.0209163937364343,13,1,286130985
0.0632684326123172,0.518163524232794,13,1,286130985
0.208975381283387,0.0489989762498952,13,1,286130985
0.130571495431469,0.134465843293035,13,1,286130985
0.155081577922288,0.379462696471666,13,1,286130985
0.807275472848292,0.283546304992844,13,1,286130985
0.382799514792847,0.134256420877259,13,1,286130985
0.934583802608799,0.865362169808779,13,1,286130985
0.681636353159317,0.0657770639998176,13,1,286130985
0.325296862680603,0.567551498959942,13,1,286130985
0.483992310633527,0.91763896661542,13,1,286130985
0.618099461886294,0.61756083395915,13,1,286130985
0.753076231089476,0.599872430677611,13,1,286130985
0.137432958012891,0.828217997780536,13,1,286130985
0.240196100038297,0.236585218695794,13,1,286130985
0.908958381472655,0.573514541362983,13,1,286130985
0.906445935965598,0.809839052249659,13,1,286130985
0.0350845541946159,0.655458089154136,13,1,286130985
0.624243238746643,0.61742310437754,13,1,286130985
0.0176376716676716,0.0704521276069885,13,1,286130985
0.409874094794035,0.106046142062233,13,1,286130985
0.0823788411797857,0.638407402114257,13,1,286130985
0.0152055482628417,0.26107005107314,13,1,286130985
0.819185919621259,0.392785574879397,13,1,286130985
0.697499108562365,0.972097520358925,13,1,286130985
0.046112010585377,0.441272958488566,13,1,286130985
0.0161006466825928,0.697857226859781,13,1,286130985
0.606156195597062,0.543665000311133,13,1,286130985
0.40572215686529,0.896355799727014,13,1,286130985
0.935208270645894,0.825551472511807,13,1,286130985
0.547467023911296,0.00890615003260109,13,1,286130985
0.971805639627569,0.752294626326617,13,1,286130985
0.40160272142785,0.156696340070675,13,1,286130985
0.651592209623542,0.288269041251911,13,1,286130985
0.341692328330941,0.837861000707088,13,1,286130985
0.258578762116318,0.552237840001283,13,1,286130985
0.522691879105635,0.820910604967382,13,1,286130985
0.568396832962866,0.399044153290691,13,1,286130985
0.0931725902746701,0.960683430230915,13,1,286130985
0.901761874190237,0.480871586179729,13,1,286130985
0.486850495791357,0.138592963869988,13,1,286130985
0.854398518687975,0.346856267717431,13,1,286130985
0.486719143050798,0.944963594767064,13,1,286130985
0.027725523735171,0.427609191251327,13,1,286130985
0.986451028117437,0.807073734820026,13,1,286130985
0.812367937465482,0.0660595850596357,13,1,286130985
0.824975925812619,0.569687110276671,13,1,286130985
0.172337618192122,0.910166257538386,13,1,286130985
0.673657269868734,0.372289775913989,13,1,286130985
0.34843835696634,0.330280256614627,13,1,286130985
0.749625786806965,0.125347973633634,13,1,286130985
0.00746166882606136,0.642685808664251,13,1,286130985
0.395907984470624,0.809350117674807,13,1,286130985
0.967104393079948,0.518526300998938,13,1,286130985
0.998702701586944,0.131972643362675,13,1,286130985
0.340405301238667,0.451024781571971,13,1,286130985
0.756870944229886,0.71710486981789,13,1,286130985
0.502730258656357,0.00576189368666302,13,1,286130985
0.83522470670099,0.677089887587395,13,1,286130985
0.619570655038563,0.297853491646234,13,1,286130985
0.39169274147233,0.637719518265114,13,1,286130985
0.0824296934216155,0.38824180338359,13,1,286130985
0.325565392865944,0.204905861983133,13,1,286130985
0.558444210856901,0.502330747905122,13,1,286130985
0.843922435297793,0.00797874104116936,13,1,286130985
0.333575484912029,0.592123682050794,13,1,286130985
0.0926588133817061,0.578865235449662,13,1,286130985
0.68923736578867,0.579083650399126,13,1,286130985
0.374989982506326,0.433668103755311,13,1,286130985
0.867613563409228,0.62935367613338,13,1,286130985
0.121524995816284,0.0444677965158604,13,1,286130985
0.219109017998949,0.332215637227166,13,1,286130985
0.910923019125161,0.367336506330477,13,1,286130985
0.837541934062775,0.475185543879448,13,1,286130985
0.913092994951675,0.0710109210440644,13,1,286130985
0.064796463428002,0.670347323394571,13,1,286130985
0.21739013353125,0.99639384315229,13,1,286130985
0.925459531036584,0.755600963933042,13,1,286130985
0.138532575124666,0.625432306052728,13,1,286130985
0.796485437195999,0.71458058843077,13,1,286130985
0.376753472036543,0.903390627974733,13,1,286130985
0.843884499388817,0.6280229660985,13,1,286130985
0.241857334746285,0.732074659962829,13,1,286130985
0.571108998745281,0.940440880974158,13,1,286130985
0.241106600440362,0.00561710240234792,13,1,286130985
0.58458651920892,0.896818282517883,13,1,286130985
0.853317736971155,0.0861472663472576,13,1,286130985
0.549830523366576,0.188312528985553,13,1,286130985
0.963127851160078,0.308275048111091,13,1,286130985
0.581129486094461,0.497132099741382,13,1,286130985
0.549508731278462,0.0135533843885058,13,1,286130985
0.194597931548594,0.171715284067116,13,1,286130985
0.0247530568684899,0.826686060714387,13,1,286130985
0.372138912264976,0.188627989043064,13,1,286130985
0.587910022410366,0.320248334545637,13,1,286130985
0.672286772268459,0.121988984603821,13,1,286130985
0.949546695330352,0.583678874444861,13,1,286130985
0.575331473585377,0.810593536037607,13,1,286130985
0.590564235541355,0.82941988134522,13,1,286130985
0.262530401255486,0.147142596015731,13,1,286130985
0.877159045695393,0.539638332294397,13,1,286130985
0.65199254044857,0.22751965479516,13,1,286130985
0.305473223763216,0.714534991729352,13,1,286130985
0.29588847148182,0.306984086990556,13,1,286130985
0.625204554920463,0.849928942765231,13,1,286130985
0.59634646042359,0.150161725803287,13,1,286130985
0.677797053166,0.776904391574424,13,1,286130985
0.590359617668526,0.69020457925417,13,1,286130985
0.55234042463884,0.842555943642979,13,1,286130985
0.899098885404674,0.280160595699715,13,1,286130985
0.725125181353805,0.467395906267342,13,1,286130985
0.15825441620474,0.559811779552931,13,1,286130985
0.428948325673555,0.102230568319603,13,1,286130985
0.344300754654603,0.583666768458555,13,1,286130985
0.082254765803448,0.0070982662931236,13,1,286130985
0.621235897145123,0.343642020946359,13,1,286130985
0.40835012516151,0.597154189739474,13,1,286130985
0.692254506183059,0.425278735603271,13,1,286130985
0.401943717232085,0.847771472141693,13,1,286130985
0.494007942308174,0.839336349086192,13,1,286130985
0.725511904312182,0.335313527641245,13,1,286130985
0.385400652751595,0.793771728861147,13,1,286130985
0.937619685375376,0.895551757570611,13,1,286130985
0.785215949596001,0.161914989994339,13,1,286130985
0.93977956459181,0.821935802482896,13,1,286130985
0.196853416132217,0.275947372388327,13,1,286130985
0.810389702863201,0.433703259979106,13,1,286130985
0.357429978085207,0.73795505865971,13,1,286130985
0.492274511495026,0.34900518751239,13,1,286130985
0.79756260319515,0.624393083759427,13,1,286130985
0.811028434763208,0.578785007171297,13,1,286130985
0.737089353690829,0.0920259048938341,13,1,286130985
0.1934188697607,0.160814584392516,13,1,286130985
0.392547576072372,0.0947421983519701,13,1,286130985
0.517771291178259,0.324011250589038,13,1,286130985
0.158132535662531,0.803336032410962,13,1,286130985
0.778860560242926,0.460115582964148,13,1,286130985
0.988742855746747,0.576972685717397,13,1,286130985
0.963583116546226,0.749547364138398,13,1,286130985
0.900594552765028,0.417914915541568,13,1,286130985
0.252900120788349,0.617292049774679,13,1,286130985
0.869824718830691,0.4349740314435,13,1,286130985
0.733245511027726,0.898747051807876,13,1,286130985
0.0642178145561978,0.132919659681614,13,1,286130985
0.976146163554876,0.557275898435911,13,1,286130985
0.658363838004132,0.992201782090967,13,1,286130985
0.50749434476236,0.94447965729182,13,1,286130985
0.436679823669367,0.732982096983599,13,1,286130985
0.41998144247615,0.643302494119617,13,1,286130985
0.356809381038609,0.271970830015948,13,1,286130985
0.0959959889317683,0.376604148525442,13,1,286130985
0.162862045250329,0.82434713963791,13,1,286130985
0.300185525376761,0.120080120665317,13,1,286130985
0.282738169139433,0.615963886615835,13,1,286130985
0.227972417712817,0.115900528171474,13,1,286130985
0.841268535966953,0.582047768761641,13,1,286130985
0.869114557771138,0.8998183916694,13,1,286130985
0.706281953451143,0.555160052535224,13,1,286130985
0.0147828277966386,0.330699534957235,13,1,286130985
0.71014881984414,0.539097931816308,13,1,286130985
0.743079305793451,0.440473889070241,13,1,286130985
0.259731709031081,0.855415226554483,13,1,286130985
0.0174838503907404,0.154163005624887,13,1,286130985
0.319646456240508,0.325518482121894,13,1,286130985
0.336455647267087,0.693167397267663,13,1,286130985
0.0982718723319216,0.947963205092008,13,1,286130985
0.328425096643413,0.142482266670466,13,1,286130985
0.873362162175478,0.521714180513954,13,1,286130985
0.957533344937409,0.00249048959328335,13,1,286130985
0.429253305579695,0.512298673353448,13,1,286130985
0.687409155898157,0.353913958746052,13,1,286130985
0.0213982273689801,0.953894885877752,13,1,286130985
0.65082985676887,0.915644711639692,13,1,286130985
0.636747529232439,0.784152748694239,13,1,286130985
0.825749001556403,0.961087198014052,13,1,286130985
0.601281540713852,0.95428692135503,13,1,286130985
0.809274904546805,0.073893493726362,13,1,286130985
0.413108676711794,0.155298710637723,13,1,286130985
0.733873187950335,0.25729938995022,13,1,286130985
0.949950064144283,0.238658395758656,13,1,286130985
0.698426267267483,0.860013315171603,13,1,286130985
0.882494995993552,0.00310916576378384,13,1,286130985
0.0312732462522027,0.931989783161029,13,1,286130985
0.104090319608267,0.0177409579818013,13,1,286130985
0.0458431556047469,0.182570902272979,13,1,286130985
0.831437378387722,0.215081238763862,13,1,286130985
0.798882586771997,0.5810699141603,13,1,286130985
0.723932679457779,0.994132305519723,13,1,286130985
0.0284700479736086,0.220377131297871,13,1,286130985
0.166532715568517,0.416002609542035,13,1,286130985
0.341173913431383,0.125260203748497,13,1,286130985
0.485384257490327,0.0914491443261443,13,1,286130985
0.0782495480456815,0.11928751991464,13,1,286130985
0.539517998181353,0.976143258051176,13,1,286130985
0.012923911405621,0.193650777083465,13,1,286130985
0.318699380531684,0.58858790278695,13,1,286130985
0.181921651314138,0.996690265169943,13,1,286130985
0.876460600588564,0.907435667378748,13,1,286130985
0.402325577551361,0.0204629673512606,13,1,286130985
0.569881799107218,0.747124027029665,13,1,286130985
0.141148814038504,0.0488110481931328,13,1,286130985
0.765537005217522,0.596594679595188,13,1,286130985
0.447961743940633,0.407701030059973,13,1,286130985
0.538705281560313,0.324580640392887,13,1,286130985
0.502825198410535,0.502559248811526,13,1,286130985
0.0616743020497905,0.902874490984336,13,1,286130985
0.86075021023644,0.240804346624092,13,1,286130985
0.806395808962049,0.357466222695023,13,1,286130985
0.106426705697988,0.152359185641495,13,1,286130985
0.403316047077538,0.775292132349788,13,1,286130985
0.0996894517470235,0.2894476434953,13,1,286130985
0.545101157524865,0.771471847319223,13,1,286130985
0.890661671854738,0.62535502075318,13,1,286130985
0.293735523417578,0.0540906362599494,13,1,286130985
0.255314445352532,0.0108893554983531,13,1,286130985
0.4776789941178,0.388411447148447,13,1,286130985
0.852550606260837,0.603397977648436,13,1,286130985
0.100272517290207,0.734896302493155,13,1,286130985
0.835281416114524,0.868297493115976,13,1,286130985
0.346185198709102,0.52988120436091,13,1,286130985
0.959928510479459,0.0414754652494755,13,1,286130985
0.958253462463814,0.373798641246875,13,1,286130985
0.324168130090793,0.111796950335219,13,1,286130985
0.173856784326052,0.458808832891391,13,1,286130985
0.849335103204503,0.716647082242239,13,1,286130985
0.672331077712518,0.542350269665932,13,1,286130985
0.0032979141909486,0.522441453785765,13,1,286130985
0.823437563314011,0.53846804625354,13,1,286130985
0.613950374686328,0.942154113961518,13,1,286130985
0.554089447848585,0.0494023639350276,13,1,286130985
0.498335173557315,0.486503186828644,13,1,286130985
0.434789801895517,0.354621067290092,13,1,286130985
0.208794154698632,0.374988673719815,13,1,286130985
0.291365392269855,0.670285221265889,13,1,286130985
0.154804187956949,0.383099098668294,13,1,286130985
0.648005737756783,0.368649179589712,13,1,286130985
0.499620502971541,0.797016371535416,13,1,286130985
0.596410079235349,0.877257540771019,13,1,286130985
0.27996257683621,0.509726075884509,13,1,286130985
0.145031731151259,0.656028242114728,13,1,286130985
0.552505453756767,0.630172994950898,13,1,286130985
0.89330263019928,0.79667617353482,13,1,286130985
0.461700009598895,0.942765233153024,13,1,286130985
0.604821690188865,0.670670624238475,13,1,286130985
0.52541539702546,0.558308334065533,13,1,286130985
0.0677088471479816,0.549630758014489,13,1,286130985
0.162720627233108,0.902350569000883,13,1,286130985
0.73589735297158,0.187219086778747,13,1,286130985
0.967880378129781,0.0839207354669096,13,1,286130985
0.0562800637608802,0.596391672130735,13,1,286130985
0.467520415422332,0.0503219470897811,13,1,286130985
0.390238934992355,0.302016882880463,13,1,286130985
0.20800439066941,0.89433208881306,13,1,286130985
0.406934064439556,0.249519255189592,13,1,286130985
0.0335007960941556,0.93776922134257,13,1,286130985
0.648204127251446,0.355887083005734,13,1,286130985
0.735538108993668,0.757712383217266,13,1,286130985
0.97125420553626,0.349529625982403,13,1,286130985
0.437744794609672,0.955921734296116,13,1,286130985
0.347120742309845,0.441078784731895,13,1,286130985
0.695109788376561,0.607058892826376,13,1,286130985
0.955037208240869,0.770211340808174,13,1,286130985
0.586119845779947,0.221107284276386,13,1,286130985
0.955342099509376,0.692398462011388,13,1,286130985
0.457731651250711,0.909100018629544,13,1,286130985
0.525713529486905,0.044897019873158,13,1,286130985
0.698919030373113,0.588295125687433,13,1,286130985
0.379256186861255,0.288549078788196,13,1,286130985
0.959235409123165,0.574957753885229,13,1,286130985
0.900798813450731,0.425841714052001,13,1,286130985
0.320340989030618,0.696776921812069,13,1,286130985
0.821724222581705,0.430656103657624,13,1,286130985
0.844259090096435,0.706928863001671,13,1,286130985
0.185906067498438,0.783290211946554,13,1,286130985
0.558482019547847,0.183892685822535,13,1,286130985
0.752379045656776,0.402169897095304,13,1,286130985
0.467176100239693,0.813425202322877,13,1,286130985
0.914818227883071,0.816068160019813,13,1,286130985
0.771329666013777,0.85523078516249,13,1,286130985
0.623200269084468,0.887232907661187,13,1,286130985
0.535544668345064,0.919978401104677,13,1,286130985
0.822604562040988,0.0827230218825994,13,1,286130985
0.966143938994949,0.947325540458817,13,1,286130985
0.539254462073177,0.794743698070903,13,1,286130985
0.461734478380478,0.588124820113328,13,1,286130985
0.377720870103334,0.983037785130552,13,1,286130985
0.556959259623967,0.678874442568874,13,1,286130985
0.358294623647756,0.80855833304623,13,1,286130985
0.904638550893085,0.32748965882192,13,1,286130985
0.0359120000870583,0.398901678238767,13,1,286130985
0.267997654273174,0.695147887719799,13,1,286130985
0.733911721263812,0.376770702605811,13,1,286130985
0.455740082619912,0.515537743228881,13,1,286130985
0.565166896127359,0.00145067588402892,13,1,286130985
0.353820757936893,0.981947308994076,13,1,286130985
0.017105702086573,0.548623651568812,13,1,286130985
0.535824052371151,0.352618786208484,13,1,286130985
0.338525344966597,0.501237698252083,13,1,286130985
0.292432527773781,0.238153576887655,13,1,286130985
0.981997412221059,0.418717558471647,13,1,286130985
0.0253429925951441,0.61394010387687,13,1,286130985
0.580494495093942,0.33855215463936,13,1,286130985
0.294463859263992,0.215096163814027,13,1,286130985
0.495149260897155,0.746669322720052,13,1,286130985
0.56561500737474,0.443745625031711,13,1,286130985
0.442396216276577,0.0515736635098021,13,1,286130985
0.357903927536861,0.298760579350372,13,1,286130985
0.886485300644247,0.789202821969952,13,1,286130985
0.477541711585522,0.984941990095226,13,1,286130985
0.118203201064558,0.25485168974167,13,1,286130985
0.316009403453818,0.0683113082487532,13,1,286130985
0.487347056654915,0.642330395068065,13,1,286130985
0.28623219979363,0.498218992825304,13,1,286130985
0.0236740714002126,0.351634040069368,13,1,286130985
0.00558779502213858,0.56973356428067,13,1,286130985
0.00790875102169686,0.1868505138011,13,1,286130985
0.0502245686082294,0.733924329779758,13,1,286130985
0.905879704333304,0.446304466733759,13,1,286130985
0.399621033130456,0.619734506897975,13,1,286130985
0.792543208262926,0.216968430850205,13,1,286130985
0.494239049739436,0.333201435502999,13,1,286130985
0.0385350357718357,0.679414780402772,13,1,286130985
0.749066343088567,0.411227968607343,13,1,286130985
0.912230314967321,0.414036843215122,13,1,286130985
0.164695058666138,0.412563802804405,13,1,286130985
0.512613775900765,0.788763389416544,13,1,286130985
0.318846577722723,0.708143743908945,13,1,286130985
0.291196532469719,0.0159393510992603,13,1,286130985
0.563670387081682,0.637472253224662,13,1,286130985
0.472090943355969,0.871513608294734,13,1,286130985
0.300158922444263,0.0519969514014926,13,1,286130985
0.858133005946716,0.756614717375705,13,1,286130985
0.44654149581375,0.833076784062559,13,1,286130985
0.748158628709968,0.939861120644987,13,1,286130985
0.602749927646471,0.0363807789639312,13,1,286130985
0.128979215136909,0.309244683318811,13,1,286130985
0.0105730685788912,0.0911916603469085,13,1,286130985
0.597332693044991,0.236204698667917,13,1,286130985
0.859592158844229,0.289764223231024,13,1,286130985
0.839654303035138,0.234498413237064,13,1,286130985
0.751168935635847,0.170901637092632,13,1,286130985
0.859088722721522,0.331149885834062,13,1,286130985
0.778897340039398,0.836688482458155,13,1,286130985
0.0282770843715037,0.0746133697497173,13,1,286130985
0.516470190853794,0.319679316198247,13,1,286130985
0.196338240049426,0.304277750617052,13,1,286130985
0.930405099693899,0.337821749663686,13,1,286130985
0.455480399010373,0.545811486409815,13,1,286130985
0.211378459245415,0.553985083473863,13,1,286130985
0.673009624788962,0.0251069736187004,13,1,286130985
0.333910652495579,0.694580682688787,13,1,286130985
0.40273064336154,0.313439781114104,13,1,286130985
0.676591289262326,0.483799616136792,13,1,286130985
0.69381001044502,0.204105564125194,13,1,286130985
0.462166323494101,0.936383017577525,13,1,286130985
0.185868703158482,0.822763218190122,13,1,286130985
0.776910616642199,0.87270240025632,13,1,286130985
0.963997555592039,0.850671029121817,13,1,286130985
0.205709993244483,0.551233470633363,13,1,286130985
0.335092634819369,0.297928358687707,13,1,286130985
0.207346749879646,0.709839689722982,13,1,286130985
0.408410620274174,0.0315053754085204,13,1,286130985
0.230321052785391,0.34348660282642,13,1,286130985
0.682699995445019,0.0485497759059585,13,1,286130985
0.682428238626546,0.184766929133372,13,1,286130985
0.698141918574444,0.579089354734414,13,1,286130985
0.820460577792166,0.353372374741782,13,1,286130985
0.59986211805453,0.918391513889878,13,1,286130985
0.131124431724519,0.0977900884735037,13,1,286130985
0.00324642912285711,0.131928583481099,13,1,286130985
0.635786130969364,0.535704008096444,13,1,286130985
0.0507006657299387,0.613160662321184,13,1,286130985
0.602513093224948,0.221991491584479,13,1,286130985
