0.642619750047295,0.540981725472652,13,1,286130985
0.488715674933866,0.765943643854846,13,1,286130985
0.0915811500495955,0.224579717487774,13,1,286130985
0.141211174257559,0.889256330548666,13,1,286130985
0.794027359644848,0.0546409543002371,13,1,286130985
0.573530413923642,0.198898407609001,13,1,286130985
0.221561659462674,0.545478618896788,13,1,286130985
0.368557422214701,0.0533640947667167,13,1,286130985
0.067997636474914,0.978644020584404,13,1,286130985
0.582881632166275,0.873928231431472,13,1,286130985
0.0985615285087258,0.721084587052072,13,1,286130985
0.897217739936398,0.707652899781294,13,1,286130985
0.734387903749084,0.943078137140382,13,1,286130985
0.946295083231239,0.482394398524992,13,1,286130985
0.654233584090846,0.425639355226015,13,1,286130985
0.554182811099984,0.244769713342215,13,1,286130985
0.0427113577652172,0.140273873705528,13,1,286130985
0.991964249279219,0.0851169899180535,13,1,286130985
0.217604408419037,0.586694211520771,13,1,286130985
0.00321447741698133,0.102204864098571,13,1,286130985
0.790406093227982,0.36789410834421,13,1,286130985
0.490261131484719,0.48445884930406,13,1,286130985
0.689471056365043,0.648750177676295,13,1,286130985
0.840737869906637,0.391407303020562,13,1,286130985
0.0472059937043605,0.758278958842434,13,1,286130985
0.840106558653583,0.218811966181621,13,1,286130985
0.615647283800187,0.970191470055861,13,1,286130985
0.85686135208586,0.46851906507888,13,1,286130985
0.990464683270399,0.113396526510813,13,1,286130985
0.859259318140519,0.728473683869697,13,1,286130985
0.215947642797718,0.133288072173087,13,1,286130985
0.28546891891465,0.909441833143306,13,1,286130985
0.701672580241926,0.739682530028736,13,1,286130985
0.771362284541971,0.051281106507812,13,1,286130985
0.292294822297898,0.472335374827307,13,1,286130985
0.149545599484444,0.884701442199163,13,1,286130985
0.229577593312779,0.154005588631705,13,1,286130985
0.460125561132405,0.260178564255683,13,1,286130985
0.990465825262326,0.112997303488674,13,1,286130985
0.306156287371369,0.602440612120758,13,1,286130985
0.981217874232392,0.887987545663387,13,1,286130985
0.467156318725201,0.1120531639839,13,1,286130985
0.557523228764409,0.0445777574390638,13,1,286130985
0.822016722846265,0.809605481989355,13,1,286130985
0.643347475056228,0.262829011807485,13,1,286130985
0.955733744628118,0.992188153055802,13,1,286130985
0.0225715515693086,0.123030689867186,13,1,286130985
0.623834925398047,0.55521192450721,13,1,286130985
0.135082291668641,0.791863114340642,13,1,286130985
0.291373824578405,0.980555381098477,13,1,286130985
0.68980095348698,0.806468407260651,13,1,286130985
0.121526162394256,0.610968921786474,13,1,286130985
0.714138906672575,0.260782767105433,13,1,286130985
0.123343111768409,0.830320723580661,13,1,286130985
0.430805515575451,0.109399154320456,13,1,286130985
0.148623810494755,0.981278890500999,13,1,286130985
0.96862922675135,0.568548141431092,13,1,286130985
0.906205775679838,0.2876521890332,13,1,286130985
0.167560203994365,0.898596662899763,13,1,286130985
0.648059251126207,0.949679480450947,13,1,286130985
0.116080081055683,0.0672732362629613,13,1,286130985
0.279377779998572,0.343537794626266,13,1,286130985
0.0359861767310687,0.679555653664302,13,1,286130985
0.0775540465562277,0.635863127055521,13,1,286130985
0.307268837555464,0.976157469890153,13,1,286130985
0.223541377310555,0.135987765767222,13,1,286130985
0.111470183384685,0.0668052562860735,13,1,286130985
0.347722149786604,0.695891978601983,13,1,286130985
0.662926832284322,0.356757478349431,13,1,286130985
0.758257292409266,0.197745396690401,13,1,286130985
0.124526914221231,0.321436997599056,13,1,286130985
0.13849014707858,0.235189350706107,13,1,286130985
0.699047006456287,0.645655653086788,13,1,286130985
0.434397447704515,0.126660206200694,13,1,286130985
0.315247181199618,0.925224388149532,13,1,286130985
0.894096551423502,0.48756551173383,13,1,286130985
0.582464997690394,0.372887319481642,13,1,286130985
0.567439447914254,0.294476930459063,13,1,286130985
0.976681105139961,0.715480149246501,13,1,286130985
0.38886787636218,0.41312709200239,13,1,286130985
0.514195126203679,0.506243901631169,13,1,286130985
0.968679368496313,0.836291781325547,13,1,286130985
0.374949455506864,0.654335676970584,13,1,286130985
0.0519816700208013,0.352109986795301,13,1,286130985
0.374444973631605,0.0565709036006554,13,1,286130985
0.269046621990818,0.993278856646002,13,1,286130985
0.769146743785042,0.80166616154754,13,1,286130985
0.837035290702131,0.878767344122387,13,1,286130985
0.206847462241843,0.0793580909215246,13,1,286130985
0.150647838031793,0.011675163865946,13,1,286130985
0.974495167768699,0.458789825642892,13,1,286130985
0.720830350087642,0.565558922342861,13,1,286130985
0.982038679935304,0.114820026565887,13,1,286130985
0.924764310469461,0.991134680338782,13,1,286130985
0.405293881697903,0.404021987877298,13,1,286130985
0.684849087331267,0.473194235416307,13,1,286130985
0.637267712048238,0.11653057141881,13,1,286130985
0.256772938521157,0.209874155644302,13,1,286130985
0.182877822618484,0.145893953820017,13,1,286130985
0.345504813066772,0.47189083981052,13,1,286130985
0.193802353852357,0.478132029882155,13,1,286130985
0.178693500244308,0.392216432618436,13,1,286130985
0.485422057156299,0.494027947432635,13,1,286130985
0.768337741648794,0.716940425521368,13,1,286130985
0.135859549916348,0.479584320756987,13,1,286130985
0.194542768800778,0.785839282180381,13,1,286130985
0.834974957826952,0.399475827229925,13,1,286130985
0.566281150685952,0.661299097630333,13,1,286130985
0.114432572893623,0.789601318994164,13,1,286130985
0.121956876124255,0.795574797596356,13,1,286130985
0.911226000376329,0.109678231062088,13,1,286130985
0.363768646044647,0.365974676727068,13,1,286130985
0.000419448525678545,0.808016508095306,13,1,286130985
0.847836254074401,0.497428212991244,13,1,286130985
0.259357843782572,0.332740340773535,13,1,286130985
0.890985694562776,0.0510928027004458,13,1,286130985
0.359026859929277,0.878428743224253,13,1,286130985
0.955316391993849,0.195906968953508,13,1,286130985
0.0899987235812691,0.663296020641734,13,1,286130985
0.386666541810821,0.894128655178247,13,1,286130985
0.116697120921404,0.856685040016486,13,1,286130985
0.246450472254715,0.0665865829256198,13,1,286130985
0.030276340213601,0.428276437860601,13,1,286130985
0.974521860893497,0.494933802361475,13,1,286130985
0.854616657651862,0.0831404184695614,13,1,286130985
0.42750009035157,0.668922123043381,13,1,286130985
0.701825093528638,0.866466473152481,13,1,286130985
0.0485013263560856,0.698600732433853,13,1,286130985
0.274825809714861,0.878872078876463,13,1,286130985
0.942909316762445,0.430860388789823,13,1,286130985
0.655862016132404,0.203043616553348,13,1,286130985
0.425364445935089,0.87597957482797,13,1,286130985
0.548933848005737,0.0386455243554114,13,1,286130985
0.257374836791149,0.803531804957444,13,1,286130985
0.775698940224299,0.857472576538101,13,1,286130985
0.330120836385686,0.699523446539962,13,1,286130985
0.75376728748479,0.600444035521618,13,1,286130985
0.68488549677477,0.970188128280636,13,1,286130985
0.391762608237951,0.867133911040682,13,1,286130985
0.600403165496044,0.458539197841452,13,1,286130985
0.544978135649954,0.959257982380345,13,1,286130985
0.766531666354782,0.84654000874671,13,1,286130985
0.0874951663477763,0.346360412870631,13,1,286130985
0.538029580231777,0.10169542453762,13,1,286130985
0.645049756209916,0.802556095989461,13,1,286130985
0.501143871956526,0.397447968818064,13,1,286130985
0.254276948676049,0.450795595800764,13,1,286130985
0.320690144643615,0.0496460710305042,13,1,286130985
0.194077223460855,0.0362198865836447,13,1,286130985
0.245266187056276,0.569954337721972,13,1,286130985
0.326342543054214,0.724141976201508,13,1,286130985
0.0100800909949186,0.764398455301912,13,1,286130985
0.797881032246891,0.442519067256936,13,1,286130985
0.972737075571192,0.309249719127097,13,1,286130985
0.929492158773394,0.20134641884574,13,1,286130985
0.0427422778267421,0.168300261333596,13,1,286130985
0.13470661926169,0.837651562520264,13,1,286130985
0.932637696014439,0.555675506095024,13,1,286130985
0.56375466734321,0.843347494056483,13,1,286130985
0.816539092905871,0.223949964389536,13,1,286130985
0.116824273909376,0.140405447305724,13,1,286130985
0.709383299768708,0.630011456021291,13,1,286130985
0.325890798045639,0.625308963398516,13,1,286130985
0.236487581634605,0.516004421218643,13,1,286130985
0.313471066925581,0.491461076997216,13,1,286130985
0.621618789637489,0.216989789340824,13,1,286130985
0.511981639099235,0.135288239984038,13,1,286130985
0.194646846389444,0.571961905292059,13,1,286130985
0.0161538714651499,0.756528314658302,13,1,286130985
0.0261184155419671,0.218791428467317,13,1,286130985
0.841122979170662,0.520249114231492,13,1,286130985
0.337709559283845,0.979066199320296,13,1,286130985
0.322732576782662,0.0471331119141567,13,1,286130985
0.871612792277963,0.211079850319032,13,1,286130985
0.975461244379362,0.0476329786772833,13,1,286130985
0.397425023901177,0.36065002672479,13,1,286130985
0.49268524073951,0.33478757590024,13,1,286130985
0.504523259610973,0.190387451418049,13,1,286130985
0.465825047629465,0.119656575466332,13,1,286130985
0.755333920731428,0.977260353699627,13,1,286130985
0.899514136364806,0.980975635800027,13,1,286130985
0.175662743027558,0.202106369049743,13,1,286130985
0.907073554633538,0.750898047469823,13,1,286130985
0.804798896696507,0.841273109792891,13,1,286130985
0.859115945844846,0.715101154126896,13,1,286130985
0.859760826963262,0.799884316187716,13,1,286130985
0.979767704200682,0.218395564998936,13,1,286130985
0.0335003080045935,0.124160446064047,13,1,286130985
0.262857313976109,0.0811586592447506,13,1,286130985
0.374591675474946,0.564989379244263,13,1,286130985
0.851273741272906,0.713924912481123,13,1,286130985
0.00582751754610644,0.569359498208238,13,1,286130985
0.953274659180243,0.702729765278719,13,1,286130985
0.247830384560927,0.393951751811941,13,1,286130985
0.568062835473042,0.814602517056036,13,1,286130985
0.276531181550038,0.191549279135784,13,1,286130985
0.747450834610197,0.168753336920641,13,1,286130985
0.470377624252049,0.482205982163575,13,1,286130985
0.33420630187258,0.927593699307396,13,1,286130985
0.472840599138533,0.471079401307758,13,1,286130985
0.0371904969311858,0.45479272115786,13,1,286130985
0.528475707132379,0.804042791743034,13,1,286130985
0.846993376951589,0.67302787603656,13,1,286130985
0.187606974535639,0.719935325753837,13,1,286130985
0.0957268592837559,0.0920098723976879,13,1,286130985
0.29147339070508,0.80765701786704,13,1,286130985
0.995313449927675,0.0656130363640957,13,1,286130985
0.302621628850122,0.0478972436906768,13,1,286130985
0.689842746549411,0.387711148674101,13,1,286130985
0.8056732369039,0.341339444160445,13,1,286130985
0.301292604589977,0.0275907043293406,13,1,286130985
0.24198289752647,0.0365956048046137,13,1,286130985
0.211113538172424,0.143693704357116,13,1,286130985
0.479325932839947,0.0981492017405392,13,1,286130985
0.514218732586928,0.479838779448979,13,1,286130985
0.586066759361173,0.38763766332954,13,1,286130985
0.560353519011637,0.985244566558309,13,1,286130985
0.0761142499527629,0.951144627935586,13,1,286130985
0.530688675009062,0.848507756327924,13,1,286130985
0.861505154952235,0.841796962745102,13,1,286130985
0.220300022498966,0.992009572756814,13,1,286130985
0.0474477812870502,0.736425114718529,13,1,286130985
0.70661657149481,0.618530696872585,13,1,286130985
0.178694056462589,0.125484648109165,13,1,286130985
0.682542683303069,0.245976269973867,13,1,286130985
0.631534925288038,0.357909519853354,13,1,286130985
0.489801448168485,0.811840612388409,13,1,286130985
0.420444597014386,0.700288111911773,13,1,286130985
0.337258962485709,0.609915381916344,13,1,286130985
0.868838907912205,0.939841247893259,13,1,286130985
0.144716188014105,0.865307449598951,13,1,286130985
0.853820285404094,0.452226393600809,13,1,286130985
0.553676061694214,0.600649766079489,13,1,286130985
0.81687660685169,0.970279631890709,13,1,286130985
0.0204644701893528,0.24733810847784,13,1,286130985
0.0574852645115147,0.857528630211736,13,1,286130985
0.372711843449495,0.456111873629003,13,1,286130985
0.575917084597931,0.486387977626404,13,1,286130985
0.719864665459611,0.488030365707765,13,1,286130985
0.650940172844006,0.686584435629478,13,1,286130985
0.00603048448414101,0.944815888250771,13,1,286130985
0.125498298132844,0.21543877272963,13,1,286130985
0.444818470552412,0.894162312858033,13,1,286130985
0.698267205503209,0.629243164538659,13,1,286130985
0.44086644248481,0.889986463677505,13,1,286130985
0.126559748843607,0.075877152021306,13,1,286130985
0.936556956338629,0.925741309115637,13,1,286130985
0.974116074503115,0.59409466063054,13,1,286130985
0.261864909921004,0.800936800931953,13,1,286130985
0.439084717922143,0.099899176983508,13,1,286130985
0.46372069109016,0.241140854832918,13,1,286130985
0.47138948318095,0.651243281979134,13,1,286130985
0.927532225913837,0.455750638544057,13,1,286130985
0.302777714694887,0.453634421835798,13,1,286130985
0.108934007183884,0.100021280098433,13,1,286130985
0.729019450290711,0.807690698731342,13,1,286130985
0.467269184211904,0.175222242091643,13,1,286130985
0.216042817186028,0.431806910381082,13,1,286130985
0.837477827101931,0.175956424443377,13,1,286130985
0.0569601285737527,0.232480345170192,13,1,286130985
0.670894357156193,0.305988755128657,13,1,286130985
0.896673586119211,0.954005469125088,13,1,286130985
0.431001639616303,0.0218263656747295,13,1,286130985
0.913173436386962,0.2184213344255,13,1,286130985
0.490031806778091,0.561020421815114,13,1,286130985
0.277261000846242,0.191742208348891,13,1,286130985
0.202040833101531,0.840196359169216,13,1,286130985
0.373728381468739,0.200147246109582,13,1,286130985
0.775781819708806,0.993854087919838,13,1,286130985
0.927977741447729,0.275585692327603,13,1,286130985
0.357240716064626,0.569802178619915,13,1,286130985
0.57868731920585,0.729706217058335,13,1,286130985
0.996456465447693,0.344873588508886,13,1,286130985
0.624299990743166,0.610418058821591,13,1,286130985
0.0664766948112983,0.64353877942571,13,1,286130985
0.862816457547452,0.451632641629143,13,1,286130985
0.774038767448636,0.264113782470244,13,1,286130985
0.748658794889774,0.1495953737239,13,1,286130985
0.981504194611362,0.494968142023519,13,1,286130985
0.801049499756016,0.850538350991194,13,1,286130985
0.619105471551839,0.918605532935464,13,1,286130985
0.350531511848603,0.340790342025385,13,1,286130985
0.11153514540166,0.770348932010005,13,1,286130985
0.388007108822187,0.780667203497285,13,1,286130985
0.524736019786612,0.948859326698706,13,1,286130985
0.424997516023304,0.941468882713077,13,1,286130985
0.31448881491408,0.0899088010395017,13,1,286130985
0.933274865717307,0.851317015661664,13,1,286130985
0.912183681618376,0.838520736116622,13,1,286130985
0.947758415193497,0.604043758572081,13,1,286130985
0.119378423577501,0.148395778908561,13,1,286130985
0.140672024662522,0.233569826910267,13,1,286130985
0.278543476294872,0.182491341172936,13,1,286130985
0.0502098546700065,0.363804838004121,13,1,286130985
0.318888265562339,0.938363772344979,13,1,286130985
0.863788966415938,0.792988302981568,13,1,286130985
0.837956185415322,0.471829550323552,13,1,286130985
0.442544899671304,0.224430778312102,13,1,286130985
0.593141001028969,0.877652925713386,13,1,286130985
0.925799152566378,0.508914714362069,13,1,286130985
0.688145617894965,0.192497902264766,13,1,286130985
0.551861386774645,0.295716233964415,13,1,286130985
0.683809654128922,0.478030868325443,13,1,286130985
0.700476729685113,0.0331039078578828,13,1,286130985
0.808527368968613,0.410400946137054,13,1,286130985
0.0575632933860426,0.898119910109119,13,1,286130985
0.816566326429418,0.39734723895148,13,1,286130985
0.909553217986691,0.780186289093722,13,1,286130985
0.323582298022141,0.0675192999517078,13,1,286130985
0.126662006168402,0.669844389593912,13,1,286130985
0.617052710092274,0.627174813265307,13,1,286130985
0.930915461192918,0.217515064805447,13,1,286130985
0.913045986165965,0.607512910455759,13,1,286130985
0.186846568663368,0.173420556162539,13,1,286130985
0.495847452355688,0.0326344594270118,13,1,286130985
0.360429209578874,0.416868633751332,13,1,286130985
0.758549776499464,0.812505316953933,13,1,286130985
0.482229863482889,0.800726156221837,13,1,286130985
0.767267553942201,0.140921885336859,13,1,286130985
0.71151775454188,0.870729657783877,13,1,286130985
0.815530705646791,0.457444650102401,13,1,286130985
0.0575486886558978,0.401146011149814,13,1,286130985
0.566268986950433,0.46441176212371,13,1,286130985
0.548814567410734,0.99129354485365,13,1,286130985
0.0183480027052632,0.684901055807396,13,1,286130985
0.986664858972451,0.0322061519040064,13,1,286130985
0.10054879885197,0.577176874276646,13,1,286130985
0.32791742813084,0.515469577665232,13,1,286130985
0.140807355163406,0.223353524761876,13,1,286130985
0.0845069975974608,0.178549158002981,13,1,286130985
0.674907098781918,0.819291922923545,13,1,286130985
0.00497235881632019,0.0820874457660601,13,1,286130985
0.437788404045326,0.494981847343607,13,1,286130985
0.268391291994026,0.519104969786399,13,1,286130985
0.982345214242092,0.84672025667062,13,1,286130985
0.344868532958703,0.445087643180952,13,1,286130985
0.0682330161747013,0.387812163010857,13,1,286130985
0.596649600533953,0.49900860912505,13,1,286130985
0.979430254963199,0.0383831694086165,13,1,286130985
0.452636770639269,0.356934379119898,13,1,286130985
0.0858807024433741,0.30435814268505,13,1,286130985
0.771374055526216,0.328952224158447,13,1,286130985
0.190213597748005,0.411189081465252,13,1,286130985
0.407277058372278,0.0179261135868729,13,1,286130985
0.344359456401239,0.702968535422636,13,1,286130985
0.405885275116574,0.131364005806698,13,1,286130985
0.895429392668182,0.986180311847896,13,1,286130985
0.031026236010927,0.479731651960554,13,1,286130985
0.899927398064813,0.261088041447421,13,1,286130985
0.993956273688193,0.3756854754897,13,1,286130985
0.924911064747434,0.164896362754388,13,1,286130985
0.151540960525298,0.760387939147764,13,1,286130985
0.627520736366365,0.35686760680269,13,1,286130985
0.863617038361738,0.82737681725249,13,1,286130985
0.936057085474382,0.467411366241032,13,1,286130985
0.466970307605463,0.906847736963942,13,1,286130985
0.334482698295535,0.321734432870414,13,1,286130985
0.52540066997421,0.861249245168794,13,1,286130985
0.13305553686637,0.033895892311099,13,1,286130985
0.078755165615636,0.945790756381912,13,1,286130985
0.352975620639095,0.941024559680301,13,1,286130985
0.976392146678878,0.837612162117107,13,1,286130985
0.671091108745006,0.836632048924957,13,1,286130985
0.904177339195622,0.0398774998884974,13,1,286130985
0.265603393971801,0.746504911836632,13,1,286130985
0.635104298810383,0.562411723391897,13,1,286130985
0.426496289117635,0.328115007310973,13,1,286130985
0.652362199464528,0.949834462625075,13,1,286130985
0.856019229717282,0.241199891049463,13,1,286130985
0.236500173193859,0.426244179636906,13,1,286130985
0.300853880021467,0.578235290890355,13,1,286130985
0.501731013454594,0.758648783885856,13,1,286130985
0.779716221823297,0.76599083510712,13,1,286130985
0.0397102647752128,0.138198693115719,13,1,286130985
0.155675953569866,0.350489788292841,13,1,286130985
0.20789958996034,0.782978397555963,13,1,286130985
0.162332845754853,0.434885917705618,13,1,286130985
0.0259271942434625,0.762744266017497,13,1,286130985
0.873924364393345,0.269633300978436,13,1,286130985
0.841611707820537,0.624695516098771,13,1,286130985
0.47660025561335,0.481526997414946,13,1,286130985
0.648460585205953,0.724006156230472,13,1,286130985
0.344004462137619,0.0727536496040448,13,1,286130985
0.461546578714626,0.219916599654002,13,1,286130985
0.516151465404646,0.768891209349765,13,1,286130985
0.0338906374632852,0.467623620640746,13,1,286130985
0.293385747322993,0.725840868403213,13,1,286130985
0.0499683589311852,0.536671513430719,13,1,286130985
0.411480142416509,0.70096808937278,13,1,286130985
0.383749586076878,0.0571745372216608,13,1,286130985
0.254979380469711,0.392288455043514,13,1,286130985
0.964035207581128,0.64380319156868,13,1,286130985
0.250494654596263,0.783237916691077,13,1,286130985
0.297036630941693,0.697517456572249,13,1,286130985
0.384240364896994,0.987342699989302,13,1,286130985
0.197171817069406,0.0531253853176468,13,1,286130985
0.275273234362941,0.98880480716347,13,1,286130985
0.803885347214523,0.88755913967214,13,1,286130985
0.752839360930036,0.346905098900397,13,1,286130985
0.431802725739032,0.491560553652663,13,1,286130985
0.985245224760004,0.878100854662516,13,1,286130985
0.134878014230164,0.196428917330808,13,1,286130985
0.385155667916267,0.622402692573964,13,1,286130985
0.650267090694934,0.42759621839732,13,1,286130985
0.359417978720603,0.18828382710396,13,1,286130985
0.16311670054359,0.0280107326356387,13,1,286130985
0.22030637974936,0.790249842084179,13,1,286130985
0.938795945389978,0.736977297108724,13,1,286130985
0.351794057693599,0.365037530291747,13,1,286130985
0.295852940762897,0.544608929317022,13,1,286130985
0.990621416711486,0.917323254704542,13,1,286130985
0.60997302099327,0.819667956107457,13,1,286130985
0.363058256703068,0.156575586549294,13,1,286130985
0.31044243187299,0.530419991221222,13,1,286130985
0.864266410171493,0.0663816843453886,13,1,286130985
0.949040303786516,0.262837765274285,13,1,286130985
0.667837709285684,0.417189395423973,13,1,286130985
0.459986432152916,0.978838282440143,13,1,286130985
0.0879416636044668,0.750124021353006,13,1,286130985
0.0440451375167008,0.121275286566636,13,1,286130985
0.715340306667359,0.906957818881693,13,1,286130985
0.942196335858211,0.142066583281686,13,1,286130985
0.059623443841915,0.36148681255315,13,1,286130985
0.888419861759504,0.106573834782113,13,1,286130985
0.628970594034398,0.527513986653368,13,1,286130985
0.891060993023442,0.353972906971046,13,1,286130985
0.260014835004518,0.733038795080795,13,1,286130985
0.331442902559513,0.610234947229205,13,1,286130985
0.141767324463536,0.480988711141729,13,1,286130985
0.396286726789592,0.550332763600665,13,1,286130985
0.318722722009264,0.868732398386201,13,1,286130985
0.919951991387992,0.965946039220733,13,1,286130985
0.873834946196731,0.316773989370094,13,1,286130985
0.947402699745408,0.0972488048846387,13,1,286130985
0.656211045466128,0.689324941627483,13,1,286130985
0.764203326932376,0.166609559492806,13,1,286130985
0.672158250738106,0.381657708046488,13,1,286130985
0.348985195994767,0.56454559894859,13,1,286130985
0.155930006516399,0.424768138298578,13,1,286130985
0.190414929031199,0.405444311596644,13,1,286130985
0.271404672032391,0.100626858146464,13,1,286130985
0.148859353950052,0.289081123603924,13,1,286130985
0.217211242715986,0.658011500359277,13,1,286130985
0.570293970989807,0.737948934106756,13,1,286130985
0.132247688614749,0.528919906054933,13,1,286130985
0.813755375199723,0.760773035275385,13,1,286130985
0.693546550064097,0.238903827004455,13,1,286130985
0.624811528263511,0.0841278152186353,13,1,286130985
0.613138543720431,0.657620197384059,13,1,286130985
0.186992522048735,0.342302862093897,13,1,286130985
0.418315152199629,0.790613794928521,13,1,286130985
0.194015624367595,0.485186048938769,13,1,286130985
0.426150290836209,0.813628892185635,13,1,286130985
0.535470120128964,0.591730258687115,13,1,286130985
0.486764573314128,0.327661277629077,13,1,286130985
0.090294823477711,0.179402214495692,13,1,286130985
0.215558750436986,0.705652764789332,13,1,286130985
0.280128299419387,0.465155940919785,13,1,286130985
0.170260689242985,0.565561934156829,13,1,286130985
0.614176532625615,0.803866765389538,13,1,286130985
0.610448556120862,0.210236025196028,13,1,286130985
0.322193503644582,0.759695502499216,13,1,286130985
0.639784410913352,0.121458381838122,13,1,286130985
0.629842005326583,0.534572263095116,13,1,286130985
0.00427888679602528,0.118959211269593,13,1,286130985
0.859557154899651,0.415751304249677,13,1,286130985
0.910901937856913,0.710673445847404,13,1,286130985
0.618921518764762,0.596613240150211,13,1,286130985
0.33317843719457,0.086687355042347,13,1,286130985
0.616363234955488,0.187368426208467,13,1,286130985
0.233792327829986,0.578020802419284,13,1,286130985
0.160823733706358,0.946293078607248,13,1,286130985
0.611044698970364,0.652372543696324,13,1,286130985
0.461049007296688,0.464780058236344,13,1,286130985
0.0958957355686794,0.892715310828006,13,1,286130985
0.491089841125371,0.547790107183627,13,1,286130985
0.850773587249344,0.679597286317109,13,1,286130985
0.822786866590542,0.438552578157228,13,1,286130985
0.795632910147731,0.498350717555076,13,1,286130985
0.793566042713302,0.883596744608159,13,1,286130985
0.307296021229505,0.691113397157186,13,1,286130985
0.700077702661025,0.408718451209805,13,1,286130985
0.485984122172928,0.818469160065902,13,1,286130985
0.711426427784445,0.468103500913951,13,1,286130985
0.784762639426358,0.44502294713457,13,1,286130985
0.917069285582259,0.162859267544323,13,1,286130985
0.260745378830134,0.679897419246558,13,1,286130985
0.550207472570762,0.281068043959182,13,1,286130985
0.182784076472403,0.868787026040937,13,1,286130985
0.909897219567766,0.504751176026602,13,1,286130985
0.901234429579698,0.423109035707401,13,1,286130985
0.053892139470725,0.765073273984238,13,1,286130985
0.703048388490648,0.131224097720086,13,1,286130985
0.0401879421656623,0.982180304975099,13,1,286130985
0.533188221105869,0.671551727665974,13,1,286130985
0.255358082258515,0.735625483548034,13,1,286130985
0.802891622555367,0.13112874220245,13,1,286130985
0.744867225228944,0.1902664910417,13,1,286130985
0.789679311355926,0.112506447221534,13,1,286130985
0.622423680451839,0.871282321484999,13,1,286130985
0.509289372345735,0.9041399053637,13,1,286130985
0.126276826859764,0.963286001725013,13,1,286130985
0.258009050662113,0.397515670917675,14,1,374897109
0.735481437633645,0.302799252538017,14,1,374897109
0.723948823686769,0.421190181023081,14,1,374897109
0.303044568248281,0.853019454476052,14,1,374897109
0.214269620266917,0.494717569065914,14,1,374897109
0.320240352698137,0.538717203542698,14,1,374897109
0.742472179007428,0.50758751557202,14,1,374897109
0.476476015765459,0.356155665243511,14,1,374897109
0.222745250397427,0.275880272193532,14,1,374897109
0.0626973848463166,0.622976395869454,14,1,374897109
0.670850781707832,0.87696929078596,14,1,374897109
0.858469212337071,0.586679357613067,14,1,374897109
0.533401161630559,0.179530506819233,14,1,374897109
0.411334906825581,0.738540833310055,14,1,374897109
0.526867718035123,0.594941471078164,14,1,374897109
0.496539259566578,0.514974641534635,14,1,374897109
0.40331231933433,0.0622359446852094,14,1,374897109
0.415501514908863,0.999378003960103,14,1,374897109
0.498200510054419,0.528651739823749,14,1,374897109
0.154108953067734,0.972374032556314,14,1,374897109
0.664985891529239,0.692923445842593,14,1,374897109
0.938886270729821,0.0646959214592178,14,1,374897109
0.111248287245923,0.107152477252551,14,1,374897109
0.226340007864638,0.68817473201369,14,1,374897109
0.230760629323697,0.993698571481715,14,1,374897109
0.0646709842504958,0.473272994369108,14,1,374897109
0.401725020347613,0.74548628830554,14,1,374897109
0.117341199032984,0.445976749742328,14,1,374897109
0.0426209203152927,0.929210942949251,14,1,374897109
0.961898341056737,0.310793855081238,14,1,374897109
0.80478322046314,0.142083929225055,14,1,374897109
0.695075564742734,0.926216213014101,14,1,374897109
0.399854069912372,0.648661959234674,14,1,374897109
0.335852810012242,0.00225836707146776,14,1,374897109
0.833730182889339,0.491553054218743,14,1,374897109
0.777800971811159,0.789087560326607,14,1,374897109
0.0157549997915551,0.375280562674631,14,1,374897109
0.165837699990738,0.0625935996157443,14,1,374897109
0.203429258280653,0.23854941860434,14,1,374897109
0.298390708155527,0.260919825968033,14,1,374897109
0.482518172951615,0.152537654187777,14,1,374897109
0.919086969766882,0.961322387893764,14,1,374897109
0.422745688876592,0.209074468377176,14,1,374897109
0.728292443706461,0.555468147047464,14,1,374897109
0.104261051490194,0.444860962181409,14,1,374897109
0.157861947964228,0.694923841915812,14,1,374897109
0.625231395373142,0.202419593086177,14,1,374897109
0.245643105707381,0.0190990852455721,14,1,374897109
0.907629852055257,0.381094245717483,14,1,374897109
0.814919088765861,0.663648994832786,14,1,374897109
0.892228918887836,0.322371424508724,14,1,374897109
0.919649029657787,0.309744563634106,14,1,374897109
0.331243867573713,0.716635201447458,14,1,374897109
0.454115151540828,0.649507612862968,14,1,374897109
0.764731752296748,0.457858968366669,14,1,374897109
0.776929655706499,0.918901341311669,14,1,374897109
0.823886344802771,0.321146145844192,14,1,374897109
0.488044889557417,0.326160334373263,14,1,374897109
0.459177570885053,0.35003371934807,14,1,374897109
0.418350575188091,0.455417020919851,14,1,374897109
0.238582573853467,0.70635766289367,14,1,374897109
0.0958925396327353,0.757817631090565,14,1,374897109
0.151467659650696,0.872539194381782,14,1,374897109
0.388794096485444,0.136434920184828,14,1,374897109
0.436080957748834,0.294726480899113,14,1,374897109
0.806067593035725,0.939070631856682,14,1,374897109
0.488295895601627,0.0167232555183412,14,1,374897109
0.0315744489416465,0.465231797912946,14,1,374897109
0.633111156232589,0.669172847263307,14,1,374897109
0.655882991920289,0.638552171225402,14,1,374897109
0.62767023938763,0.627027397464062,14,1,374897109
0.74104209177279,0.874955885449027,14,1,374897109
0.527496456272717,0.539422678454972,14,1,374897109
0.484843246348296,0.331198456872457,14,1,374897109
0.632042231982591,0.710710021754947,14,1,374897109
0.766192133612036,0.0146047038698831,14,1,374897109
0.0231312889002808,0.395982752521111,14,1,374897109
0.900171180703771,0.406954594538016,14,1,374897109
0.35486700359514,0.438039767557712,14,1,374897109
0.476458919578786,0.905434513563436,14,1,374897109
0.281918780556432,0.302396738063598,14,1,374897109
0.0146106182233696,0.823439330185268,14,1,374897109
0.985474203769587,0.300792084867993,14,1,374897109
0.617518347232094,0.879626274594738,14,1,374897109
0.581568836923507,0.855452503260051,14,1,374897109
0.283050937363394,0.326318010912077,14,1,374897109
0.838471889131187,0.874544290761601,14,1,374897109
0.947599290384254,0.119305196293344,14,1,374897109
0.33805426702302,0.847953679515991,14,1,374897109
0.575593408934943,0.21107885189808,14,1,374897109
0.813894888320968,0.747849471946837,14,1,374897109
0.625145665714667,0.911709279221903,14,1,374897109
0.997256319295344,0.677041081265191,14,1,374897109
0.634166701626063,0.60723574073094,14,1,374897109
0.932404205968957,0.656025500270475,14,1,374897109
0.4864880838659,0.738861736375109,14,1,374897109
0.960456056491171,0.693138909364301,14,1,374897109
0.000793644678390049,0.0993824106084924,14,1,374897109
0.424112917485691,0.545957917548817,14,1,374897109
0.876701863664019,0.599795591545862,14,1,374897109
0.572814854028927,0.311267218704547,14,1,374897109
0.719253299009609,0.930969054907213,14,1,374897109
0.805602769473866,0.212619886399759,14,1,374897109
0.5833741312929,0.638867104676396,14,1,374897109
0.76031452835048,0.640455699646807,14,1,374897109
0.176605375566643,0.976427347663816,14,1,374897109
0.313765564894354,0.289596694240492,14,1,374897109
0.722234250251004,0.162102783513247,14,1,374897109
0.632641348632742,0.0606331345565958,14,1,374897109
0.541902153108109,0.652633690734328,14,1,374897109
0.244831945463409,0.0573705289333315,14,1,374897109
0.908915706501559,0.556000001636924,14,1,374897109
0.368492037784367,0.922025429335196,14,1,374897109
0.148231540676971,0.0772072397280015,14,1,374897109
0.962615126652908,0.626469999204694,14,1,374897109
0.370565987727258,0.524288712867023,14,1,374897109
0.337012892558387,0.654069665022497,14,1,374897109
0.853425415824433,0.0945436873237484,14,1,374897109
0.900419102280471,0.332715567239008,14,1,374897109
0.355537493526878,0.733569701361205,14,1,374897109
0.508035747793793,0.507078003512571,14,1,374897109
0.524583159169379,0.929869775446112,14,1,374897109
0.305605059650634,0.350451903561499,14,1,374897109
0.0199954740254491,0.68258320981828,14,1,374897109
0.185605458614788,0.664841275314946,14,1,374897109
0.594783458484458,0.982155705827764,14,1,374897109
0.929767353277011,0.864869529666129,14,1,374897109
0.877832734590456,0.106633029308888,14,1,374897109
0.0228770745709115,0.689778003981673,14,1,374897109
0.240182379919386,0.925989713385695,14,1,374897109
0.195119224828732,0.234453923465178,14,1,374897109
0.357022546455167,0.476919472934566,14,1,374897109
0.743040754252162,0.871118000013924,14,1,374897109
0.271814746140096,0.858039027735195,14,1,374897109
0.972132457121714,0.29476228493298,14,1,374897109
0.874092202225721,0.808583425823578,14,1,374897109
0.0249292775175878,0.437480677018206,14,1,374897109
0.798533153235063,0.127095357160697,14,1,374897109
0.0416541647870288,0.285456726028652,14,1,374897109
0.380448202106173,0.875628145442074,14,1,374897109
0.70328580160288,0.640998740045023,14,1,374897109
0.430460977552124,0.189058145951321,14,1,374897109
0.669177616289985,0.201914066027554,14,1,374897109
0.328059896655743,0.831335170036815,14,1,374897109
0.18560968852243,0.836283410552301,14,1,374897109
0.705274380342854,0.681594194013106,14,1,374897109
0.0561283957648788,0.00704883256751954,14,1,374897109
0.763490077500847,0.581182571461233,14,1,374897109
0.940867021083552,0.527379106509451,14,1,374897109
0.705959255666177,0.640546875511156,14,1,374897109
0.197781342297841,0.923971309686257,14,1,374897109
0.566805651417332,0.116202127400952,14,1,374897109
0.369018386886405,0.436907334592662,14,1,374897109
0.835754951112566,0.442335149895542,14,1,374897109
0.675483623964754,0.31001395754755,14,1,374897109
0.333425441235393,0.0526197525531036,14,1,374897109
0.405559622763121,0.71893397973785,14,1,374897109
0.691052032580468,0.103635583442386,14,1,374897109
0.961814711500851,0.288578742173215,14,1,374897109
0.648938523352603,0.0353926824827209,14,1,374897109
0.613203326772199,0.337797695098209,14,1,374897109
0.284431464004678,0.85188652106129,14,1,374897109
0.557455385077471,0.842946503879238,14,1,374897109
0.013526648475275,0.895497101804477,14,1,374897109
0.0860159856685683,0.0133779155163838,14,1,374897109
0.469739703538507,0.58627767451955,14,1,374897109
0.413468024134304,0.510342900363238,14,1,374897109
0.639351149700968,0.678244425252442,14,1,374897109
0.247189621772682,0.727658046827672,14,1,374897109
0.0107178194274971,0.95435797812187,14,1,374897109
0.0835312404205837,0.0977262917140473,14,1,374897109
0.772731022467974,0.443409144264652,14,1,374897109
0.554578507086382,0.674531948903661,14,1,374897109
0.101695754455873,0.0580566638404054,14,1,374897109
0.0194036253198073,0.391848700593267,14,1,374897109
0.840705145935465,0.294361986346961,14,1,374897109
0.656082870430692,0.2910055980094,14,1,374897109
0.738012359147435,0.968332670809121,14,1,374897109
0.97310363207399,0.320780093984467,14,1,374897109
0.421084104375545,0.838763126388316,14,1,374897109
0.904993475746044,0.22730163691036,14,1,374897109
0.0786468509837528,0.387689338176329,14,1,374897109
0.42791856125401,0.458264868358125,14,1,374897109
0.603555289193267,0.621556262303438,14,1,374897109
0.693421534043996,0.744408584914612,14,1,374897109
0.869341266556707,0.107116158087933,14,1,374897109
0.700368004454244,0.893497007268324,14,1,374897109
0.521749231954752,0.773300916682123,14,1,374897109
0.490024493216173,0.969034128792855,14,1,374897109
0.507667332132573,0.59653086037758,14,1,374897109
0.542801740760973,0.325274018047478,14,1,374897109
0.918463412910185,0.791519888346885,14,1,374897109
0.652885886288021,0.364661114012715,14,1,374897109
0.235120909870123,0.799808445927901,14,1,374897109
0.365481981654284,0.880319975974751,14,1,374897109
0.234025072243421,0.988383576959183,14,1,374897109
0.264698796487395,0.346974167564494,14,1,374897109
0.209425890805352,0.394412944623172,14,1,374897109
0.160526665106971,0.174574555814196,14,1,374897109
0.354815091091098,0.629294819405708,14,1,374897109
0.660440224827924,0.0471839283150599,14,1,374897109
0.923566403888814,0.816373934955728,14,1,374897109
0.77782519261739,0.212732271961434,14,1,374897109
0.947928161377739,0.731520089450782,14,1,374897109
0.0382874660904227,0.0333421798783,14,1,374897109
0.75260987536635,0.554336055823311,14,1,374897109
0.288504249716166,0.247040098879281,14,1,374897109
0.532524341692697,0.0401315765406984,14,1,374897109
0.0289296028293764,0.976373861218616,14,1,374897109
0.69158769730941,0.460108431086697,14,1,374897109
0.458286703098524,0.0145295560196459,14,1,374897109
0.972804995902993,0.0559456722080052,14,1,374897109
0.831298434965773,0.942940804892441,14,1,374897109
0.303392975100024,0.0966360244839419,14,1,374897109
0.641812684047313,0.891672039167509,14,1,374897109
0.0131061507311028,0.961541265438467,14,1,374897109
0.0421919522442424,0.750199019003259,14,1,374897109
0.106435739941978,0.57027548133513,14,1,374897109
0.686341141268665,0.0821794328479619,14,1,374897109
0.75607434524541,0.862852098315327,14,1,374897109
0.561390169703631,0.0548830788895736,14,1,374897109
0.483423597333248,0.608665299554229,14,1,374897109
0.770446420983788,0.707885921027537,14,1,374897109
0.777875886302839,0.349850391756603,14,1,374897109
0.18871569443397,0.372866724695168,14,1,374897109
0.116692192718461,0.294144130936587,14,1,374897109
0.0340041641641258,0.530194154492782,14,1,374897109
0.00882401365317342,0.108047775397719,14,1,374897109
0.415432642160878,0.538165370297404,14,1,374897109
0.8506827293689,0.235196079225817,14,1,374897109
0.975799758840776,0.662676845928654,14,1,374897109
0.690137248260115,0.646828233922797,14,1,374897109
0.759846729959015,0.54322002756212,14,1,374897109
0.685209935128877,0.771539857517253,14,1,374897109
0.716993115469789,0.329715035244257,14,1,374897109
0.528647827125359,0.267655713100096,14,1,374897109
0.00706419829779881,0.186117523314369,14,1,374897109
0.229780155118414,0.256765439529308,14,1,374897109
0.606692669477783,0.49355660158285,14,1,374897109
0.246411532494807,0.0175293301499617,14,1,374897109
0.414914334872336,0.684343336417327,14,1,374897109
0.154871689098258,0.691001132437098,14,1,374897109
0.443230835573334,0.486896500913649,14,1,374897109
0.185128684827796,0.874264836347973,14,1,374897109
0.151884930475878,0.378417804740273,14,1,374897109
0.850532511402907,0.507431890189379,14,1,374897109
0.246862033958798,0.601559422848469,14,1,374897109
0.766767962191691,0.370004551087607,14,1,374897109
0.15758528939455,0.504224515397908,14,1,374897109
0.668902821323728,0.0730112357902453,14,1,374897109
0.154481304323129,0.355490190251053,14,1,374897109
0.526908877087389,0.826543008367043,14,1,374897109
0.0554713692650592,0.493416101307038,14,1,374897109
0.744126034645485,0.59750863970414,14,1,374897109
0.518416703396243,0.842528493608399,14,1,374897109
0.395871288345302,0.999257601678765,14,1,374897109
0.206671960082352,0.617787742088236,14,1,374897109
0.402682745511239,0.297484758748853,14,1,374897109
0.199731335305727,0.510879915194825,14,1,374897109
0.952580556212316,0.752848740718839,14,1,374897109
0.129980992508163,0.856483788365498,14,1,374897109
0.947893217629463,0.600398231286964,14,1,374897109
0.736681671154969,0.959322674729425,14,1,374897109
0.728434905778702,0.212007303664464,14,1,374897109
0.77533444579577,0.784883563257077,14,1,374897109
0.983589623328046,0.0781979570098326,14,1,374897109
0.838161644564384,0.350928683818484,14,1,374897109
0.398922740312959,0.437711761628312,14,1,374897109
0.48543127015608,0.382506106335291,14,1,374897109
0.422300152155183,0.980632892182687,14,1,374897109
0.724423397653998,0.406884292827847,14,1,374897109
0.619421421125966,0.752976000253994,14,1,374897109
0.728987125336937,0.555197034631757,14,1,374897109
0.672260231778935,0.949847185406381,14,1,374897109
0.97154662221975,0.974946114505075,14,1,374897109
0.503567128568734,0.23010918205794,14,1,374897109
0.112369364474006,0.121166982779916,14,1,374897109
0.721234233102254,0.657411778091623,14,1,374897109
0.400094297036208,0.175875251165709,14,1,374897109
0.927405321882205,0.656513139135787,14,1,374897109
0.0843660757755296,0.22194519630225,14,1,374897109
0.27472922896183,0.407244877480796,14,1,374897109
0.794296425547299,0.441048783718434,14,1,374897109
0.961481912650533,0.872233057387826,14,1,374897109
0.507400887061604,0.735912531812621,14,1,374897109
0.1902984582884,0.780441068139571,14,1,374897109
0.190214550767985,0.499972404585861,14,1,374897109
0.851146895763439,0.360663138359874,14,1,374897109
0.505765373127576,0.81368321015355,14,1,374897109
0.45426316650559,0.42581123496242,14,1,374897109
0.17812785243265,0.714850299927981,14,1,374897109
0.928573610890044,0.521262327282749,14,1,374897109
0.019158153659264,0.303926608663349,14,1,374897109
0.727644003012434,0.104514357110401,14,1,374897109
0.0478617740570328,0.674347277148259,14,1,374897109
0.472684762538825,0.580141495134993,14,1,374897109
0.665735599818243,0.194724816491441,14,1,374897109
0.598668790469194,0.235997586637218,14,1,374897109
0.484537509797058,0.850381915149511,14,1,374897109
0.530128059057804,0.640433105552038,14,1,374897109
0.0262977608928507,0.832783907471769,14,1,374897109
0.392806116001846,0.682929799743729,14,1,374897109
0.0902595143015068,0.459132864359922,14,1,374897109
0.3174236960021,0.97371859184092,14,1,374897109
0.22589420735853,0.151410429170188,14,1,374897109
0.250056086718212,0.793554003672189,14,1,374897109
0.342092506650074,0.00589706788978273,14,1,374897109
0.109123975084446,0.144599836453015,14,1,374897109
0.373949814504915,0.678527784508451,14,1,374897109
0.842108881863027,0.486691847888003,14,1,374897109
0.530132705843745,0.574438231298775,14,1,374897109
0.868213917114458,0.705684830601787,14,1,374897109
0.871215200685706,0.606357579112461,14,1,374897109
0.609292211513512,0.548381978555316,14,1,374897109
0.31678190335092,0.42955949015644,14,1,374897109
0.476174835755971,0.596142105216526,14,1,374897109
0.0649613101119446,0.966030831929139,14,1,374897109
0.713995732878194,0.673121600095677,14,1,374897109
0.877567659744698,0.505048562516079,14,1,374897109
0.641001612009953,0.42284230011116,14,1,374897109
0.873798367839353,0.742755476519268,14,1,374897109
0.18108792767504,0.484246551652697,14,1,374897109
0.872508610987151,0.444781004659978,14,1,374897109
0.359735114750023,0.995611624827735,14,1,374897109
0.0394459498661934,0.122064299700485,14,1,374897109
0.0951615388294191,0.190920203799133,14,1,374897109
0.368311581170626,0.504836895659044,14,1,374897109
0.212175727342507,0.949413141717892,14,1,374897109
0.568073398724093,0.167254294960008,14,1,374897109
0.400067181048932,0.0679225666498451,14,1,374897109
0.234353383740068,0.963862596008411,14,1,374897109
0.118490715543126,0.276399117617424,14,1,374897109
0.302471411388423,0.196307373012116,14,1,374897109
0.419924210748983,0.269055127842473,14,1,374897109
0.868958374840466,0.746413217566854,14,1,374897109
0.43964648671579,0.676255048447019,14,1,374897109
0.644787602279838,0.00349151028163708,14,1,374897109
0.167474297680698,0.263204370251017,14,1,374897109
0.541207225190611,0.584624780059785,14,1,374897109
0.483295726092991,0.19809539729548,14,1,374897109
0.560405989409829,0.899617597729544,14,1,374897109
0.425970757657981,0.848318055474075,14,1,374897109
0.0480100653890752,0.559982375485033,14,1,374897109
0.0245194886307871,0.0767810851939041,14,1,374897109
0.130846617047962,0.291396880410663,14,1,374897109
0.361184913209684,0.110393092978043,14,1,374897109
0.570781757282875,0.515159177159526,14,1,374897109
0.471131231139003,0.519079520232152,14,1,374897109
0.0446036984334297,0.00772797646248247,14,1,374897109
0.667504604738851,0.520593218778786,14,1,374897109
0.711498251383212,0.295927749793455,14,1,374897109
0.7931354107922,0.962186682057392,14,1,374897109
0.0491913853044084,0.612555145430314,14,1,374897109
0.0850049952562069,0.417087869745101,14,1,374897109
0.297791838410861,0.481072877348232,14,1,374897109
0.300433517616199,0.864399156617685,14,1,374897109
0.575182590308678,0.687741032042518,14,1,374897109
0.290807589145725,0.0306231924317975,14,1,374897109
0.90436297275381,0.982336217230446,14,1,374897109
0.693125853645644,0.408402199298222,14,1,374897109
0.203446233209195,0.593423017110148,14,1,374897109
0.529821081932036,0.507367701311919,14,1,374897109
0.413998783156212,0.330344156553824,14,1,374897109
0.239034397555855,0.350240137138887,14,1,374897109
0.549454485715735,0.724174715694367,14,1,374897109
0.123281245582505,0.35224678114766,14,1,374897109
0.916906967844788,0.198729951910527,14,1,374897109
0.364392414753459,0.356747053886642,14,1,374897109
0.124433069162037,0.620324781197329,14,1,374897109
0.99031000940408,0.948159672017913,14,1,374897109
0.335998601280647,0.0755293618826673,14,1,374897109
0.541751465045761,0.655703165754193,14,1,374897109
0.956042192882461,0.520888931689942,14,1,374897109
0.230843277616019,0.549380783501943,14,1,374897109
0.259843243278765,0.665152666006522,14,1,374897109
0.511985999064204,0.862807987932281,14,1,374897109
0.13591567783703,0.015074756273016,14,1,374897109
0.49251188327576,0.736974899902571,14,1,374897109
0.0798953334643757,0.152892799501473,14,1,374897109
0.241200600191837,0.818161855772285,14,1,374897109
0.745908322092747,0.663772429061728,14,1,374897109
0.278775608814143,0.00140808511134516,14,1,374897109
0.663485873722702,0.780542890805492,14,1,374897109
0.212224947987931,0.250888674045982,14,1,374897109
0.880319367451811,0.459617352614023,14,1,374897109
0.502765059313742,0.403816191171756,14,1,374897109
0.160895789449776,0.865598049354983,14,1,374897109
0.360493775955321,0.113329911517463,14,1,374897109
0.0798501847073829,0.257759939939819,14,1,374897109
0.590110822210074,0.820192516828484,14,1,374897109
0.554891723141135,0.834208529843736,14,1,374897109
0.182947253066637,0.391280704741678,14,1,374897109
0.544415103711091,0.659064417718326,14,1,374897109
0.0372828246125261,0.293726059272258,14,1,374897109
0.755787653233846,0.223169236351473,14,1,374897109
0.308640670746483,0.205977295755947,14,1,374897109
0.825895157760052,0.531711400968435,14,1,374897109
0.996816265447539,0.484989581503423,14,1,374897109
0.338667655140325,0.684697217320543,14,1,374897109
0.978615090799143,0.704151511018648,14,1,374897109
0.889797227407221,0.600636610422873,14,1,374897109
0.340139087353691,0.372379259895027,14,1,374897109
0.268464838992388,0.43760222169451,14,1,374897109
0.261433959996302,0.342001131252326,14,1,374897109
0.805728232165754,0.413320471496896,14,1,374897109
0.506670358892304,0.540283497580211,14,1,374897109
0.925407372618306,0.640395361123864,14,1,374897109
0.118093814080479,0.23806344977012,14,1,374897109
0.799845227763027,0.917611198433261,14,1,374897109
0.126846329915923,0.209697476021534,14,1,374897109
0.887226581755117,0.291356455490312,14,1,374897109
0.929195210743056,0.0896238329821863,14,1,374897109
0.425883857783284,0.120172487553767,14,1,374897109
0.738931482422991,0.585148662526302,14,1,374897109
0.447998203526077,0.638622686594799,14,1,374897109
0.78424792906697,0.942133925394848,14,1,374897109
0.168540195808954,0.7557703353873,14,1,374897109
0.174129183934851,0.203210900036685,14,1,374897109
0.451173438764933,0.139826384679785,14,1,374897109
0.334552318220099,0.936745717467478,14,1,374897109
0.0199404773990972,0.893245827886138,14,1,374897109
0.49857196253255,0.109963169853396,14,1,374897109
0.0817483583354015,0.44776811828672,14,1,374897109
0.217190620047228,0.580534863856843,14,1,374897109
0.795041707286692,0.917112364116801,14,1,374897109
0.894239765874425,0.562547499536821,14,1,374897109
0.647068508015514,0.134000832988174,14,1,374897109
0.474591628042626,0.189349143021325,14,1,374897109
0.335569278254665,0.0871924162380902,14,1,374897109
0.888434069649153,0.836189962499601,14,1,374897109
0.0538761449917085,0.852459483622559,14,1,374897109
0.187854115406947,0.733476343096173,14,1,374897109
0.283895273137465,0.61840412716696,14,1,374897109
0.506849149374434,0.000802297059120605,14,1,374897109
0.126201313836581,0.952286933043919,14,1,374897109
0.955024268027496,0.710630322826477,14,1,374897109
0.340837841478777,0.178085429165132,14,1,374897109
0.423043260925404,0.540260700471883,14,1,374897109
0.162486466721778,0.782667261061913,14,1,374897109
0.376447422363745,0.831472265894365,14,1,374897109
0.965289448376135,0.0459126022035199,14,1,374897109
0.033391744007587,0.149673348818899,14,1,374897109
0.578343485173039,0.0417396328905704,14,1,374897109
0.530408031976912,0.0831283493120838,14,1,374897109
0.356521155194559,0.973562149916355,14,1,374897109
0.117662941056379,0.934357084371088,14,1,374897109
0.475340091219015,0.769662268239944,14,1,374897109
0.79096384210599,0.888523259960721,14,1,374897109
0.70492161350608,0.532504405405986,14,1,374897109
0.973066682073189,0.539000976197364,14,1,374897109
0.763503691742802,0.839240513066487,14,1,374897109
0.369036000007998,0.508580246194404,14,1,374897109
0.83738512968235,0.672949455726211,14,1,374897109
0.630114244569055,0.805670639012157,14,1,374897109
0.923173126734733,0.253989902582132,14,1,374897109
0.529951191816126,0.718937186247425,14,1,374897109
0.889958163116489,0.808819810821952,14,1,374897109
0.155625443252869,0.287790997309506,14,1,374897109
0.451106482111258,0.892406132750806,14,1,374897109
0.313853688039352,0.96667731919646,14,1,374897109
0.159528426144979,0.3563445203475,14,1,374897109
0.336055757483856,0.876188927099053,14,1,374897109
0.961635596719502,0.785379547010365,14,1,374897109
0.450114657036276,0.219441006867712,14,1,374897109
0.326371304563047,0.766300787393495,14,1,374897109
0.149733081891778,0.931669984809672,14,1,374897109
0.665875433900774,0.183614716926706,14,1,374897109
0.182748745368824,0.337179729690773,14,1,374897109
0.725248015614555,0.309092898819225,14,1,374897109
0.36468382503948,0.354359325512583,14,1,374897109
0.222669035001377,0.583858010220001,14,1,374897109
0.188700470911139,0.808792876341068,14,1,374897109
0.310701173328908,0.647363088015638,14,1,374897109
0.39884913462213,0.131870403502774,14,1,374897109
0.338637378277881,0.0590517543179232,14,1,374897109
0.0971790293374486,0.044071222288764,14,1,374897109
0.569253776768097,0.887701452416821,14,1,374897109
0.720576517474882,0.162598993848297,14,1,374897109
0.508568666866083,0.474136531662122,14,1,374897109
0.824967731849982,0.895899885277641,14,1,374897109
0.172250260798081,0.063463839349992,14,1,374897109
0.881045662201859,0.899675474138657,14,1,374897109
0.380742184021081,0.693420497730554,14,1,374897109
0.911661196379242,0.087486650039482,14,1,374897109
0.575023386189389,0.0413440702452093,14,1,374897109
0.429196624761958,0.635174931123907,14,1,374897109
0.385295207291132,0.568283955925009,14,1,374897109
0.86931044446995,0.678612553387842,14,1,374897109
0.405155649449495,0.593882163611458,14,1,374897109
0.310018801591447,0.834356368280599,14,1,374897109
0.607110723406236,0.868018297522207,14,1,374897109
0.664456884662503,0.0391980301971131,14,1,374897109
0.218857459454735,0.106855495209545,14,1,374897109
0.248308795355794,0.916375131865468,14,1,374897109
0.152399921768013,0.478454712008798,14,1,374897109
0.415024129819345,0.492401984889427,14,1,374897109
0.856851229727264,0.309964883542511,14,1,374897109
0.744508887431816,0.394990773126084,14,1,374897109
