0.526939338129071,0.0773905972509827,14,1,374897109
0.262232916572484,0.0366597801537394,14,1,374897109
0.774859838742981,0.629056836676205,14,1,374897109
0.00624937761339739,0.387235171277073,14,1,374897109
0.0842017157194466,0.372482115892014,14,1,374897109
0.872361014945776,0.262117572730001,14,1,374897109
0.38421578260684,0.885114546317318,14,1,374897109
0.754266360655808,0.62264552130494,14,1,374897109
0.92805574850096,0.939242674574841,14,1,374897109
0.5714884805658,0.505661415724209,14,1,374897109
0.693899988544126,0.164996721379656,14,1,374897109
0.150114217629349,0.914595453803367,14,1,374897109
0.289257457484664,0.820096151289377,14,1,374897109
0.749978097667122,0.10455735842291,14,1,374897109
0.35709298465489,0.991539467151005,14,1,374897109
0.937887106919227,0.116108002478412,14,1,374897109
0.706003281319829,0.206778187744714,14,1,374897109
0.360497568269581,0.399797920562674,14,1,374897109
0.275186441541032,0.467413147909155,14,1,374897109
0.600995316907818,0.98503334940207,14,1,374897109
0.696088868095795,0.409119355152908,14,1,374897109
0.514027145769389,0.00495623694116798,14,1,374897109
0.7111594471506,0.345164608345026,14,1,374897109
0.316029248280511,0.26048213349672,14,1,374897109
0.519678624999423,0.354998550458932,14,1,374897109
0.816082617800629,0.189691230256493,14,1,374897109
0.608098263591826,0.637162832142232,14,1,374897109
0.122126472438909,0.471153167898974,14,1,374897109
0.225268557938782,0.979584822052025,14,1,374897109
0.947067848091502,0.0126357742203886,14,1,374897109
0.935484865263072,0.837136883715054,14,1,374897109
0.535681757464464,0.863483054248191,14,1,374897109
0.476678571606151,0.250464931679589,14,1,374897109
0.207102069263721,0.679844476759983,14,1,374897109
0.790528842333322,0.657284613457291,14,1,374897109
0.643754410164846,0.693956960576163,14,1,374897109
0.247280332892884,0.998070610955712,14,1,374897109
0.758511417904355,0.0929047139777657,14,1,374897109
0.703033938049971,0.133168897198519,14,1,374897109
0.614534763361812,0.950127252655908,14,1,374897109
0.594758723624213,0.11038071496073,14,1,374897109
0.98888673717008,0.0802776460763108,14,1,374897109
0.186523609819076,0.68555611870378,14,1,374897109
0.893201653716019,0.73895421826502,14,1,374897109
0.931574179605009,0.0728525050126825,14,1,374897109
0.0645623544661793,0.707435149492643,14,1,374897109
0.262391579237976,0.48242171325554,14,1,374897109
0.30965146003218,0.786252626896398,14,1,374897109
0.882836647288326,0.293105856334749,14,1,374897109
0.220259272277216,0.573160871755863,14,1,374897109
0.147578231664267,0.681465531209511,14,1,374897109
0.457121768472475,0.0958703597636807,14,1,374897109
0.828987645927471,0.273250607512171,14,1,374897109
0.466462114323843,0.000945935909697937,14,1,374897109
0.757053723586718,0.882918208619615,14,1,374897109
0.34215608978796,0.545231530426056,14,1,374897109
0.0264059245903117,0.962868070115859,14,1,374897109
0.100823267062568,0.397963515524989,14,1,374897109
0.248548483827784,0.558650411890054,14,1,374897109
0.631928076577846,0.79710273434428,14,1,374897109
0.227113792577728,0.273074988912591,14,1,374897109
0.526776357240216,0.159995647096872,14,1,374897109
0.434410337095414,0.412772732903333,14,1,374897109
0.900844867339819,0.642874770538305,14,1,374897109
0.308733716595456,0.61641542585079,14,1,374897109
0.106424882070001,0.157566568239764,14,1,374897109
0.97282472316586,0.701091039390589,14,1,374897109
0.952475857411856,0.432079299073433,14,1,374897109
0.571984518235752,0.700124621451988,14,1,374897109
0.292666605358423,0.922006062555766,14,1,374897109
0.34027152376622,0.447972287350122,14,1,374897109
0.623799748761243,0.267007275572834,14,1,374897109
0.839843610914749,0.746794925724074,14,1,374897109
0.179374654203117,0.46519285329499,14,1,374897109
0.698589033959568,0.524657091861925,14,1,374897109
0.36782631344551,0.285813373593874,14,1,374897109
0.534184720247031,0.0144408913471152,14,1,374897109
0.285344385808757,0.273403110907064,14,1,374897109
0.823591428988516,0.659286229660459,14,1,374897109
0.311889603606077,0.426720787112296,14,1,374897109
0.2539748193331,0.719769880309666,14,1,374897109
0.101065786935432,0.850597470183509,14,1,374897109
0.239326237237382,0.780734474109329,14,1,374897109
0.0337785730996267,0.934131943619874,14,1,374897109
0.667317238196975,0.963510134810192,14,1,374897109
0.93399474811442,0.503541008461398,14,1,374897109
0.0950034103998287,0.363590939429844,14,1,374897109
0.11558870037263,0.571758633127473,14,1,374897109
0.666990783355806,0.988952744361013,14,1,374897109
0.601175683618864,0.0426456836781517,14,1,374897109
0.660589502041389,0.893297438574127,14,1,374897109
0.33134078956777,0.868316617879077,14,1,374897109
0.0786379878549459,0.896890505861445,14,1,374897109
0.719616385218438,0.55747563592292,14,1,374897109
0.522398345469229,0.642335711879062,14,1,374897109
0.12098940220889,0.220765677725352,14,1,374897109
0.851670448482518,0.332203060948325,14,1,374897109
0.938489819351111,0.834629371031154,14,1,374897109
0.16726937051515,0.521291447978436,14,1,374897109
0.125917693307034,0.459185828503203,14,1,374897109
0.738569802270583,0.893255169733221,14,1,374897109
0.236503638712438,0.683775613273602,14,1,374897109
0.353681952212654,0.385229636768873,14,1,374897109
0.224469296657144,0.861234913856966,14,1,374897109
0.74227105191255,0.796073509438528,14,1,374897109
0.354254086297878,0.303946271027377,14,1,374897109
0.261951057203643,0.506849215413362,14,1,374897109
0.368358911695718,0.962963126911386,14,1,374897109
0.0886646060921421,0.769727984847627,14,1,374897109
0.375276940526948,0.579866218535676,14,1,374897109
0.352104054735789,0.68782869075629,14,1,374897109
0.991620576169055,0.562506162789715,14,1,374897109
0.271606766347056,0.597258939758973,14,1,374897109
0.368291089155506,0.0913248109837814,14,1,374897109
0.359935495097217,0.706993866490587,14,1,374897109
0.680243342719924,0.330719989715005,14,1,374897109
0.688319582621137,0.991659127425262,14,1,374897109
0.569059270392559,0.703647792695299,14,1,374897109
0.775621815832172,0.623158928917816,14,1,374897109
0.541873075879409,0.382678993772161,14,1,374897109
0.181989187485361,0.851412481880163,14,1,374897109
0.847442811391071,0.457292336224526,14,1,374897109
0.0596318531209497,0.19014759529448,14,1,374897109
0.253216972489017,0.402405454211272,14,1,374897109
0.170399577897338,0.176529278074594,14,1,374897109
0.154494636080879,0.645483733759618,14,1,374897109
0.00492859684380154,0.461220464327706,14,1,374897109
0.898303797072146,0.67068448165679,14,1,374897109
0.392580107143681,0.562781791628412,14,1,374897109
0.831862296426139,0.55723197263175,14,1,374897109
0.257522069173589,0.0190705068420058,14,1,374897109
0.636594753322575,0.99339400715568,14,1,374897109
0.0392522514634388,0.240760771060094,14,1,374897109
0.0167604041077416,0.971207432636155,14,1,374897109
0.679292682203032,0.411915354594258,14,1,374897109
0.0592440730356654,0.332475729526541,14,1,374897109
0.340290294342153,0.952407242526928,14,1,374897109
0.865596605304232,0.694661904446488,14,1,374897109
0.391938284903102,0.29446963456296,14,1,374897109
0.351351764585991,0.331191051978216,14,1,374897109
0.688682474486751,0.15067318691552,14,1,374897109
0.622808893655049,0.492525788967634,14,1,374897109
0.297534322925602,0.208183291455958,14,1,374897109
0.034789370825683,0.0134837576571405,14,1,374897109
0.331172457826109,0.239707505202812,14,1,374897109
0.308758657945289,0.623379991842947,14,1,374897109
0.179933939695483,0.694399232122296,14,1,374897109
0.543305412560555,0.330320920300537,14,1,374897109
0.162368991708956,0.135858351895307,14,1,374897109
0.00250868198424481,0.679448408018835,14,1,374897109
0.478361764827992,0.00792253584265357,14,1,374897109
0.785294607671466,0.129310938818014,14,1,374897109
0.889311317248939,0.0944576953792635,14,1,374897109
0.68791464762871,0.358850355554111,14,1,374897109
0.380927936646199,0.198308043824166,14,1,374897109
0.498758221631569,0.796522180450727,14,1,374897109
0.118132595414264,0.522746474342478,14,1,374897109
0.0335165254231971,0.0281748353432816,14,1,374897109
0.941886337988552,0.00716391001909944,14,1,374897109
0.58843364558909,0.759965229719869,14,1,374897109
0.479917648175271,0.295472193269752,14,1,374897109
0.465241845062704,0.81388654849473,14,1,374897109
0.86871525349885,0.566818471863002,14,1,374897109
0.346899377944071,0.276792768140619,14,1,374897109
0.533336727128453,0.765874899850123,14,1,374897109
0.361364911147019,0.80879015937837,14,1,374897109
0.24948540951862,0.389261300240068,14,1,374897109
0.723594265473079,0.852054197094466,14,1,374897109
0.552448255143397,0.820863842431471,14,1,374897109
0.691404725050653,0.160759701017046,14,1,374897109
0.520329288665563,0.925073897749998,14,1,374897109
0.0376700578541511,0.262798660929686,14,1,374897109
0.00527178341521983,0.146898730126198,14,1,374897109
0.572950184745634,0.326454675579347,14,1,374897109
0.409835284472067,0.00542888750468196,14,1,374897109
0.315811226798377,0.425455530616375,14,1,374897109
0.942051137813508,0.697434890259976,14,1,374897109
0.415377111395618,0.281498210434358,14,1,374897109
0.0911014855872765,0.909184873626369,14,1,374897109
0.202380864860809,0.154593063751697,14,1,374897109
0.972844123561615,0.828499328397009,14,1,374897109
0.290545222727389,0.699491663961366,14,1,374897109
0.217308992553285,0.378178679579611,14,1,374897109
0.298092010801938,0.0438329803408841,14,1,374897109
0.411871341737984,0.195573952737654,14,1,374897109
0.391185872749582,0.245079679562593,14,1,374897109
0.146024463207528,0.165375995840488,14,1,374897109
0.972472949413631,0.368421060934023,14,1,374897109
0.764313231273282,0.723826133293544,14,1,374897109
0.875078676173823,0.0700128467135599,14,1,374897109
0.621392863055104,0.790190354330542,14,1,374897109
0.337164711208997,0.0484613122306743,14,1,374897109
0.301272540107512,0.581574070859529,14,1,374897109
0.202803419455236,0.904670228827287,14,1,374897109
0.950956251059943,0.365826149545396,14,1,374897109
0.796119969376189,0.435643879105026,14,1,374897109
0.592434390323059,0.519865751352862,14,1,374897109
0.595321496165624,0.689545151814801,14,1,374897109
0.265652654667726,0.831578957912697,14,1,374897109
0.390583716228099,0.251716373545833,14,1,374897109
0.142809129548106,0.0187779417904637,14,1,374897109
0.0368073705769911,0.323230877203727,14,1,374897109
0.706090660362058,0.801462379382088,14,1,374897109
0.00132175673099955,0.507670901479693,14,1,374897109
0.494224881714362,0.721837547783753,14,1,374897109
0.96109191088283,0.0950980648011872,14,1,374897109
0.649928097276939,0.318108811378508,14,1,374897109
0.662206182884965,0.114693145692685,14,1,374897109
0.938327251895887,0.705236345592999,14,1,374897109
0.906387437996934,0.530517205292669,14,1,374897109
0.840325671707258,0.76056713005734,14,1,374897109
0.838823493698511,0.598132082637246,14,1,374897109
0.568374696880885,0.124875089288397,14,1,374897109
0.669281913340902,0.665914264480158,14,1,374897109
0.37296943639384,0.596422397388332,14,1,374897109
0.299856856621592,0.316182245146235,14,1,374897109
0.594382202628128,0.677858107627819,14,1,374897109
0.508524511013791,0.350264783426571,14,1,374897109
0.244429895031286,0.271088779121034,14,1,374897109
0.693746736181838,0.868949484077584,14,1,374897109
0.302047675291088,0.00536705202259236,14,1,374897109
0.396618268038033,0.332837923436998,14,1,374897109
0.590515258688662,0.0730002754248087,14,1,374897109
0.56238086462377,0.868216733898406,14,1,374897109
0.186005963167198,0.523686960519822,14,1,374897109
0.429194384307233,0.2026771890672,14,1,374897109
0.0395038666956493,0.806950416147133,14,1,374897109
0.767072738322533,0.40226120213522,14,1,374897109
0.467612016934645,0.123549654000155,14,1,374897109
0.0364318685469325,0.207183772729756,14,1,374897109
0.680890845237607,0.236600642832444,14,1,374897109
0.990700244652045,0.437034604471753,14,1,374897109
0.97232891445779,0.864340919510706,14,1,374897109
0.154298838213316,0.156544035433282,14,1,374897109
0.61896387663421,0.924032559872659,14,1,374897109
0.706714046751039,0.935419662555414,14,1,374897109
0.580583679487179,0.810672126424431,14,1,374897109
0.289679661234284,0.738927508315397,14,1,374897109
0.926501385537509,0.84425242651423,14,1,374897109
0.604585281456236,0.521853718469824,14,1,374897109
0.727967959143662,0.894114207179854,14,1,374897109
0.834891849760682,0.17670376211145,14,1,374897109
0.952685609688779,0.0170330825487748,14,1,374897109
0.231489344878581,0.579551839892699,14,1,374897109
0.773462998926076,0.322314165950146,14,1,374897109
0.675366181719117,0.860429287561612,14,1,374897109
0.619416567419368,0.266545334723173,14,1,374897109
0.00088027895015319,0.982543063065006,14,1,374897109
0.310141684177414,0.649751632701504,14,1,374897109
0.198998695158619,0.926828657155528,14,1,374897109
0.879619328376174,0.316456706317124,14,1,374897109
0.857794859302679,0.304816765200586,14,1,374897109
0.264373003296344,0.874715791974704,14,1,374897109
0.718510546138418,0.126325064661783,14,1,374897109
0.097781654272679,0.183700197280856,14,1,374897109
0.813765544283414,0.162923458022942,14,1,374897109
0.80039594527933,0.141753724818057,14,1,374897109
0.781713810937128,0.0267234581332891,14,1,374897109
0.292981803947851,0.455178969601459,14,1,374897109
0.12836173794165,0.615737321533541,14,1,374897109
0.170180032076476,0.19076240131942,14,1,374897109
0.318113268968603,0.662688153126998,14,1,374897109
0.670078539073001,0.182885506101276,14,1,374897109
0.819103606930882,0.863844833827914,14,1,374897109
0.439991812220883,0.36285939642904,14,1,374897109
0.271921803034976,0.838983379679886,14,1,374897109
0.716144836576542,0.771317760673537,14,1,374897109
0.289853582887388,0.0202757182459072,14,1,374897109
0.761510806561011,0.568056797834262,14,1,374897109
0.330501877305942,0.0648325696669305,14,1,374897109
0.386937608942555,0.67132745614339,14,1,374897109
0.416846349513177,0.712025563721336,14,1,374897109
0.0510159878355863,0.414472682972705,14,1,374897109
0.840836110170759,0.187914781239806,14,1,374897109
0.51270551500096,0.840162937049217,14,1,374897109
0.416172114138225,0.838219580241145,14,1,374897109
0.476112489184528,0.743065683443533,14,1,374897109
0.469342420021457,0.990713829063673,14,1,374897109
0.0356471684374844,0.0683777728704942,14,1,374897109
0.925969220387191,0.486819506900429,14,1,374897109
0.0345171706435603,0.645559524672537,14,1,374897109
0.662447385328846,0.746894503816914,14,1,374897109
0.0147075063208189,0.328977307488181,14,1,374897109
0.619814078875678,0.649572996935654,14,1,374897109
0.473389788212065,0.993569931247716,14,1,374897109
0.170906286768701,0.860724828499862,14,1,374897109
0.438744731413208,0.222429341197904,14,1,374897109
0.217031028850158,0.785208267558077,14,1,374897109
0.473848654135503,0.366754898018222,14,1,374897109
0.609926312308984,0.856596340843485,14,1,374897109
0.82294718474648,0.328683026614333,14,1,374897109
0.21824176489354,0.114354160631104,14,1,374897109
0.340118599352201,0.37029292407964,14,1,374897109
0.533324228007007,0.153438976645536,14,1,374897109
0.880686217917172,0.753419330919431,14,1,374897109
0.860037392508009,0.950028278478316,14,1,374897109
0.744265777637224,0.700160285830213,14,1,374897109
0.0348452132169914,0.799320186704609,14,1,374897109
0.299530486363858,0.868983262493901,14,1,374897109
0.595207388140807,0.812001875229963,14,1,374897109
0.692226812089869,0.548970283174036,14,1,374897109
0.0567167513269888,0.680730079137001,14,1,374897109
0.342546978169913,0.318790808423826,14,1,374897109
0.389577766311482,0.275892875146858,14,1,374897109
0.393082357509646,0.687712005799041,14,1,374897109
0.101331030597274,0.389651373307275,14,1,374897109
0.914937342140234,0.188869246739603,14,1,374897109
0.948652543632712,0.920794088814404,14,1,374897109
0.795677016866355,0.459690340779546,14,1,374897109
0.219145338079016,0.987747693747727,14,1,374897109
0.498492156013859,0.25888017237014,14,1,374897109
0.316358242159876,0.560077692325049,14,1,374897109
0.907361060998991,0.286607082851302,14,1,374897109
0.427586876819722,0.125428653824613,14,1,374897109
0.720799218984474,0.881319330173663,14,1,374897109
0.866950179331102,0.858525222776243,14,1,374897109
0.92042876499301,0.554450499323077,14,1,374897109
0.740932666867448,0.90975539119832,14,1,374897109
0.585453500286598,0.986393622472005,14,1,374897109
0.276331333531603,0.454062380009008,14,1,374897109
0.906228754260869,0.620474065108773,14,1,374897109
0.129303229658561,0.51551531812654,14,1,374897109
0.365491367805903,0.364760306508911,14,1,374897109
0.401564213593167,0.75621250889268,14,1,374897109
0.200913785193773,0.894956962145816,14,1,374897109
0.745622866577134,0.956384654944661,14,1,374897109
0.732666178963878,0.649237508012527,14,1,374897109
0.0938164677798214,0.86487827372081,14,1,374897109
0.825646383631235,0.950646358346579,14,1,374897109
0.834881096652993,0.710045996854655,14,1,374897109
0.629903906557034,0.9185024788833,14,1,374897109
0.87259577608613,0.163509738117909,14,1,374897109
0.101123616760428,0.72591306601585,14,1,374897109
0.87343767740281,0.791278393827914,14,1,374897109
0.408925645509543,0.742403288552648,14,1,374897109
0.260604571268344,0.445859108944345,14,1,374897109
0.805933155941977,0.351635404651699,14,1,374897109
0.208559095662022,0.0655228909306036,14,1,374897109
0.54277157466952,0.070554363833284,14,1,374897109
0.74579436315386,0.985016611211632,14,1,374897109
0.457904130179272,0.495843883214095,14,1,374897109
0.669163546761483,0.652190047515599,14,1,374897109
0.652515828653611,0.0273915409072245,14,1,374897109
0.0983841716341187,0.597869912779566,14,1,374897109
0.908248228318979,0.356640270902146,14,1,374897109
0.101023759292865,0.390458408001627,14,1,374897109
0.383742451835457,0.71284215697921,14,1,374897109
0.240226322896836,0.846670679622069,14,1,374897109
0.736043947221823,0.241132469582221,14,1,374897109
0.782304395491635,0.454920804215036,14,1,374897109
0.429992963730144,0.918322337935622,14,1,374897109
0.980349026433583,0.0697350930067611,14,1,374897109
0.988539887970068,0.0467156307230248,14,1,374897109
0.0784016528050815,0.45886123682912,14,1,374897109
0.138857367337081,0.713612757064739,14,1,374897109
0.973408684456074,0.331091543866957,14,1,374897109
0.271991086853529,0.182872074058456,14,1,374897109
0.898981194767496,0.498898713970954,14,1,374897109
0.100784324729542,0.537394353851215,14,1,374897109
0.543162786833508,0.385370556951614,14,1,374897109
0.38384231321839,0.351670459456631,14,1,374897109
0.536989435367971,0.224693796637548,14,1,374897109
0.126228461170359,0.135288285482844,14,1,374897109
0.75102819382957,0.688014695651675,14,1,374897109
0.550342024170329,0.883977935508235,14,1,374897109
0.504861856360239,0.00922857846895253,14,1,374897109
0.0432395693222367,0.631817154302607,14,1,374897109
0.00995274746851749,0.796756983359545,14,1,374897109
0.426583760794528,0.453053291089115,14,1,374897109
0.599116578351724,0.785485989421311,14,1,374897109
0.40224013436929,0.00392617091726155,14,1,374897109
0.998650973373237,0.13378284564932,14,1,374897109
0.241242380906752,0.105563216649379,14,1,374897109
0.822689199838866,0.321182089551585,14,1,374897109
0.764875840857217,0.866268702136258,14,1,374897109
0.31491169647447,0.598135066191445,14,1,374897109
0.498570131425093,0.0743910421901086,14,1,374897109
0.433883817031439,0.246929949356682,14,1,374897109
0.479390288401667,0.962506878227749,14,1,374897109
0.802126877692136,0.122633604663438,14,1,374897109
0.258780712977403,0.898293086023675,14,1,374897109
0.655784024228007,0.82664685270182,14,1,374897109
0.911547827040251,0.976021015660326,14,1,374897109
0.86221017583328,0.251160665429659,14,1,374897109
0.265080757128842,0.813826074849585,14,1,374897109
0.947619568991667,0.216990412270051,14,1,374897109
0.338224624985373,0.99431889861701,14,1,374897109
0.491489451427329,0.00876687622743644,14,1,374897109
0.261883773290412,0.0438989217094321,14,1,374897109
0.806732333980129,0.961424287261588,14,1,374897109
0.409031049610615,0.497498246818981,14,1,374897109
0.731805623029183,0.92126067615493,14,1,374897109
0.3047042237972,0.574980245745182,14,1,374897109
0.282317239443087,0.76229049623949,14,1,374897109
0.519982856378341,0.745743139903595,14,1,374897109
0.436490379024199,0.217647093816269,14,1,374897109
0.848707382990283,0.0352092527511072,14,1,374897109
0.269469324771439,0.126788294580333,14,1,374897109
0.618192579223322,0.329600343617213,14,1,374897109
0.272669830066765,0.826498408473596,14,1,374897109
0.0154322195549286,0.160888165909778,14,1,374897109
0.787746310949678,0.898349326236525,14,1,374897109
0.457133853910759,0.931521007787719,14,1,374897109
0.905395521396887,0.267215864147341,14,1,374897109
0.2534189540008,0.606492419246353,14,1,374897109
0.22424839258426,0.578577071988747,14,1,374897109
0.579496875293338,0.91011842636196,14,1,374897109
0.716233383369878,0.662640898000823,14,1,374897109
0.0511183162418338,0.320094621455511,14,1,374897109
0.336129060822181,0.633726455306165,14,1,374897109
0.819515064549744,0.918219363711464,14,1,374897109
0.677561009801307,0.0602545098715193,14,1,374897109
0.783947912543321,0.479362964250514,14,1,374897109
0.672661961385455,0.437132629378075,14,1,374897109
0.116158811012215,0.223568720909781,14,1,374897109
0.454234233094647,0.0561439250354279,14,1,374897109
0.912919189769113,0.0183164049933791,14,1,374897109
0.282868468371308,0.155080263732257,14,1,374897109
0.978076772288237,0.396858702033263,14,1,374897109
0.861439184534319,0.2137494649368,14,1,374897109
0.941685387148654,0.907598317534114,14,1,374897109
0.568445750612117,0.525384515202484,14,1,374897109
0.474474235414273,0.691269027726875,14,1,374897109
0.123835749492012,0.645734388549045,14,1,374897109
0.251546990833852,0.726259692789264,14,1,374897109
0.111572000765726,0.752048789195601,14,1,374897109
0.962644141443766,0.84575353872358,14,1,374897109
0.950187502579021,0.394837552948429,14,1,374897109
0.40814849804991,0.320803726416071,14,1,374897109
0.73853355264536,0.0796766802383995,14,1,374897109
0.407107352808591,0.688181350345202,14,1,374897109
0.93856648364271,0.549460795467031,14,1,374897109
0.248633660449767,0.928895721716931,14,1,374897109
0.0264270854502593,0.79349653570123,14,1,374897109
0.952112075073176,0.234369386046613,14,1,374897109
0.927985777155767,0.556529070867332,14,1,374897109
0.523093466865144,0.113717869788298,14,1,374897109
0.296399413729142,0.611150496799312,14,1,374897109
0.970892807865615,0.823884376000536,14,1,374897109
0.327325430430841,0.157135882659653,14,1,374897109
0.910934129017315,0.894701796382396,14,1,374897109
0.8963471546065,0.71582493427285,14,1,374897109
0.64478352174558,0.847733655334489,14,1,374897109
0.333614616454844,0.982954640028001,14,1,374897109
0.0343312382218111,0.249872438029755,14,1,374897109
0.318691277172324,0.7018541641298,14,1,374897109
0.685882055341568,0.811602243905704,14,1,374897109
0.866111073238502,0.266629695624421,14,1,374897109
0.263367438187458,0.694677601030908,14,1,374897109
0.942856782346634,0.423573587254376,14,1,374897109
0.439551383010452,0.657387530046497,14,1,374897109
0.037203997189498,0.0388019450767456,14,1,374897109
0.367289273461714,0.513597991597907,14,1,374897109
0.0758892831751101,0.172664264706706,14,1,374897109
0.612639885767852,0.202697164541512,14,1,374897109
0.607064722470471,0.608549891005091,14,1,374897109
0.0639891370851347,0.215981983937253,14,1,374897109
0.189923714420393,0.886499208375588,14,1,374897109
0.17664551256284,0.877252230599419,14,1,374897109
0.124833584259384,0.655140104218528,14,1,374897109
0.363163778881024,0.0539444868409547,14,1,374897109
0.5925978177216,0.934873196925898,14,1,374897109
0.984893698129206,0.966524600235146,14,1,374897109
0.807713163544851,0.397199449169587,14,1,374897109
0.326284255361456,0.0753237494469037,14,1,374897109
0.553478581141357,0.0108812593931189,14,1,374897109
0.211393377863721,0.744317261198205,14,1,374897109
0.478352281731506,0.346205791748404,14,1,374897109
0.581863774477032,0.166263238817711,14,1,374897109
0.60776901592773,0.29523449240716,14,1,374897109
0.184473334104301,0.251172063301907,14,1,374897109
0.50498745255496,0.361507808528729,14,1,374897109
0.141791612771209,0.174689208182232,14,1,374897109
0.648287955689919,0.371059062669147,14,1,374897109
0.991444921095609,0.937387755097261,14,1,374897109
0.275415577937935,0.0137475207599271,14,1,374897109
0.19751393433063,0.352364459935763,14,1,374897109
0.726503322860695,0.292779302720427,14,1,374897109
0.0580521395634301,0.662652022907516,14,1,374897109
0.770867951256397,0.921644091632817,14,1,374897109
0.245420132713196,0.872440627219871,14,1,374897109
0.792765901491946,0.432803528037242,14,1,374897109
0.862895837013497,0.880523338320965,14,1,374897109
0.746198388840011,0.248860023616193,14,1,374897109
0.234990952032872,0.262231212174308,14,1,374897109
0.904533770761588,0.380706993218868,14,1,374897109
0.448981497733675,0.428038757243101,14,1,374897109
0.727147949479465,0.820936502748024,14,1,374897109
0.872025131300936,0.719000826773772,14,1,374897109
0.919998374441971,0.295530919092645,14,1,374897109
0.793794051746283,0.980785331676178,14,1,374897109
0.363473303404217,0.158618055343249,14,1,374897109
0.720842946654436,0.873357807001654,14,1,374897109
0.157387051715164,0.681531575256288,14,1,374897109
0.866391312213554,0.809876090018835,14,1,374897109
0.116406155587764,0.38518833091895,14,1,374897109
0.68629613583023,0.512089346951743,14,1,374897109
0.0687191086920151,0.454591821452321,14,1,374897109
0.290336349995757,0.270052588126217,14,1,374897109
0.341849897137487,0.496888457694137,14,1,374897109
0.403137333901721,0.363908120774972,14,1,374897109
0.967141199773702,0.762185782955329,14,1,374897109
0.380931069632489,0.769941210080907,14,1,374897109
0.462644468007618,0.55831412246984,14,1,374897109
0.632464940426808,0.0797863157858254,14,1,374897109
0.858339603542768,0.526345463697956,14,1,374897109
0.200804804798135,0.560718663253396,14,1,374897109
0.0779858299166687,0.609487186549668,14,1,374897109
0.464804817020173,0.0620400120446591,14,1,374897109
0.84662202310681,0.970111540176011,14,1,374897109
0.127780121297141,0.0680951396690683,14,1,374897109
0.171601269534704,0.317472403279859,14,1,374897109
0.0656172170877092,0.531932542606269,14,1,374897109
0.416626432561391,0.439034577014545,14,1,374897109
0.249163565305363,0.23405855262526,14,1,374897109
0.4312962887667,0.993258972091768,14,1,374897109
0.921552854695207,0.0808139000915657,14,1,374897109
0.518357743818671,0.829136834727639,14,1,374897109
0.898486952437517,0.830665915458221,14,1,374897109
0.879783822390529,0.360868006840036,14,1,374897109
0.738879711359386,0.802867929571264,14,1,374897109
0.461388533974138,0.125699196436062,14,1,374897109
0.539707261537803,0.122725838848197,14,1,374897109
0.0837509420709903,0.124248152528694,14,1,374897109
0.160173438039398,0.303212722488174,14,1,374897109
0.465901449516401,0.94777296159799,14,1,374897109
0.774128249674741,0.0227032558467797,14,1,374897109
0.317955645012006,0.759004117725542,14,1,374897109
0.429222335555294,0.635119484261978,14,1,374897109
0.982155157280247,0.540802860239664,14,1,374897109
0.289645618578164,0.0471139869363304,14,1,374897109
0.305604525516562,0.949066848772421,14,1,374897109
0.1282845699501,0.0350940202430694,14,1,374897109
0.672951425297352,0.0749676988952448,14,1,374897109
0.516777260804744,0.797093960183091,14,1,374897109
0.0333397970435927,0.200705308530901,14,1,374897109
0.430906804677933,0.155164689938067,14,1,374897109
0.231899053605947,0.921437009367576,14,1,374897109
0.0320286317645473,0.648617051638195,14,1,374897109
0.829033183591107,0.310594540986734,14,1,374897109
0.666176351781316,0.38862634082014,14,1,374897109
0.424701986967739,0.312861736482409,14,1,374897109
0.934972223750968,0.600862736148982,14,1,374897109
0.516359271727973,0.313471197992057,14,1,374897109
0.024351161791357,0.0632247871898683,14,1,374897109
0.252900405931151,0.878454911480546,14,1,374897109
0.420363647806413,0.396757745564794,14,1,374897109
0.0796841770735912,0.746166540991515,14,1,374897109
0.150724412713078,0.649854203106736,14,1,374897109
0.755020926791099,0.471495836075621,14,1,374897109
0.702847893004304,0.584405961612757,14,1,374897109
0.862145477645908,0.943697522170157,14,1,374897109
0.418347597067209,0.23176411604536,14,1,374897109
0.730144256647889,0.934842916196423,14,1,374897109
0.96565285175594,0.535472523593217,14,1,374897109
0.292994564467161,0.354892145411573,14,1,374897109
0.0960383912002019,0.0168361956983549,14,1,374897109
0.716463115513472,0.890011093915123,14,1,374897109
0.679330839774332,0.22203082766701,14,1,374897109
0.382855581866539,0.123428026102859,14,1,374897109
0.729041005246695,0.896263629375163,14,1,374897109
0.63132807931828,0.340610606589402,14,1,374897109
0.503010019875099,0.917675314300579,14,1,374897109
0.173668754457496,0.837738171025555,14,1,374897109
0.862831354393273,0.254181469714997,14,1,374897109
0.696704481878347,0.029982486226392,14,1,374897109
0.224648224908291,0.416644199403104,14,1,374897109
0.872987623080774,0.94404299449636,14,1,374897109
0.977772648637944,0.296276841641555,14,1,374897109
0.0423434967752303,0.478123189832504,14,1,374897109
0.861673403377382,0.775866840356339,14,1,374897109
0.253936307588249,0.383044578072607,14,1,374897109
0.400645135610779,0.316831541350887,14,1,374897109
0.843171340783076,0.0436636398933654,14,1,374897109
0.397918158487598,0.948613843877076,14,1,374897109
0.267652854441636,0.633749786281895,14,1,374897109
0.0395875235113685,0.304092730509272,14,1,374897109
0.518477316571563,0.0382966862094962,14,1,374897109
0.860876275720253,0.716073229206754,14,1,374897109
0.17003600970574,0.194400850806047,14,1,374897109
0.804276427961329,0.240313139548061,14,1,374897109
0.452954084948412,0.794448861037165,14,1,374897109
0.827223504252558,0.64115262161687,14,1,374897109
0.433847526366082,0.593217372041859,14,1,374897109
0.240703573639903,0.405483945959539,14,1,374897109
0.340037361331701,0.466322782636433,14,1,374897109
0.172598847188318,0.282115509277475,14,1,374897109
0.61115599500669,0.989084565134003,14,1,374897109
0.147113693459719,0.527579811647617,14,1,374897109
0.120025930500265,0.832889836486638,14,1,374897109
0.442612239410953,0.860597422460248,14,1,374897109
0.818202780507038,0.671892843988772,14,1,374897109
0.814685143611053,0.00305074800249461,14,1,374897109
0.889967859524528,0.892472168145536,14,1,374897109
0.00157585029033935,0.268132785299243,14,1,374897109
0.990634063023622,0.209191336100061,14,1,374897109
0.749558134616308,0.485585978494628,14,1,374897109
0.325561370556391,0.164372484188401,14,1,374897109
0.27869692518543,0.501306236035724,14,1,374897109
0.618901930602753,0.469581907700396,14,1,374897109
0.541927613643645,0.855763780664502,14,1,374897109
0.344722107073419,0.173891990036015,14,1,374897109
0.721693431210152,0.924160437616526,14,1,374897109
0.766120263978893,0.28745032369171,14,1,374897109
0.572549386714748,0.831762340127713,14,1,374897109
0.64379994858232,0.17204402850497,14,1,374897109
0.683310238756226,0.0224152938312994,14,1,374897109
0.705163045310052,0.476688668649223,14,1,374897109
0.75753700658987,0.843189810771495,14,1,374897109
0.826401704004182,0.877720671229473,14,1,374897109
0.584614058193576,0.780914738783787,14,1,374897109
0.889816893336397,0.0234994200298646,14,1,374897109
0.683667295028409,0.564503576331476,14,1,374897109
0.233396544623105,0.460803702861803,14,1,374897109
0.381503523440915,0.390441293031262,14,1,374897109
0.586918304234517,0.222911419990391,14,1,374897109
0.587247977426296,0.766540696710891,14,1,374897109
0.677053331054981,0.34795805882655,14,1,374897109
0.565753175864231,0.625590070669636,14,1,374897109
0.530022113758179,0.466406584890693,14,1,374897109
0.519667138292392,0.842952298180323,14,1,374897109
0.348842513798318,0.231955382146017,14,1,374897109
0.118731655730704,0.496959389268539,14,1,374897109
0.959823815002656,0.0791912742167193,14,1,374897109
0.0386839507415422,0.994467409813039,14,1,374897109
0.194814230175836,0.361484847106741,14,1,374897109
0.712250027785595,0.654654607048632,14,1,374897109
0.436232439128641,0.739524452825548,14,1,374897109
0.848614571754082,0.728219279383515,14,1,374897109
0.713841276464703,0.140602822255826,14,1,374897109
0.639649193972494,0.736295853829032,14,1,374897109
0.470259092943495,0.894380848690407,14,1,374897109
0.974062257076969,0.0360319352116529,14,1,374897109
0.362591354246554,0.77771176467798,14,1,374897109
0.387576081482842,0.471819235502732,14,1,374897109
0.625705823444339,0.673369330976766,14,1,374897109
0.179874966473473,0.00648845121804875,14,1,374897109
0.099115538477101,0.088745526723919,14,1,374897109
0.287491944447346,0.869686399179138,14,1,374897109
0.40195957504476,0.33977803890668,14,1,374897109
0.972579750671591,0.880216696722914,14,1,374897109
0.774077166620335,0.0529491747268147,14,1,374897109
0.0975511409995695,0.60794763233518,14,1,374897109
0.789312739641597,0.590540446070318,14,1,374897109
0.216800601486512,0.6881568845973,14,1,374897109
0.515560487813612,0.130833019626595,14,1,374897109
0.111459942882861,0.989748567792506,14,1,374897109
0.85104488553628,0.252772798244718,14,1,374897109
0.431978109319706,0.582440789542689,14,1,374897109
0.987611291083725,0.976703003458305,14,1,374897109
0.753733929769421,0.210999242989666,14,1,374897109
0.0528900758563777,0.718307855364783,14,1,374897109
0.719513293444973,0.0526086868404354,14,1,374897109
0.432298111877337,0.298753455049582,14,1,374897109
0.622277227913562,0.403046025058403,14,1,374897109
0.0623090724189206,0.979787247309086,14,1,374897109
0.132548988061109,0.201256967655745,14,1,374897109
0.059437671621716,0.258037905412589,14,1,374897109
0.477164231306919,0.60744456296361,14,1,374897109
0.239299324121351,0.983120952217895,14,1,374897109
0.897291050261886,0.48920122999973,14,1,374897109
0.0614842153600794,0.591686864368115,14,1,374897109
0.195363111884512,0.855559032723942,14,1,374897109
0.997059978035582,0.0288054953441206,14,1,374897109
0.577631161922647,0.935810107972808,14,1,374897109
0.659636250369156,0.964800575809138,14,1,374897109
0.0537551886203556,0.569938180217648,14,1,374897109
0.754636376226038,0.582780397700788,14,1,374897109
0.365569015165057,0.313218119898812,14,1,374897109
0.561050069620768,0.830460808538205,14,1,374897109
0.435467546195103,0.999480198029155,14,1,374897109
0.105181388515106,0.372725870231205,14,1,374897109
0.67659315493802,0.873822597232155,14,1,374897109
0.474519903488846,0.0923093720388042,14,1,374897109
0.414574504998821,0.873383667219026,14,1,374897109
0.33774274320707,0.0603240135925374,14,1,374897109
0.760126566705999,0.358936595054817,14,1,374897109
0.543154932085781,0.549909805043531,14,1,374897109
0.224157723582655,0.253601681270628,14,1,374897109
0.307643692600324,0.907319790767362,14,1,374897109
0.60994524874286,0.929710653026343,14,1,374897109
0.63861333104574,0.992056542169571,14,1,374897109
0.995953656577253,0.596004895533886,14,1,374897109
0.455445801771568,0.367564262741779,14,1,374897109
0.500718542300741,0.446778287924985,14,1,374897109
0.143699808446923,0.24528092988836,14,1,374897109
0.0375330636196507,0.972974918799649,14,1,374897109
0.653046289689306,0.221342006122405,14,1,374897109
0.702995751637412,0.455512979164014,14,1,374897109
0.602479235945721,0.379786625038184,14,1,374897109
0.52255203488356,0.831315622147982,14,1,374897109
0.733408450238546,0.584527880390123,14,1,374897109
0.290806375659828,0.458427514439347,14,1,374897109
0.791774440263613,0.192555194617341,14,1,374897109
0.519211096257041,0.572366679564222,14,1,374897109
0.398757089333128,0.303451190306331,14,1,374897109
0.611687451239831,0.287886329989435,14,1,374897109
0.975873789638804,0.223367239276864,14,1,374897109
0.0767027121867168,0.295098019480712,14,1,374897109
0.0601980928079784,0.398496454980781,14,1,374897109
0.175726375699301,0.195016296604519,14,1,374897109
0.0877510654410438,0.904643333044439,14,1,374897109
0.657880789572786,0.489504272309961,14,1,374897109
0.753388850535832,0.0935635848814416,14,1,374897109
0.15752203642444,0.93062036748712,14,1,374897109
0.352333898544964,0.0555265608732678,14,1,374897109
0.0476247962709007,0.147703131608692,14,1,374897109
0.419145328261598,0.488101494241989,14,1,374897109
0.639870747365605,0.722843765402076,14,1,374897109
0.876626250254223,0.370047396974696,14,1,374897109
0.831882104163906,0.348356571629288,14,1,374897109
0.577141441845443,0.938663670952128,14,1,374897109
0.601108455692082,0.0969179056011047,14,1,374897109
0.544026346106445,0.998671095174795,14,1,374897109
0.969583997445712,0.247984517883926,14,1,374897109
0.648376598638867,0.00239799480585567,14,1,374897109
0.636286141368622,0.121742508953932,14,1,374897109
0.498994929292218,0.363126338211873,14,1,374897109
0.476739531120935,0.689444689751921,14,1,374897109
0.135489958246654,0.264400807455802,14,1,374897109
0.466215361658028,0.355881505475291,14,1,374897109
0.265845903620227,0.194799110018228,14,1,374897109
0.477941085498927,0.982170547926367,14,1,374897109
0.21525733106042,0.631307412182539,14,1,374897109
0.204032107755865,0.835493835306394,14,1,374897109
0.447108351820836,0.375746187931044,14,1,374897109
0.429505183347635,0.378936806543155,14,1,374897109
0.0730830142938088,0.292997309011909,14,1,374897109
0.253860374540678,0.0096072543931891,14,1,374897109
0.903311368404836,0.647089278926509,14,1,374897109
0.021675018338853,0.361346901937157,14,1,374897109
0.853398147695234,0.804471733378674,14,1,374897109
0.0492684799627503,0.297856083739662,14,1,374897109
0.572843677442004,0.355876195554129,14,1,374897109
0.610475055259381,0.897014018685692,14,1,374897109
0.79424342416817,0.07151689761451,14,1,374897109
0.404138268182088,0.123373812631956,14,1,374897109
0.219737743643477,0.770207890035067,14,1,374897109
0.643142277144312,0.968468636003719,14,1,374897109
0.516266897765757,0.0261205716421875,14,1,374897109
0.0743160846651696,0.844834566184591,14,1,374897109
0.823611999052884,0.0941959138592876,14,1,374897109
0.749331550212144,0.610431834616021,14,1,374897109
0.62439608198193,0.981767008816847,14,1,374897109
0.688484229975399,0.769027267318268,14,1,374897109
0.00899312226633064,0.158206306499409,14,1,374897109
0.219413672028542,0.453566754592587,14,1,374897109
0.969350938313891,0.403447778039938,14,1,374897109
0.293920695446956,0.404621408908044,14,1,374897109
0.164327400623513,0.635961274959698,14,1,374897109
0.987552495696741,0.512295318686153,14,1,374897109
0.607391463297746,0.944651728112224,14,1,374897109
0.234108503808498,0.739373104255074,14,1,374897109
0.395982619237605,0.398098030156237,14,1,374897109
0.723500436381221,0.943883187500134,14,1,374897109
0.413106650562738,0.30707890180321,14,1,374897109
0.204739604512188,0.870265400553773,14,1,374897109
0.899683992566204,0.675969990313052,14,1,374897109
0.681814795413804,0.303638328614803,14,1,374897109
0.550586212170812,0.835208402488029,14,1,374897109
0.509856269677664,0.19447223685742,14,1,374897109
0.691267957735582,0.813814095197646,14,1,374897109
0.463224941244095,0.839892908902333,14,1,374897109
0.700376905289477,0.758166252290266,14,1,374897109
0.266684208618213,0.592357583945577,14,1,374897109
0.107769429397782,0.603726987633788,14,1,374897109
0.841112415783373,0.215018325248733,14,1,374897109
0.46360694630321,0.962798036978045,14,1,374897109
0.529895030279654,0.0176315824971978,14,1,374897109
0.267064588077633,0.484301220195976,14,1,374897109
0.999894277394156,0.251045810133353,14,1,374897109
0.731894025099777,0.666312793109078,14,1,374897109
0.00132659883192154,0.321217665964031,14,1,374897109
0.88080443574279,0.60347278707285,14,1,374897109
0.212004663584432,0.406095524334039,14,1,374897109
0.885486710507001,0.170366793457333,14,1,374897109
0.117335350986147,0.529900977749052,14,1,374897109
0.378196654592397,0.7351431142068,14,1,374897109
0.314951636638666,0.291836415172159,14,1,374897109
0.933717933308015,0.899243480320633,14,1,374897109
0.00377272359351988,0.73762958839413,14,1,374897109
0.450590370366344,0.164483994422788,14,1,374897109
0.348276511655983,0.228243384880281,14,1,374897109
0.797623537343491,0.250568941636668,14,1,374897109
0.803764087065266,0.614418165672525,14,1,374897109
0.760363735553065,0.32030916896796,14,1,374897109
0.115019598697781,0.208508991184557,14,1,374897109
0.794954824782065,0.692087399281994,14,1,374897109
0.743386660956245,0.420849734427396,14,1,374897109
0.835078664460574,0.516608830872046,14,1,374897109
0.82568265848541,0.306684307792533,14,1,374897109
0.229022696214646,0.974766418124797,14,1,374897109
0.3534179421642,0.790211513509275,14,1,374897109
0.721722466996614,0.0379079617804021,14,1,374897109
0.247364717545197,0.879106904238024,14,1,374897109
0.679197934109348,0.724948863736027,14,1,374897109
0.364888142493246,0.310201791046976,14,1,374897109
0.610676240001683,0.503560854647801,14,1,374897109
0.134798504720678,0.433818495028714,14,1,374897109
0.553263516490048,0.907806550244271,14,1,374897109
0.45937203546734,0.983148299030041,14,1,374897109
0.835577883631519,0.9422076753344,14,1,374897109
0.243397303325798,0.471019323276609,14,1,374897109
0.221672691749044,0.619300397029409,14,1,374897109
0.948124811598333,0.600511851163716,14,1,374897109
0.560901502426486,0.0660525815846436,14,1,374897109
0.0584438559820344,0.11988253897812,14,1,374897109
0.243845103737173,0.912832011332213,14,1,374897109
0.249400253651641,0.728465475518136,14,1,374897109
0.529945410251704,0.866891900562228,14,1,374897109
0.163153513928878,0.942722211221407,14,1,374897109
0.635915803251353,0.321799499859633,14,1,374897109
0.0657874971504908,0.241484732220539,14,1,374897109
0.350033943330736,0.939430073532013,14,1,374897109
0.612941929013239,0.0302901263607391,14,1,374897109
0.737809597479989,0.0994016607711701,14,1,374897109
0.0579095382893193,0.636866565509842,14,1,374897109
0.102538695421073,0.665624223107693,14,1,374897109
0.103763087196287,0.786138033559096,14,1,374897109
0.683857650682161,0.661374874446358,14,1,374897109
0.249237344744693,0.959406646874331,14,1,374897109
0.342057088591862,0.886234871264442,14,1,374897109
0.664755687659501,0.939583509269993,14,1,374897109
0.0409221478973141,0.259270599784291,14,1,374897109
0.42022580707085,0.651046561787159,14,1,374897109
0.392228735367442,0.357933149742016,14,1,374897109
0.407855183116193,0.386861108793727,14,1,374897109
0.209808813561764,0.558557213714711,14,1,374897109
0.366315357061782,0.663849613690733,14,1,374897109
0.910056916450402,0.759623423327272,14,1,374897109
0.908603325309535,0.934368309245566,14,1,374897109
0.750628160383038,0.504221221564113,14,1,374897109
0.560947895289908,0.68822658185257,14,1,374897109
0.290401664030968,0.662840410739551,14,1,374897109
0.755648733856056,0.913906031049635,14,1,374897109
0.70433860421981,0.153459155561124,14,1,374897109
0.0130514529429799,0.696565476646944,14,1,374897109
0.590567458124286,0.692599115566366,14,1,374897109
0.552682323930411,0.880020749386454,14,1,374897109
0.142832851397664,0.042174949901975,14,1,374897109
0.67359279249828,0.160709563981704,14,1,374897109
0.73105170204621,0.343226828962942,14,1,374897109
0.92407098484463,0.282553135310428,14,1,374897109
0.62289898939198,0.167475749648943,14,1,374897109
0.62776860194602,0.30272987321431,14,1,374897109
0.72462592616538,0.189062334855788,14,1,374897109
0.852374960552694,0.751284909452903,14,1,374897109
0.28133787446304,0.928540965199348,14,1,374897109
0.0328643181475798,0.524122523744462,14,1,374897109
0.709031238601567,0.0196514050744341,14,1,374897109
0.408147629795576,0.261034708246791,14,1,374897109
0.775602916106376,0.911514768397744,14,1,374897109
0.73602235694558,0.0219014972161946,14,1,374897109
0.11838931425819,0.187482093992865,14,1,374897109
0.983536145373195,0.657991169826314,14,1,374897109
0.374443824822566,0.256779355487763,14,1,374897109
0.863605990774538,0.586167440960804,14,1,374897109
0.902731276334237,0.643753377996553,14,1,374897109
0.957642883168696,0.718524548527882,14,1,374897109
0.829097651675071,0.17233662071178,14,1,374897109
0.527508761937623,0.420949307831719,14,1,374897109
0.511758899101909,0.631917218779349,14,1,374897109
0.473253855752936,0.534057334758516,14,1,374897109
0.861027653970154,0.716573933315476,14,1,374897109
0.349106966313446,0.947130709188201,14,1,374897109
0.907410918146597,0.996592964323086,14,1,374897109
0.179864819409961,0.748540757112312,14,1,374897109
0.666631210390127,0.301759719200703,14,1,374897109
0.975885140993838,0.845339260281592,14,1,374897109
0.579427599406727,0.579238668256431,14,1,374897109
0.911001978939632,0.143038814886242,14,1,374897109
0.233668456462393,0.963118622928176,14,1,374897109
0.742068284442594,0.617659241015362,14,1,374897109
0.427364074222164,0.357758302591829,14,1,374897109
0.854557590874797,0.476932000224117,14,1,374897109
0.048141046135032,0.0676304729031409,14,1,374897109
0.646390030154657,0.50900171897163,14,1,374897109
0.810786805945898,0.643272480348634,14,1,374897109
0.683307548447538,0.145323911651989,14,1,374897109
0.172836725577872,0.687395171794297,14,1,374897109
0.0824092339496949,0.0551730212520685,14,1,374897109
0.538337399757537,0.891841643839727,14,1,374897109
0.0276631294148111,0.155622894729661,14,1,374897109
0.25142384330503,0.475733373205506,14,1,374897109
0.021477812370339,0.605819610611092,14,1,374897109
0.193508544560768,0.308620811488795,14,1,374897109
0.498148001661808,0.369545804942877,14,1,374897109
0.349874258037864,0.460979562068431,14,1,374897109
0.939058307331203,0.992897241390978,14,1,374897109
0.273310839181703,0.0896007947930291,14,1,374897109
0.396758631294079,0.838842475140649,14,1,374897109
0.509661562183255,0.517608679458026,14,1,374897109
0.10239902203972,0.0584565966468269,14,1,374897109
0.553492679376549,0.34299407837155,14,1,374897109
0.801100963362518,0.565844383960597,14,1,374897109
0.18288064855706,0.487066431437635,14,1,374897109
0.581638359363633,0.747059870143739,14,1,374897109
0.428970638602522,0.749053040416482,14,1,374897109
0.328218509668557,0.849672965660204,14,1,374897109
0.76300613273876,0.707237766130046,14,1,374897109
0.0379085374090065,0.296623552213581,14,1,374897109
0.953076718328834,0.535057787231706,14,1,374897109
0.485841156445012,0.4261588641772,14,1,374897109
0.0505343213557077,0.553380115572158,14,1,374897109
0.367891436876774,0.0441741801555029,14,1,374897109
0.553636312029554,0.560119219676068,14,1,374897109
0.965946065080079,0.215104532458541,14,1,374897109
0.593706668933039,0.246106546621254,14,1,374897109
0.349457225398955,0.947675407008489,14,1,374897109
0.500701738657744,0.450066583253058,14,1,374897109
0.999933328372956,0.643887061255464,14,1,374897109
0.568039226964075,0.393014527948071,14,1,374897109
0.760083155870717,0.692079904173878,14,1,374897109
0.719502363070353,0.482972573127102,14,1,374897109
0.9210382641039,0.193244720081573,14,1,374897109
0.0322344064514193,0.909118636888359,14,1,374897109
0.288264304436543,0.610465924324014,14,1,374897109
0.582595649381784,0.170029068454063,14,1,374897109
0.61905645618884,0.976260836179699,14,1,374897109
0.190496418106282,0.598051761067209,14,1,374897109
0.389152984594088,0.442607250265872,14,1,374897109
0.285760762882603,0.659379291539979,14,1,374897109
0.0202373330610461,0.849200537452111,14,1,374897109
0.795478152895066,0.0389672018929863,14,1,374897109
0.37946159176995,0.540422294721463,14,1,374897109
0.754815742232777,0.858022686425739,14,1,374897109
0.394528810217375,0.660750083078141,14,1,374897109
0.762946676835134,0.0962642936838982,14,1,374897109
0.0857335567895658,0.388309135302475,14,1,374897109
0.228602826824222,0.708834113829953,14,1,374897109
0.560673884861115,0.764496548383316,14,1,374897109
0.00541030655262031,0.0729411305386733,14,1,374897109
0.56411589242788,0.803680638502848,14,1,374897109
0.191081292775726,0.223624694985496,14,1,374897109
0.813628083006843,0.898263943316028,14,1,374897109
0.247143763052477,0.446411444536577,14,1,374897109
0.85837435308054,0.238345788633056,14,1,374897109
0.409919663701242,0.700007227825476,14,1,374897109
0.603098246519858,0.552747702399124,14,1,374897109
0.341169946533777,0.375796285917525,14,1,374897109
0.182702167202296,0.0319185209056725,14,1,374897109
0.0654951077522723,0.685024909576917,14,1,374897109
0.535374346969917,0.999890772708064,14,1,374897109
0.729273397126676,0.33219075856429,14,1,374897109
0.481503342700521,0.952005859835815,14,1,498710889
0.608790768431732,0.566156912240936,14,1,498710889
0.792255001389654,0.937582423653243,14,1,498710889
0.346559048307373,0.689765748455438,14,1,498710889
0.90841502021959,0.715178817272245,14,1,498710889
0.966042043010802,0.305826913913356,14,1,498710889
0.11437790086421,0.659084033639958,14,1,498710889
0.0115424536809323,0.565203063050964,14,1,498710889
0.873703173835721,0.0181809233399952,14,1,498710889
0.217554160312323,0.128953303916359,14,1,498710889
0.413543197746844,0.881074772196685,14,1,498710889
0.534645008249481,0.251385973460766,14,1,498710889
0.611342040295322,0.220253134333952,14,1,498710889
0.355227242066587,0.798237303462451,14,1,498710889
0.307612179791792,0.931187562685805,14,1,498710889
0.301466489706342,0.781571638944945,14,1,498710889
0.406164095992281,0.390539886624567,14,1,498710889
0.809579217981902,0.830629239491691,14,1,498710889
0.897461442898618,0.42372061003094,14,1,498710889
0.556752517712792,0.63229202964818,14,1,498710889
0.652224698869736,0.33265925041969,14,1,498710889
0.581440578145261,0.987727310949626,14,1,498710889
0.0209616276424489,0.436691543116195,14,1,498710889
0.415883855847408,0.38940970223439,14,1,498710889
0.588460656448103,0.0106474729683965,14,1,498710889
0.0844617481950367,0.694358599319635,14,1,498710889
0.97659980427984,0.720063449897276,14,1,498710889
0.00801828253875847,0.362947322508229,14,1,498710889
0.77490583304848,0.320423480928731,14,1,498710889
0.608598013901395,0.386910218746459,14,1,498710889
0.138323499163617,0.115919545294899,14,1,498710889
0.216571986896817,0.175571468421345,14,1,498710889
0.549131765328906,0.817421772996088,14,1,498710889
0.567331524730397,0.48672059290539,14,1,498710889
0.0236290151131087,0.64628374942711,14,1,498710889
0.0377991504803097,0.430773303222757,14,1,498710889
0.512246322380968,0.739095595424446,14,1,498710889
0.302902027570322,0.261774591740467,14,1,498710889
0.941169787492096,0.515089624320495,14,1,498710889
0.369563114453849,0.324620154712189,14,1,498710889
0.587535472866324,0.469127150350002,14,1,498710889
0.182011202265052,0.178235750153011,14,1,498710889
0.290464946892595,0.172433116851821,14,1,498710889
0.627818450764289,0.582343996189707,14,1,498710889
0.191419882970438,0.8594069014078,14,1,498710889
0.344179344039669,0.773727678961861,14,1,498710889
0.122333170231973,0.557638638530516,14,1,498710889
0.396549981706704,0.724127120793509,14,1,498710889
0.119380607380456,0.356116540558647,14,1,498710889
0.59888759744562,0.413201451589229,14,1,498710889
0.690554037344288,0.830055368286975,14,1,498710889
0.985885411621441,0.473049289427395,14,1,498710889
0.163846778872473,0.337295343843972,14,1,498710889
0.678559764106168,0.477656064306338,14,1,498710889
0.802271701760228,0.588081656473855,14,1,498710889
0.18318233415283,0.262903959328299,14,1,498710889
