0.624908267741008,0.71607473929772,14,1,498710889
0.303919232193642,0.0858594589476145,14,1,498710889
0.826261695365597,0.265261470080228,14,1,498710889
0.924066313010173,0.678045063314019,14,1,498710889
0.565600095736241,0.229611121529425,14,1,498710889
0.702825352447325,0.40122291289697,14,1,498710889
0.0288985162247397,0.68344323837171,14,1,498710889
0.793997550345226,0.138002715757431,14,1,498710889
0.967730440257703,0.391243388464691,14,1,498710889
0.351953533253763,0.142890401653124,14,1,498710889
0.281997217332445,0.931889917573208,14,1,498710889
0.172337902478487,0.567525901000995,14,1,498710889
0.626469479348971,0.900402025721398,14,1,498710889
0.156418959437224,0.113946677665622,14,1,498710889
0.892207857702744,0.230485422545557,14,1,498710889
0.313924257444319,0.0368366416912391,14,1,498710889
0.501961013144394,0.169033822851921,14,1,498710889
0.329588619065114,0.469831417747115,14,1,498710889
0.298177451492299,0.228260902887336,14,1,498710889
0.832203909332814,0.287003629901106,14,1,498710889
0.762159068671128,0.455076353242169,14,1,498710889
0.152035133786192,0.790161570889641,14,1,498710889
0.153169110651608,0.571437991430289,14,1,498710889
0.942405166640135,0.747580985674626,14,1,498710889
0.0388203982641437,0.138041455473974,14,1,498710889
0.768870836931573,0.598547988213221,14,1,498710889
0.429549215040008,0.156018312909534,14,1,498710889
0.552201814941587,0.962290796999618,14,1,498710889
0.261320475901123,0.79587017454346,14,1,498710889
0.7534712125601,0.350980459746152,14,1,498710889
0.930104701007774,0.458748202066918,14,1,498710889
0.244326346060597,0.404692891479219,14,1,498710889
0.127604165931774,0.506087404557056,14,1,498710889
0.183884399066356,0.955862865778858,14,1,498710889
0.40172815823837,0.928204511685401,14,1,498710889
0.141279417265801,0.463107785552252,14,1,498710889
0.545509261913439,0.458610579731798,14,1,498710889
0.310574652006047,0.206623452684751,14,1,498710889
0.183760305960808,0.199934732967808,14,1,498710889
0.943350026722433,0.627543940058207,14,1,498710889
0.574298566980499,0.642528501745071,14,1,498710889
0.332232938987032,0.991608468236938,14,1,498710889
0.685670213960319,0.35530436367451,14,1,498710889
0.612679433872954,0.394041590061547,14,1,498710889
0.15859091214863,0.00246355060236536,14,1,498710889
0.526521310249906,0.149590741130067,14,1,498710889
0.00691190914879725,0.312289580142579,14,1,498710889
0.428463762646118,0.864156459283682,14,1,498710889
0.943987921134414,0.663911847496343,14,1,498710889
0.29040025317617,0.328518008622243,14,1,498710889
0.360390370895638,0.0746865068713349,14,1,498710889
0.226288099072446,0.0996970086663627,14,1,498710889
0.917574449385122,0.768006597522728,14,1,498710889
0.640148451959165,0.0294300548198985,14,1,498710889
0.227200533234699,0.860333086702789,14,1,498710889
0.465939363787323,0.562083408846763,14,1,498710889
0.676753564099868,0.939038251928847,14,1,498710889
0.333683122969414,0.488605427712018,14,1,498710889
0.26795133758969,0.225988860219853,14,1,498710889
0.674354702067999,0.261138147547195,14,1,498710889
0.392302088080584,0.6437435008972,14,1,498710889
0.20858305429742,0.3634975740324,14,1,498710889
0.165036609342776,0.468028638384608,14,1,498710889
0.325766533769364,0.325701475197052,14,1,498710889
0.792116896339869,0.882022229552107,14,1,498710889
0.981134064812079,0.821246659232624,14,1,498710889
0.668622023419136,0.842885060481765,14,1,498710889
0.605389351814956,0.164349004054245,14,1,498710889
0.882339345565746,0.974214727976858,14,1,498710889
0.2273775283424,0.467691666735055,14,1,498710889
0.618233238800811,0.751808608284832,14,1,498710889
0.753012362863761,0.270263390176679,14,1,498710889
0.071054188684927,0.498710957170105,14,1,498710889
0.0500051234840315,0.934128949049621,14,1,498710889
0.302401083306919,0.331854552999193,14,1,498710889
0.548586366820671,0.948345498434255,14,1,498710889
0.127026547732753,0.582376804308135,14,1,498710889
0.308125396243832,0.862550216888423,14,1,498710889
0.333237926282215,0.684570752275122,14,1,498710889
0.874051609446921,0.933005948777904,14,1,498710889
0.848362320173243,0.502125016748549,14,1,498710889
0.46996651511683,0.761731569481504,14,1,498710889
0.536036023221536,0.464740005593144,14,1,498710889
0.00841547087981187,0.873577948769173,14,1,498710889
0.199294658312606,0.459266936043644,14,1,498710889
0.553631754021813,0.696173246063364,14,1,498710889
0.75398525154133,0.847764243610671,14,1,498710889
0.158019485503711,0.270200460387597,14,1,498710889
0.453983899380867,0.676441839462723,14,1,498710889
0.105084961059288,0.337417907534934,14,1,498710889
0.846178737676725,0.510011850295426,14,1,498710889
0.862236408693503,0.362193310968426,14,1,498710889
0.215251983375701,0.924528154220302,14,1,498710889
0.0848293993786831,0.122921055220695,14,1,498710889
0.296835918743387,0.135298872042358,14,1,498710889
0.850820208183884,0.55569473712629,14,1,498710889
0.315384469858439,0.623649112980578,14,1,498710889
0.569067718680818,0.179085948313773,14,1,498710889
0.792100640998477,0.380386901567646,14,1,498710889
0.291586495660891,0.234715773024183,14,1,498710889
0.451534147799702,0.953931810119423,14,1,498710889
0.795371370767789,0.733295425118847,14,1,498710889
0.549329121801566,0.921047240879634,14,1,498710889
0.68669313233675,0.0383813391848211,14,1,498710889
0.905317958713937,0.475860754871634,14,1,498710889
0.0448476600543879,0.832390097746436,14,1,498710889
0.133888871865779,0.841388104711944,14,1,498710889
0.606168354736535,0.217168248183123,14,1,498710889
0.482106144406876,0.965236299198173,14,1,498710889
0.0518766067612995,0.183723948478875,14,1,498710889
0.171601805137296,0.701310592545925,14,1,498710889
0.114479171768584,0.132676934928692,14,1,498710889
0.702982434543455,0.727444080346264,14,1,498710889
0.0823402347769993,0.46910277299258,14,1,498710889
0.143499976356037,0.68015912826134,14,1,498710889
0.244263594836344,0.316905794947672,14,1,498710889
0.0164552222659984,0.402478447686361,14,1,498710889
0.670616608428209,0.063084366396132,14,1,498710889
0.57067346472792,0.958504621701184,14,1,498710889
0.211985166310433,0.285509749297792,14,1,498710889
0.428693283365632,0.389363064116345,14,1,498710889
0.104079895221137,0.149904253863129,14,1,498710889
0.798499604256907,0.318830104859833,14,1,498710889
0.574695472419764,0.797920149304445,14,1,498710889
0.299630400833772,0.287465216392061,14,1,498710889
0.688978414684636,0.251384727808127,14,1,498710889
0.642806828824516,0.800334853677057,14,1,498710889
0.318805302651395,0.461826530885087,14,1,498710889
0.57530390968936,0.0658740744884598,14,1,498710889
0.652690619273961,0.0309158014394786,14,1,498710889
0.00839248121308422,0.539054103635543,14,1,498710889
0.240576385726426,0.198817531284937,14,1,498710889
0.0955761546967997,0.153084833253984,14,1,498710889
0.469662398336028,0.802785297040142,14,1,498710889
0.593896519848692,0.492063374881579,14,1,498710889
0.156703527012897,0.653902398374256,14,1,498710889
0.818924135066025,0.543481376859756,14,1,498710889
0.0500120316965855,0.580355917488712,14,1,498710889
0.521674531328817,0.319735935448793,14,1,498710889
0.0107657555794534,0.341582796106721,14,1,498710889
0.776375782435125,0.382067007308448,14,1,498710889
0.701696526638464,0.0452561052900995,14,1,498710889
0.0915571834336348,0.420041844093877,14,1,498710889
0.00978150771219211,0.491350149810477,14,1,498710889
0.49913551101962,0.323469372496328,14,1,498710889
0.0954716665031299,0.028040609796693,14,1,498710889
0.977773566348146,0.175291633286065,14,1,498710889
0.888689479916102,0.671576467872073,14,1,498710889
0.678161883830075,0.626758676272938,14,1,498710889
0.730904292262085,0.404748815638958,14,1,498710889
0.909238924396443,0.211322405317896,14,1,498710889
0.268762600943269,0.488541051555234,14,1,498710889
0.902433102870125,0.737548287662546,14,1,498710889
0.339122940381684,0.593256974258553,14,1,498710889
0.532195031795222,0.708723902442422,14,1,498710889
0.61936308292442,0.120910891584765,14,1,498710889
0.883819707768978,0.662203135399862,14,1,498710889
0.439886033925955,0.207542218636238,14,1,498710889
0.706251433834192,0.530084731066386,14,1,498710889
0.439018458394288,0.204965910998019,14,1,498710889
0.979230017744642,0.280421389593318,14,1,498710889
0.283731138494977,0.944870391755264,14,1,498710889
0.316844718614009,0.693438894781491,14,1,498710889
0.0567963451839051,0.364206522732452,14,1,498710889
0.330726199184022,0.970492430788737,14,1,498710889
0.718821509638728,0.990383373872337,14,1,498710889
0.355640001589112,0.646109545357324,14,1,498710889
0.220986446984317,0.743853821503393,14,1,498710889
0.0679237317347576,0.572429806019889,14,1,498710889
0.379128583481236,0.986758429990797,14,1,498710889
0.238430793382649,0.484334093612344,14,1,498710889
0.838109587196253,0.903411169197837,14,1,498710889
0.0577891529410595,0.714852293271303,14,1,498710889
0.322957923382981,0.555858535793832,14,1,498710889
0.532079120935862,0.698569960566713,14,1,498710889
0.620399834015886,0.201355574350919,14,1,498710889
0.307928012214481,0.782494819829681,14,1,498710889
0.585636755791909,0.598219845095434,14,1,498710889
0.0503255488917429,0.43378253332689,14,1,498710889
0.121384293025327,0.532411050769678,14,1,498710889
0.0790918013808071,0.063725965983406,14,1,498710889
0.814482410353357,0.923403366843733,14,1,498710889
0.525127977808598,0.967689859337355,14,1,498710889
0.26149322717824,0.408930456456054,14,1,498710889
0.242876905660047,0.939228683848907,14,1,498710889
0.166251350995456,0.165269595299717,14,1,498710889
0.888968358651259,0.206383928696242,14,1,498710889
0.836405634301648,0.540285441291398,14,1,498710889
0.233429437171214,0.118803426004369,14,1,498710889
0.509986758125073,0.296091921401153,14,1,498710889
0.0680690684763321,0.298380211784024,14,1,498710889
0.439289760368315,0.420291242008524,14,1,498710889
0.144020078087,0.75991709675693,14,1,498710889
0.515240255017097,0.240778383686061,14,1,498710889
0.751246253950686,0.3057166866569,14,1,498710889
0.23782322926795,0.977761666431125,14,1,498710889
0.0357263167091961,0.500988028342765,14,1,498710889
0.169285997366972,0.473336186807808,14,1,498710889
0.0104349940430666,0.462947898577101,14,1,498710889
0.92718335907496,0.0782330331344125,14,1,498710889
0.991933557431897,0.100459537741036,14,1,498710889
0.575153766389493,0.905296657045231,14,1,498710889
0.903397490839297,0.475069327422488,14,1,498710889
0.461632063103407,0.172611234226531,14,1,498710889
0.0281280561531139,0.198366463039745,14,1,498710889
0.0148273550596691,0.329276409588236,14,1,498710889
0.774038460013561,0.0632273681477544,14,1,498710889
0.0462987363478686,0.52331405135808,14,1,498710889
0.889614943972447,0.96142458678803,14,1,498710889
0.631278260650746,0.731058185452895,14,1,498710889
0.217461462410446,0.108170079305283,14,1,498710889
0.663798490282286,0.39646302420123,14,1,498710889
0.407493678554514,0.0537082570992276,14,1,498710889
0.497584197323831,0.521862770160337,14,1,498710889
0.890669239132574,0.682663444315653,14,1,498710889
0.614637762311057,0.302967976981035,14,1,498710889
0.970002422016651,0.293622794198509,14,1,498710889
0.124460447065973,0.269752742536946,14,1,498710889
0.362335108324606,0.0514230196817946,14,1,498710889
0.879832282114434,0.517420354311529,14,1,498710889
0.87820405431959,0.830246241867411,14,1,498710889
0.888364653384668,0.41569970818111,14,1,498710889
0.564841030252689,0.624007440253448,14,1,498710889
0.53582089295022,0.354304208347923,14,1,498710889
0.252659212477403,0.404711802174413,14,1,498710889
0.91249494608543,0.284040126999829,14,1,498710889
0.287033034672088,0.0884822234448421,14,1,498710889
0.744695584001519,0.635060795179667,14,1,498710889
0.280692513141509,0.625463207761476,14,1,498710889
0.233012059731786,0.202419865433686,14,1,498710889
0.0970182675633087,0.0801595744957,14,1,498710889
0.381694927853835,0.979038699654319,14,1,498710889
0.909401529846076,0.382656685241059,14,1,498710889
0.927069226562918,0.512096701821322,14,1,498710889
0.455113699222527,0.51652026120164,14,1,498710889
0.407641845985913,0.475089788165388,14,1,498710889
0.779712283803537,0.550713820616164,14,1,498710889
0.993320762408177,0.285410768321042,14,1,498710889
0.0548657404574255,0.310091602520568,14,1,498710889
0.238208805540971,0.964091605773257,14,1,498710889
0.451686646162195,0.504730900108785,14,1,498710889
0.982041269168759,0.464677819752007,14,1,498710889
0.17202985627352,0.809850732522435,14,1,498710889
0.126043677857006,0.360176191030491,14,1,498710889
0.294390318791981,0.574621947197704,14,1,498710889
0.75727288015299,0.968585555338717,14,1,498710889
0.662397958601239,0.508418699822852,14,1,498710889
0.274132546609244,0.688774980392198,14,1,498710889
0.514776780415241,0.994598038444643,14,1,498710889
0.813641759843388,0.105387585691241,14,1,498710889
0.114508212134702,0.582178652262637,14,1,498710889
0.987119166372557,0.649921807538867,14,1,498710889
0.553539688092086,0.734719757618884,14,1,498710889
0.541319940056351,0.730804015116586,14,1,498710889
0.401737275147835,0.559972679171914,14,1,498710889
0.548797578555725,0.305423544323568,14,1,498710889
0.0359777596839161,0.723979347134939,14,1,498710889
0.555124097680282,0.159827501377769,14,1,498710889
0.456234074831907,0.0731067528641143,14,1,498710889
0.157567101380733,0.486246609664489,14,1,498710889
0.920907502914132,0.825672116188165,14,1,498710889
0.757554090422186,0.248267572597673,14,1,498710889
0.562152601863511,0.97628444795301,14,1,498710889
0.583001255932333,0.254249234188061,14,1,498710889
0.05552037755794,0.397301336235276,14,1,498710889
0.423906499540335,0.702438338426234,14,1,498710889
0.390986376504848,0.90586786518037,14,1,498710889
0.0796784106999162,0.443189545810474,14,1,498710889
0.90569365994519,0.307428174747331,14,1,498710889
0.617912594141737,0.871968297039431,14,1,498710889
0.63745271165206,0.688012174842381,14,1,498710889
0.788681784582978,0.388533181492479,14,1,498710889
0.359964983140219,0.793626258611615,14,1,498710889
0.684067797957795,0.0777229031316762,14,1,498710889
0.488190550759032,0.0175179796814879,14,1,498710889
0.477742089380423,0.572730751127319,14,1,498710889
0.383862753736975,0.495606477108716,14,1,498710889
0.300973596959891,0.0836726046284122,14,1,498710889
0.393948508468892,0.862044938271342,14,1,498710889
0.839553301576015,0.995740413742579,14,1,498710889
0.549284062675653,0.0890284897934652,14,1,498710889
0.767230272114897,0.845351194524421,14,1,498710889
0.8380526318888,0.185709746790913,14,1,498710889
0.35016155512202,0.137494619256753,14,1,498710889
0.675758936126766,0.358115679138538,14,1,498710889
0.843870277333377,0.27647145291327,14,1,498710889
0.884630765310733,0.681714027546861,14,1,498710889
0.151633884936897,0.905396746353835,14,1,498710889
0.255079003503238,0.0443165043098892,14,1,498710889
0.222283853738199,0.383304682773891,14,1,498710889
0.0690764739643752,0.855514305846084,14,1,498710889
0.550062396565198,0.127032877539384,14,1,498710889
0.878731021790377,0.43451542441365,14,1,498710889
0.283333530015104,0.646679148570503,14,1,498710889
0.695345617475605,0.375405238936887,14,1,498710889
0.568619665008526,0.97753044875671,14,1,498710889
0.84016758197872,0.402057293226492,14,1,498710889
0.676327019913338,0.404071797697545,14,1,498710889
0.954512369857727,0.178434815351351,14,1,498710889
0.51611647757853,0.564145608309982,14,1,498710889
0.477711213089919,0.408860925549758,14,1,498710889
0.876991703781145,0.818710531885545,14,1,498710889
0.675649384308557,0.0539036669474131,14,1,498710889
0.8724514612405,0.037266795514193,14,1,498710889
0.53425453073823,0.923150406232109,14,1,498710889
0.131942092100477,0.718579269283575,14,1,498710889
0.792312855213344,0.411084139386454,14,1,498710889
0.944754798958335,0.287559318141161,14,1,498710889
0.667612154419363,0.301546679144585,14,1,498710889
0.52705289643679,0.638524818069886,14,1,498710889
0.980707472137718,0.229920631939753,14,1,498710889
0.874654575303057,0.154567657317964,14,1,498710889
0.586862795333201,0.924888764648617,14,1,498710889
0.0852126235826365,0.930715802174134,14,1,498710889
0.84458890189418,0.649732559235503,14,1,498710889
0.115487481072802,0.0684715488552921,14,1,498710889
0.559606715250482,0.604282923389407,14,1,498710889
0.998670336713093,0.40477644389051,14,1,498710889
0.578987001037371,0.978160167755203,14,1,498710889
0.65771329505732,0.0720094304003658,14,1,498710889
0.19573039611072,0.939575219162808,14,1,498710889
0.54506456431011,0.646210550296457,14,1,498710889
0.737054789963351,0.056757906510855,14,1,498710889
0.364906266073368,0.734267583080249,14,1,498710889
0.993068916842549,0.567099785774509,14,1,498710889
0.192789557539432,0.106730986476429,14,1,498710889
0.558572468875453,0.900914982910084,14,1,498710889
0.511031362580874,0.906632046611134,14,1,498710889
0.601802249507712,0.556596838709057,14,1,498710889
0.637436647402317,0.527703534800961,14,1,498710889
0.178070819001579,0.334264268758727,14,1,498710889
0.0644385372949543,0.568699493954862,14,1,498710889
0.900445286194993,0.492678522629862,14,1,498710889
0.0997120879702762,0.616590654763018,14,1,498710889
0.114361418667059,0.378579973657855,14,1,498710889
0.865407892329385,0.831962775814266,14,1,498710889
0.743160341093393,0.60626567753441,14,1,498710889
0.315598647858819,0.559833937832395,14,1,498710889
0.958721168711494,0.780583280002506,14,1,498710889
0.801138528691435,0.367091510161188,14,1,498710889
0.866855288589794,0.0991180174185908,14,1,498710889
0.440982504100811,0.89745551870684,14,1,498710889
0.356152989236548,0.632507887536732,14,1,498710889
0.893024782161121,0.162089177332354,14,1,498710889
0.766884749410655,0.801539543048716,14,1,498710889
0.651035774127748,0.513215763771893,14,1,498710889
0.114741895085455,0.0356917579427474,14,1,498710889
0.00344504497668385,0.245131811331219,14,1,498710889
0.516235411601317,0.691247106664315,14,1,498710889
0.385406085359527,0.95805416559139,14,1,498710889
0.574594294330361,0.0386547361295646,14,1,498710889
0.763043874665821,0.136881001038609,14,1,498710889
0.830037314651825,0.930596145444903,14,1,498710889
0.170677041999351,0.249900929491368,14,1,498710889
0.230043870463549,0.151775078721375,14,1,498710889
0.793629522318502,0.501499952181827,14,1,498710889
0.924162699281983,0.534470984219219,14,1,498710889
0.141321714440991,0.889643453696089,14,1,498710889
0.112255076252844,0.160506073141788,14,1,498710889
0.794182514885035,0.0326467493933142,14,1,498710889
0.728336897156985,0.549912781012413,14,1,498710889
0.223450440714107,0.440720609581094,14,1,498710889
0.956085961227974,0.996632209165337,14,1,498710889
0.557758458503492,0.603347113352361,14,1,498710889
0.630474222709982,0.334286468805795,14,1,498710889
0.989389087232837,0.858403418264106,14,1,498710889
0.357131966915426,0.776607131358586,14,1,498710889
0.702353196997079,0.375944568721382,14,1,498710889
0.985148292742711,0.365020708322403,14,1,498710889
0.960673798661053,0.915680628533036,14,1,498710889
0.135365610701795,0.0495900143451347,14,1,498710889
0.818429895987932,0.34965707137995,14,1,498710889
0.974041782638448,0.913213881030531,14,1,498710889
0.54154101521608,0.929070817653513,14,1,498710889
0.807866734297595,0.955882270411053,14,1,498710889
0.215045968804646,0.453635897511121,14,1,498710889
0.115433515446981,0.261159541364881,14,1,498710889
0.397675076422294,0.525400457193455,14,1,498710889
0.831586368043954,0.464623733083382,14,1,498710889
0.981614905159373,0.105106114169868,14,1,498710889
0.861815081441437,0.659618410739419,14,1,498710889
0.564859157430142,0.199753851786836,14,1,498710889
0.92303396802759,0.966761466914438,14,1,498710889
0.154748917776261,0.56457889865526,14,1,498710889
0.725474653590769,0.847089047377847,14,1,498710889
0.726182155437741,0.307001705963962,14,1,498710889
0.619778053033884,0.287199760501779,14,1,498710889
0.0405788842070418,0.982883565147977,14,1,498710889
0.264828413570014,0.764690991982447,14,1,498710889
0.68021670110873,0.802457174239219,14,1,498710889
0.761670757590236,0.144611999106457,14,1,498710889
0.220527042817342,0.459441963208203,14,1,498710889
0.905071326070385,0.397175878352094,14,1,498710889
0.426710985422106,0.638567292540828,14,1,498710889
0.489560776698556,0.771985704773519,14,1,498710889
0.133139322889264,0.901984852122978,14,1,498710889
0.067554983277587,0.71568981233747,14,1,498710889
0.851590789804127,0.526854792200533,14,1,498710889
0.411363400663178,0.529195606020738,14,1,498710889
0.718152994487972,0.64788232566184,14,1,498710889
0.773928775998678,0.0549889281150664,14,1,498710889
0.688567946816896,0.247826845318022,14,1,498710889
0.524177221733515,0.191315594523328,14,1,498710889
0.431580447707531,0.0873865549270607,14,1,498710889
0.797255767611419,0.517350943282511,14,1,498710889
0.65917271571685,0.815275412152161,14,1,498710889
0.121333123629934,0.994256373982067,14,1,498710889
0.716209832639497,0.0166994228922368,14,1,498710889
0.31853654951126,0.430930656716018,14,1,498710889
0.523810646520064,0.834714407272434,14,1,498710889
0.165052121003927,0.648069749675495,14,1,498710889
0.331362809647052,0.893471396626964,14,1,498710889
0.0435577547255619,0.51307055426878,14,1,498710889
0.824083063666474,0.398162142541028,14,1,498710889
0.889462261064923,0.64745083914066,14,1,498710889
0.178374590527246,0.875783412603822,14,1,498710889
0.908732849717641,0.582352266283102,14,1,498710889
0.405820836231529,0.719256949590636,14,1,498710889
0.61294072158844,0.961246181107451,14,1,498710889
0.123426094134776,0.709678997591051,14,1,498710889
0.596711493546929,0.615742691164575,14,1,498710889
0.279483126846531,0.0995605067467356,14,1,498710889
0.127133931256823,0.525152670688348,14,1,498710889
0.80794790515333,0.330515178740744,14,1,498710889
0.225238135553816,0.599809488059179,14,1,498710889
0.0641313087752438,0.868710522053468,14,1,498710889
0.833695109866287,0.401171329810463,14,1,498710889
0.584374415367169,0.0285419243828899,14,1,498710889
0.0595688954683995,0.038841488361145,14,1,498710889
0.161129633538074,0.34627796521131,14,1,498710889
0.938499924643635,0.177865935438852,14,1,498710889
0.846107918788321,0.0338024938498132,14,1,498710889
0.809735365320978,0.183255776160695,14,1,498710889
0.223417893411096,0.221747146311171,14,1,498710889
0.365085043737779,0.31691883487669,14,1,498710889
0.564767415552913,0.244934702190345,14,1,498710889
0.895183414448067,0.854976237825743,14,1,498710889
0.930794457941485,0.609034057167074,14,1,498710889
0.475456550598684,0.608977697814228,14,1,498710889
0.555194263354998,0.230712535733048,14,1,498710889
0.00157480609809468,0.478284197954793,14,1,498710889
0.898259861900275,0.842700054135326,14,1,498710889
0.550897081640424,0.744242191685555,14,1,498710889
0.166184652238904,0.00639256022197987,14,1,498710889
0.029982569769464,0.164053236588758,14,1,498710889
0.739819383371615,0.997647587871761,14,1,498710889
0.792888091726367,0.799000239030854,14,1,498710889
0.767463646683441,0.964782672395658,14,1,498710889
0.612553011323821,0.833139136550809,14,1,498710889
0.0470571648641389,0.731764401159237,14,1,498710889
0.0502691392212071,0.750369552510039,14,1,498710889
0.446298942891744,0.750587730506378,14,1,498710889
0.446615056983088,0.442219941419881,14,1,498710889
0.230891685235525,0.823570857432121,14,1,498710889
0.685332394398531,0.660411321382715,14,1,498710889
0.580165585144792,0.0996602603674286,14,1,498710889
0.817179985558419,0.62017897433561,14,1,498710889
0.958121421930517,0.00492360757566068,14,1,498710889
0.149878122387556,0.302657848967408,14,1,498710889
0.798153563748699,0.11180118300694,14,1,498710889
0.949543269020365,0.996167710784707,14,1,498710889
0.397393903128148,0.909344380441735,14,1,498710889
0.662128492502339,0.111311274794618,14,1,498710889
0.278322612298725,0.990828265630564,14,1,498710889
0.467032194523015,0.402342522309432,14,1,498710889
0.422283558584722,0.240217771420526,14,1,498710889
0.0765611319042616,0.824702215091603,14,1,498710889
0.989143162097893,0.478873655796128,14,1,498710889
0.499503007261525,0.867425365025676,14,1,498710889
0.420745922224715,0.659915580473048,14,1,498710889
0.133020818832024,0.504760284765456,14,1,498710889
0.883554161168426,0.355818115171585,14,1,498710889
0.767372464181937,0.734377152812828,14,1,498710889
0.694059495369505,0.508725922463422,14,1,498710889
0.187605335228837,0.146254231661648,14,1,498710889
0.464089160967278,0.749270483322571,14,1,498710889
0.214761845316147,0.268786771494066,14,1,498710889
0.337620118791231,0.837168529582658,14,1,498710889
0.809391173654157,0.384544087420215,14,1,498710889
0.730949076134856,0.741455727142507,14,1,498710889
0.427340364791332,0.251707970013694,14,1,498710889
0.372683674683068,0.839213771599373,14,1,498710889
0.179395419671341,0.75996467633769,14,1,498710889
0.339582429620843,0.00217623682169243,14,1,498710889
0.84875367375786,0.263895881344531,14,1,498710889
0.785496332190853,0.0535219945205592,14,1,498710889
0.901926645072487,0.882271179045144,14,1,498710889
0.182635220119701,0.68558110096243,14,1,498710889
0.456775809157681,0.875846171437296,14,1,498710889
0.944692830353812,0.642170336628451,14,1,498710889
0.893520172903853,0.262740100497158,14,1,498710889
0.362006837946147,0.0835802623191215,14,1,498710889
0.745821919668666,0.298880284725974,14,1,498710889
0.333559023094727,0.977933753138036,14,1,498710889
0.200753501285933,0.547168412069845,14,1,498710889
0.104429170386438,0.307482788605574,14,1,498710889
0.667464776028552,0.555569096259844,14,1,498710889
0.768753262847365,0.318823623879994,14,1,498710889
0.280342043729716,0.888928639450441,14,1,498710889
0.305756614881017,0.0574283440209871,14,1,498710889
0.511569615991255,0.253270300227205,14,1,498710889
0.236823959174131,0.507069728530746,14,1,498710889
0.0850613924695018,0.550610210281934,14,1,498710889
0.117830948915294,0.249608803544362,14,1,498710889
0.928589671016486,0.0372619174608939,14,1,498710889
0.549222191240912,0.995155805586726,14,1,498710889
0.119029213117495,0.515831459053363,14,1,498710889
0.740705958875184,0.512591263399874,14,1,498710889
0.381061639306483,0.663566453977305,14,1,498710889
0.745972196763643,0.452025756869579,14,1,498710889
0.864249637624968,0.415322741053975,14,1,498710889
0.789011448691238,0.586532775739309,14,1,498710889
0.281034399403941,0.792190239726156,14,1,498710889
0.156118046907089,0.742477786403455,14,1,498710889
0.727380476674852,0.733129770574011,14,1,498710889
0.379629283623971,0.491499867172541,14,1,498710889
0.915855145035916,0.603075328197137,14,1,498710889
0.602216606345868,0.75149471676248,14,1,498710889
0.459442551479208,0.755785106997873,14,1,498710889
0.320732750849657,0.0575693876635079,14,1,498710889
0.251019512032701,0.854687973814881,14,1,498710889
0.86161164736188,0.133349252173933,14,1,498710889
0.10781802282915,0.847890341726497,14,1,498710889
0.186408194456406,0.353448644107027,14,1,498710889
0.871305551679143,0.160067494899975,14,1,498710889
0.549309070562451,0.223973155362817,14,1,498710889
0.486419574499897,0.0218111651653361,14,1,498710889
0.246517135369645,0.430106186287183,14,1,498710889
0.186167718978869,0.214718047880569,14,1,498710889
0.101460235529272,0.806862148173961,14,1,498710889
0.0631415675969906,0.514953501390183,14,1,498710889
0.504413840900608,0.401695567127287,14,1,498710889
0.953416729635459,0.136554930069373,14,1,498710889
0.578986296549824,0.112555217491853,14,1,498710889
0.818203824035612,0.998962770765334,14,1,498710889
0.315187478684737,0.240049338307569,14,1,498710889
0.262537798508295,0.689369895579178,14,1,498710889
0.688094189209778,0.045559147472285,14,1,498710889
0.169930704596524,0.85308559327175,14,1,498710889
0.577024405484694,0.227201258439401,14,1,498710889
0.0629943696445219,0.678572385197529,14,1,498710889
0.641978450239284,0.111945777917564,14,1,498710889
0.877062005358239,0.891752694024715,14,1,498710889
0.893454628006025,0.468913875706005,14,1,498710889
0.675883153164898,0.827741611819251,14,1,498710889
0.569476177922521,0.106918536475173,14,1,498710889
0.173370334010649,0.175759369556097,14,1,498710889
0.715438865318899,0.422942022314708,14,1,498710889
0.0765554721577131,0.393884163692775,14,1,498710889
0.441760383742225,0.548704313459079,14,1,498710889
0.0407861748313243,0.447050111461794,14,1,498710889
0.266312447285586,0.499721807000844,14,1,498710889
0.182163327263151,0.247764007405455,14,1,498710889
0.696217103241794,0.668670623915218,14,1,498710889
0.0591241306051531,0.0732913727677329,14,1,498710889
0.950252065550165,0.278377160127812,14,1,498710889
0.184906192284474,0.366872752211189,14,1,498710889
0.482111707271044,0.915673702710556,14,1,498710889
0.0368132826055145,0.966197102190685,14,1,498710889
0.955054536557537,0.413119602732634,14,1,498710889
0.787547789906662,0.335697730258878,14,1,498710889
0.917051400819256,0.497478929878484,14,1,498710889
0.138229846714022,0.313002842244024,14,1,498710889
0.550013738951978,0.562626151985393,14,1,498710889
0.0877276757963372,0.672627126025951,14,1,498710889
0.710370999501078,0.465927360156121,14,1,498710889
0.726963675021133,0.304391259108129,14,1,498710889
0.977376930716646,0.797310734022897,14,1,498710889
0.485567529257066,0.277150219862944,14,1,498710889
0.0524912027840641,0.956448708535645,14,1,498710889
0.353513332370216,0.584100945945575,14,1,498710889
0.711402760347404,0.426236007131021,14,1,498710889
0.721061759294447,0.669211089215525,14,1,498710889
0.452025198073579,0.697766895967542,14,1,498710889
0.35158227559129,0.911752688972165,14,1,498710889
0.858850012136882,0.834317923078151,14,1,498710889
0.991966079444811,0.103602939439823,14,1,498710889
0.860684664264261,0.766624795682679,14,1,498710889
0.65873872840186,0.222076620717311,14,1,498710889
0.943098656090713,0.327796524395448,14,1,498710889
0.197083552360051,0.342942956771644,14,1,498710889
0.768319496824892,0.850864697953039,14,1,498710889
0.341237050245731,0.666289641310146,14,1,498710889
0.927859516137788,0.0058360628335663,14,1,498710889
0.106103208421493,0.854788783367796,14,1,498710889
0.912906103284756,0.753025399282302,14,1,498710889
0.366752778040079,0.28819962253598,14,1,498710889
0.0474788976719278,0.324785627567145,14,1,498710889
0.418667301791116,0.541905399282731,14,1,498710889
0.302977700256377,0.447028066732087,14,1,498710889
0.454399839011928,0.803254844563861,14,1,498710889
0.473218635051406,0.222435497023211,14,1,498710889
0.880058711253895,0.0860843284144783,14,1,498710889
0.602069208067687,0.261993768195797,14,1,498710889
0.132403666609246,0.274186494881322,14,1,498710889
0.731727186123796,0.0595247429818881,14,1,498710889
0.880776931338564,0.273617127641477,14,1,498710889
0.81564397767967,0.404248922971414,14,1,498710889
0.43455569546439,0.93253330049335,14,1,498710889
0.0933102645632655,0.914633749828454,14,1,498710889
0.506135055513159,0.20328455473505,14,1,498710889
0.327473924009963,0.977740618286779,14,1,498710889
0.422891967854629,0.625035986250082,14,1,498710889
0.978258598880919,0.954391715301195,14,1,498710889
0.410020782219999,0.989137938839457,14,1,498710889
0.726042834568478,0.233960827097365,14,1,498710889
0.397661431111153,0.613315458390502,14,1,498710889
0.82625158742879,0.682364140002575,14,1,498710889
0.512906023761956,0.732201328187776,14,1,498710889
0.547502933252338,0.52590884177771,14,1,498710889
0.942644734119854,0.446730986275513,14,1,498710889
0.572400464991606,0.963519460432745,14,1,498710889
0.456291241152516,0.445357764452943,14,1,498710889
0.980727223020442,0.379361516837104,14,1,498710889
0.886136680290591,0.763375305963978,14,1,498710889
0.429922140898694,0.864929942341808,14,1,498710889
0.0365384746100672,0.969848444104364,14,1,498710889
0.257953233572457,0.246604550238676,14,1,498710889
0.326983836289464,0.0671615518111723,14,1,498710889
0.334223254987948,0.656906211113617,14,1,498710889
0.299710628052084,0.677263493139466,14,1,498710889
0.204581738589601,0.736766489211576,14,1,498710889
0.383521779703875,0.319860870017207,14,1,498710889
0.864253440530515,0.902010475449578,14,1,498710889
0.731853643283457,0.136263432833581,14,1,498710889
0.280066798983936,0.40634783035686,14,1,498710889
0.858219148570052,0.0554821292909011,14,1,498710889
0.374651905823,0.217361096624284,14,1,498710889
0.086012660327027,0.422480464017087,14,1,498710889
0.304730835383548,0.789009476177604,14,1,498710889
0.94503654255251,0.340141325076467,14,1,498710889
0.700501464847133,0.423751016520435,14,1,498710889
0.676988126645242,0.883887083068803,14,1,498710889
0.885813224857969,0.124073079369123,14,1,498710889
0.703329789127225,0.335873997701698,14,1,498710889
0.958351544205637,0.322091054970595,14,1,498710889
0.765232021706941,0.604983302017281,14,1,498710889
0.196539845664742,0.824554681295177,14,1,498710889
0.843256023891811,0.0846224065854486,14,1,498710889
0.25876759445559,0.146242735968578,14,1,498710889
0.311120697971751,0.474774929675925,14,1,498710889
0.339987106967055,0.248618903513315,14,1,498710889
0.734808077132225,0.542630554501635,14,1,498710889
0.0421383994166833,0.785759433928214,14,1,498710889
0.142828726118791,0.444545544571026,14,1,498710889
0.00655659336070324,0.368601551673485,14,1,498710889
0.131769529965569,0.843410543661964,14,1,498710889
0.560285777925713,0.568939433909169,14,1,498710889
0.341258507939325,0.648861474359828,14,1,498710889
0.271900453329914,0.139169117945102,14,1,498710889
0.921823364151955,0.98264107888376,14,1,498710889
0.455513233459298,0.44852324735125,14,1,498710889
0.822672462350303,0.913810340630477,14,1,498710889
0.659016859079151,0.199495705752256,14,1,498710889
0.387161840689912,0.35126528577563,14,1,498710889
0.114948941465228,0.575361075186773,14,1,498710889
0.666797997746752,0.959294139876474,14,1,498710889
0.730973714319053,0.96463766827144,14,1,498710889
0.912228280211251,0.061484378519209,14,1,498710889
0.447575301623321,0.214254494788541,14,1,498710889
0.189587325668986,0.44699944543295,14,1,498710889
0.231500033298137,0.746412000919905,14,1,498710889
0.0306609231977546,0.110297897691669,14,1,498710889
0.263368679656582,0.208353276016709,14,1,498710889
0.425920390984478,0.78887410991699,14,1,498710889
0.150414443115589,0.471079967205856,14,1,498710889
0.737321763036163,0.455266544506486,14,1,498710889
0.0660331920441806,0.492539914564748,14,1,498710889
0.982639982735029,0.712088131309282,14,1,498710889
0.776497781348928,0.945120697576712,14,1,498710889
0.269790337661982,0.287729911222187,14,1,498710889
0.523815215585429,0.499926406632715,14,1,498710889
0.189304915731096,0.0848203505386911,14,1,498710889
0.711805494354118,0.107402170146639,14,1,498710889
0.126171380460399,0.230928013481429,14,1,498710889
0.714197597310926,0.181347329065575,14,1,498710889
0.155911298563515,0.484382574427197,14,1,498710889
0.259159298690256,0.280809379305232,14,1,498710889
0.54641644816462,0.210831487585346,14,1,498710889
0.437546305910261,0.883055658038584,14,1,498710889
0.439255889602943,0.274998304875033,14,1,498710889
0.699377097392945,0.454346736982675,14,1,498710889
0.586150601962712,0.696109578470846,14,1,498710889
0.896245614081834,0.658703384577676,14,1,498710889
0.577222591436355,0.178837307939177,14,1,498710889
0.348082348333883,0.856556275792031,14,1,498710889
0.203971071719717,0.828290965807082,14,1,498710889
0.22399932201253,0.0194747335945182,14,1,498710889
0.692798320463986,0.47407229144773,14,1,498710889
0.554950686680687,0.964915397914722,14,1,498710889
0.975816693837606,0.533308204054911,14,1,498710889
0.798399324750879,0.850632464448967,14,1,498710889
0.476461778954685,0.625685455102245,14,1,498710889
0.581788705289786,0.0789679099708378,14,1,498710889
0.0380663582933911,0.757147823720565,14,1,498710889
0.808069281739292,0.253827508855559,14,1,498710889
0.694594684196105,0.266792894445829,14,1,498710889
0.794814666746427,0.313440413996201,14,1,498710889
0.414578461059195,0.380028817383843,14,1,498710889
0.0280812168253544,0.699337189061895,14,1,498710889
0.250367952617353,0.598659916250178,14,1,498710889
0.570152379352627,0.0949695802714468,14,1,498710889
0.57988562206874,0.558483130764444,14,1,498710889
0.823082966250855,0.162081214297569,14,1,498710889
0.929258201998342,0.0673836397310597,14,1,498710889
0.340673823182233,0.529091213604575,14,1,498710889
0.224368547372118,0.885811277757877,14,1,498710889
0.982514411715304,0.127615976376809,14,1,498710889
0.27018766879354,0.895946454712791,14,1,498710889
0.423763246007411,0.191163081323196,14,1,498710889
0.0873608059197446,0.762329817547021,14,1,498710889
0.678941293695368,0.635785294274539,14,1,498710889
0.107863762193253,0.645815247658281,14,1,498710889
0.00416357349013019,0.742513937246462,14,1,498710889
0.844566840019038,0.29089907166746,14,1,498710889
0.0633978384406448,0.929480320151402,14,1,498710889
0.798940166565527,0.627388372889091,14,1,498710889
0.629751782194099,0.708722039856397,14,1,498710889
0.177430665927391,0.857958917225352,14,1,498710889
0.0438641910212054,0.712608854765003,14,1,498710889
0.258001137854488,0.532416316614426,14,1,498710889
0.697547532455132,0.66060097313828,14,1,498710889
0.388296953215352,0.546176927797412,14,1,498710889
0.836312040273091,0.945290978848517,14,1,498710889
0.0274467701216929,0.881879221379553,14,1,498710889
0.863424564913127,0.512266679164175,14,1,498710889
0.648733548336872,0.064654805159913,14,1,498710889
0.629885127842151,0.328083167961839,14,1,498710889
0.09518827259074,0.202148913698053,14,1,498710889
0.160174014078427,0.423363401231144,14,1,498710889
0.850334171437428,0.997581794248054,14,1,498710889
0.767842582253293,0.831415899966645,14,1,498710889
0.768886385635722,0.894576866802403,14,1,498710889
0.988739740390601,0.583695965007245,14,1,498710889
0.0373080374335579,0.596480199085645,14,1,498710889
0.570310793263154,0.170377517221514,14,1,498710889
0.916168565725584,0.1107377072853,14,1,498710889
0.492653761977444,0.48519028737629,14,1,498710889
0.965808124732041,0.567424586525608,14,1,498710889
0.968790353891237,0.206850989089493,14,1,498710889
0.99934500107367,0.742226250352084,14,1,498710889
0.444540831700035,0.548166801565373,14,1,498710889
0.21427051069037,0.0514368497440367,14,1,498710889
0.995087286389809,0.894314465594096,14,1,498710889
0.326270310398291,0.307920455399966,14,1,498710889
0.550975245825549,0.174411207461885,14,1,498710889
0.970069963561982,0.836904274144181,14,1,498710889
0.0110456936167393,0.308324756734368,14,1,498710889
0.48472588060944,0.127442242499105,14,1,498710889
0.789669108456804,0.815890830670876,14,1,498710889
0.210324117262815,0.775949499357725,14,1,498710889
0.25548673405881,0.345882398888034,14,1,498710889
0.0852315740217033,0.364387018100191,14,1,498710889
0.505123502515535,0.826297833820566,14,1,498710889
0.379505244534861,0.0935940629896443,14,1,498710889
0.494602117105256,0.104828825900913,14,1,498710889
0.368320013366077,0.226468897199824,14,1,498710889
0.745299748183278,0.0829802556988808,14,1,498710889
0.696499561241426,0.304514956621468,14,1,498710889
0.852866756270175,0.665273237775686,14,1,498710889
0.460676877287891,0.224050312124191,14,1,498710889
0.410861737253095,0.12712699971409,14,1,498710889
0.197401348822472,0.00588035955625532,14,1,498710889
0.038572276337772,0.124629639278535,14,1,498710889
0.981640524744747,0.162237035195538,14,1,498710889
0.336622111514853,0.954370483430197,14,1,498710889
0.366475886269097,0.375599009559172,14,1,498710889
0.629302084408289,0.227305231330006,14,1,498710889
0.376704338956597,0.932916591725069,14,1,498710889
0.921315303608242,0.888757007100734,14,1,498710889
0.25092131058341,0.945698798818291,14,1,498710889
0.262457813308598,0.18976172151975,14,1,498710889
0.255197600923389,0.0057670178254432,14,1,498710889
0.990746222676608,0.00581633587205754,14,1,498710889
0.515269181069791,0.332938294716695,14,1,498710889
0.573707344811576,0.255756821117844,14,1,498710889
0.0118211660017788,0.516193193273149,14,1,498710889
0.552894325474223,0.357265281742038,14,1,498710889
0.918793514897167,0.151454227818498,14,1,498710889
0.189598274006995,0.235619100543031,14,1,498710889
0.374975239205401,0.477988866298495,14,1,498710889
0.804341483756835,0.186438351594834,14,1,498710889
0.493242895665408,0.00288297574633578,14,1,498710889
0.418246869841531,0.667085782062222,14,1,498710889
0.180404363174467,0.677493887941768,14,1,498710889
0.370836096545639,0.590013822780967,14,1,498710889
0.0359733110061349,0.153456316489879,14,1,498710889
0.753432960976308,0.964268738080806,14,1,498710889
0.943919343032921,0.631360135912113,14,1,498710889
0.272017162292351,0.278209459547436,14,1,498710889
0.0925578530468787,0.506222042123182,14,1,498710889
0.270497761758338,0.555781736078185,14,1,498710889
0.865764431351906,0.260786246483003,14,1,498710889
0.673790882102845,0.121768311284899,14,1,498710889
0.0347436835886024,0.690881723835448,14,1,498710889
0.393040295467287,0.889302323019753,14,1,498710889
0.98089238810133,0.567333070401024,14,1,498710889
0.640569199796972,0.471630671958843,14,1,498710889
0.398675679430666,0.625364784894901,14,1,498710889
0.100030647502427,0.688913369525897,14,1,498710889
0.623167710377441,0.771889710368857,14,1,498710889
0.228778859072931,0.255738438810269,14,1,498710889
0.597867014172701,0.915188617095006,14,1,498710889
0.344965120878481,0.496870972518122,14,1,498710889
0.991758266341153,0.775944114213298,14,1,498710889
0.633143892603679,0.245571413382109,14,1,498710889
0.189950865596515,0.822826973997082,14,1,498710889
0.328648186206524,0.470367580999072,14,1,498710889
0.843754773199406,0.963744237375848,14,1,498710889
0.730630385845856,0.387875113917982,14,1,498710889
0.101591742361939,0.0638411173562901,14,1,498710889
0.460743264679764,0.531154643705099,14,1,498710889
0.434265771901069,0.202885788382682,14,1,498710889
0.677911370361756,0.267027320452914,14,1,498710889
0.408441865893485,0.479457228394511,14,1,498710889
0.149587416072801,0.350606553607809,14,1,498710889
0.12522100700805,0.235477017699982,14,1,498710889
0.263705512177656,0.550761152040638,14,1,498710889
0.768027658100422,0.11692500552986,14,1,498710889
0.803780441191217,0.0541391572648324,14,1,498710889
0.707743634255402,0.309090127996351,14,1,498710889
0.617340838997168,0.833723203727658,14,1,498710889
0.0346161374685447,0.765332094831408,14,1,498710889
0.753797067683007,0.600926670293054,14,1,498710889
0.39624642149729,0.557095195598205,14,1,498710889
0.900142460841467,0.87667674327042,14,1,498710889
0.731853426968933,0.797993586196289,14,1,498710889
0.53890490453946,0.41976534987414,14,1,498710889
0.315419460091877,0.922411489971728,14,1,498710889
0.500291565596889,0.816519336431593,14,1,498710889
0.322435634107717,0.911984898707868,14,1,498710889
0.0241894185457081,0.418928096658845,14,1,498710889
0.913519801093402,0.21025879502491,14,1,498710889
0.652067077890108,0.54291438585841,14,1,498710889
0.125678442545556,0.158606254312778,14,1,498710889
0.150996368387779,0.676919891449611,14,1,498710889
0.405893786700212,0.456585266287076,14,1,498710889
0.352414588616769,0.157320375670638,14,1,498710889
0.671138391182477,0.552867986620366,14,1,498710889
0.577277842412261,0.617838295486784,14,1,498710889
0.634815685506588,0.449946106891226,14,1,498710889
0.671078189962159,0.403389725435925,14,1,498710889
0.424802247276074,0.131206378840368,14,1,498710889
0.819885453431116,0.452609620620628,14,1,498710889
0.63876325914587,0.788964949961054,14,1,498710889
0.660537611425705,0.872188078684122,14,1,498710889
0.0742825561073372,0.581639959309446,14,1,498710889
0.0889346036257452,0.116479235058804,14,1,498710889
0.541336040842663,0.343692993724523,14,1,498710889
0.101202980752519,0.155379786626904,14,1,498710889
0.864515914330839,0.627981230927712,14,1,498710889
0.217975609242208,0.27617520460813,14,1,498710889
0.429164784956778,0.295326925654174,14,1,498710889
0.481617084645053,0.400487256255543,14,1,498710889
0.126833232475723,0.49965264814249,14,1,498710889
0.656243964188434,0.624626778289515,14,1,498710889
0.970105915583185,0.529607396200887,14,1,498710889
0.329759325919055,0.258966691824363,14,1,498710889
0.0964207120157594,0.313356113168011,14,1,498710889
0.746966578488688,0.920673055013672,14,1,498710889
0.138337844393163,0.298099574774614,14,1,498710889
0.114533249689928,0.249612877064682,14,1,498710889
0.356462474182494,0.925580283787506,14,1,498710889
0.390563050851304,0.383300722219619,14,1,498710889
0.747029317583002,0.32206256428056,14,1,498710889
0.885469217744795,0.755858336147246,14,1,498710889
0.20270916758119,0.841198467780109,14,1,498710889
0.142209174176398,0.00666353105386364,14,1,498710889
0.563819591429946,0.00598075866513614,14,1,498710889
0.646632334312911,0.699393113442577,14,1,498710889
0.892702718592026,0.891635251709232,14,1,498710889
0.871129005463796,0.101827616425553,14,1,498710889
0.820711981676125,0.992341219445387,14,1,498710889
0.191449415557554,0.58393430101265,14,1,498710889
0.900333249071666,0.206776304457731,14,1,498710889
0.546722944235855,0.0374506917743265,14,1,498710889
0.757541903389227,0.974543770770022,14,1,498710889
0.0125144922221194,0.0470260194959522,14,1,498710889
0.472527772400099,0.527581435828943,14,1,498710889
0.83709449076895,0.228642013013738,14,1,498710889
0.698897850377376,0.894240647297756,14,1,498710889
0.78352046470251,0.191097103589701,14,1,498710889
0.303395274362962,0.683247477967233,14,1,498710889
0.499160141604597,0.114962528989617,14,1,498710889
0.875542917473743,0.914144530320087,14,1,498710889
0.228880453950243,0.570525818857534,14,1,498710889
0.355841547882954,0.17470717679962,14,1,498710889
0.482646096030611,0.499298789558096,14,1,498710889
0.846977603006643,0.840663061569568,14,1,498710889
0.425794502129169,0.631385664164623,14,1,498710889
0.849966572308691,0.445734505615518,14,1,498710889
0.209503869250696,0.890640127950487,14,1,498710889
0.356852530048497,0.117504364813356,14,1,498710889
0.303636431290081,0.308004100742485,14,1,498710889
0.674194675359589,0.707813481567308,14,1,498710889
0.632467891347757,0.875429678385923,14,1,498710889
0.444264994288111,0.879556557476839,14,1,498710889
0.36047079402655,0.76426571226525,14,1,498710889
0.461414595037628,0.696468569329737,14,1,498710889
0.354290019001361,0.907659426969681,14,1,498710889
0.00923043320189443,0.246340970155537,14,1,498710889
0.270342663725236,0.571770303945548,14,1,498710889
0.929970362952996,0.116391854339517,14,1,498710889
0.643566338254032,0.0107425956777496,14,1,498710889
0.0902636515533786,0.417613531258854,14,1,498710889
0.849087952267149,0.323496219153128,14,1,498710889
0.577618336566508,0.169534658913009,14,1,498710889
0.60686048077835,0.104186200869114,14,1,498710889
0.490382060398715,0.437734076391475,14,1,498710889
0.444897128166196,0.85022934812545,14,1,498710889
0.730260750914265,0.984833379542083,14,1,498710889
0.147475562730964,0.351294447777671,14,1,498710889
0.246218443536676,0.543387999079208,14,1,498710889
0.0922177898702659,0.589223398079363,14,1,498710889
0.663084167178232,0.164740937333404,14,1,498710889
0.652332244186647,0.344996123744713,14,1,498710889
0.949067597834653,0.910808849432917,14,1,498710889
0.48781520450662,0.487519343633687,14,1,498710889
0.523885220880129,0.0346312638389421,14,1,498710889
0.906555971406021,0.957466799182619,14,1,498710889
0.167773904578555,0.0527230669779242,14,1,498710889
0.450871275768024,0.611440689018365,14,1,498710889
0.863698465816181,0.267211499010525,14,1,498710889
0.694311317674668,0.634080546806129,14,1,498710889
0.216458116783836,0.153260438496789,14,1,498710889
0.196594000616588,0.525488897262913,14,1,498710889
0.19050365706053,0.886807813465185,14,1,498710889
0.0598526083982542,0.849776841851115,14,1,498710889
0.383398197390434,0.676239934241682,14,1,498710889
0.131719437443107,0.246788996178383,14,1,498710889
0.905542593268547,0.29436045483764,14,1,498710889
0.00519532474679285,0.792920232386329,14,1,498710889
0.058102209706028,0.97776591704386,14,1,498710889
0.166499853721984,0.412189612964581,14,1,498710889
0.139187723341139,0.749692481196299,14,1,498710889
0.930707589656902,0.0245467091071259,14,1,498710889
0.819562807952428,0.84253966586413,14,1,498710889
0.715879778251919,0.881619777561055,14,1,498710889
0.837977987111076,0.0263006709329416,14,1,498710889
0.571617365351922,0.467899737841507,14,1,498710889
0.844003334011589,0.0477723334385856,14,1,498710889
0.783838763551906,0.594398310790729,14,1,498710889
0.699588514736319,0.0847590942489176,14,1,498710889
0.584960988438064,0.761974787771614,14,1,498710889
0.498921324901828,0.654494145187545,14,1,498710889
0.0268101735449884,0.223042357585539,14,1,498710889
0.23947811692719,0.138228149242069,14,1,498710889
0.422096158749791,0.328183528625213,14,1,498710889
0.620867435901256,0.660117511373237,14,1,498710889
0.530956599481373,0.393102337696271,14,1,498710889
0.431360346213327,0.697702048015696,14,1,498710889
0.822981765417048,0.00141204653548521,14,1,498710889
0.505360992379984,0.938160202748542,14,1,498710889
0.662202683174109,0.210932034872142,14,1,498710889
0.229744338647273,0.14543480445318,14,1,498710889
0.783243109106191,0.252269860007434,14,1,498710889
0.67941122285991,0.63594967914378,14,1,498710889
0.935630640501309,0.423952442216144,14,1,498710889
0.261835744884499,0.643461194971401,14,1,498710889
0.825136491155459,0.702113795528865,14,1,498710889
0.410005437738011,0.951538685576906,14,1,498710889
0.494743479319107,0.916807887213249,14,1,498710889
0.958091703337163,0.929151846577691,14,1,498710889
0.658482896126645,0.602101129598725,14,1,498710889
0.444027039613085,0.671633478037364,14,1,498710889
0.405276444381997,0.53071862422591,14,1,498710889
0.949885519949241,0.667421063413108,14,1,498710889
0.795744810516835,0.32311595732098,14,1,498710889
0.526950980045549,0.0748462151022036,14,1,498710889
0.692190088864058,0.296187291853896,14,1,498710889
0.598033368319888,0.724023470058279,14,1,498710889
0.929991419331047,0.59787224228816,14,1,498710889
0.679303833820246,0.186645358991947,14,1,498710889
0.321073805967805,0.833256804569068,14,1,498710889
0.93425651713621,0.725945465368244,14,1,498710889
0.764578643361204,0.567942393376934,14,1,498710889
0.393522681409857,0.418707454775373,14,1,498710889
0.643923660845581,0.797926486146509,14,1,498710889
0.372347866640385,0.727615375581399,14,1,498710889
0.422210162189314,0.546990856422652,14,1,498710889
0.595184998824706,0.466537036424381,14,1,498710889
0.278539024951846,0.162652725064797,14,1,498710889
0.0848665699713829,0.00700353096684392,14,1,498710889
0.428638739231079,0.197152337245214,14,1,498710889
0.233098937932426,0.765245738805874,14,1,498710889
0.444619299377085,0.136962936163431,14,1,498710889
0.636760359648419,0.263100271439569,14,1,498710889
0.0117702867048539,0.753016174988802,14,1,498710889
0.0916468532930628,0.35513750102715,14,1,498710889
0.186768433109154,0.995270582743998,14,1,498710889
0.799847113933075,0.187483673584733,14,1,498710889
0.112102312492425,0.374464560467695,14,1,498710889
0.212318512140508,0.144810493062125,14,1,498710889
0.113997873603425,0.0624527074641048,14,1,498710889
0.739877810644646,0.753293898206328,14,1,498710889
0.739382321184584,0.620342079640479,14,1,498710889
0.803131836382448,0.960473634154578,14,1,498710889
0.530913347353503,0.566913162979444,14,1,498710889
0.228247236761647,0.713337624890615,14,1,498710889
0.809295800259857,0.026544374720566,14,1,498710889
