0.86107377682429,0.213281016798619,14,1,498710889
0.379920590360368,0.674742635973228,14,1,498710889
0.830608930709333,0.185184865784654,14,1,498710889
0.79293198608501,0.631808863434523,14,1,498710889
0.590045656642758,0.774013531228351,14,1,498710889
0.266789927127188,0.955546301689952,14,1,498710889
0.146208468863402,0.0388629946341488,14,1,498710889
0.20498711893088,0.875182876835867,14,1,498710889
0.638573486749086,0.52773975086641,14,1,498710889
0.099153965280359,0.857677419747426,14,1,498710889
0.481448314317541,0.181691908311107,14,1,498710889
0.0608691491074622,0.135209247143175,14,1,498710889
0.188713246450336,0.557506944805226,14,1,498710889
0.207986955147806,0.728979963466643,14,1,498710889
0.337332018377012,0.0932525513197107,14,1,498710889
0.681559253161425,0.984631221919159,14,1,498710889
0.882388680019261,0.0251066214835765,14,1,498710889
0.81340862894263,0.375084292118084,14,1,498710889
0.415460518991197,0.795199182864832,14,1,498710889
0.103351232224906,0.272706260394923,14,1,498710889
0.750068616108069,0.137066991482948,14,1,498710889
0.613393862529688,0.136220809203382,14,1,498710889
0.496371339011404,0.358015772883985,14,1,498710889
0.0489396370521709,0.797902449015526,14,1,498710889
0.710680153911299,0.968293044435096,14,1,498710889
0.132323265367827,0.111756206704818,14,1,498710889
0.253536902051556,0.395399111193691,14,1,498710889
0.276950018341577,0.377569187329393,14,1,498710889
0.498837166185523,0.620811091514005,14,1,498710889
0.0950270239765811,0.6526749449296,14,1,498710889
0.357227475796344,0.155964563878798,14,1,498710889
0.251581773714461,0.999854078649776,14,1,498710889
0.67314686753833,0.359412408216382,14,1,498710889
0.567689438869516,0.611617443218468,14,1,498710889
0.166157612140952,0.0541411020181304,14,1,498710889
0.189401964217389,0.955413341597364,14,1,498710889
0.267997761857274,0.943476900158047,14,1,498710889
0.838517778552603,0.148027617719057,14,1,498710889
0.163670873180792,0.154224226177259,14,1,498710889
0.72074810129069,0.121174358023862,14,1,498710889
0.69676066311533,0.388384870531024,14,1,498710889
0.284435017280671,0.772593605095558,14,1,498710889
0.70331795023877,0.109382177076951,14,1,498710889
0.743421871384644,0.191125975491023,14,1,498710889
0.8932760688881,0.392079894876763,14,1,498710889
0.5618636079116,0.530624041894123,14,1,498710889
0.809939884595854,0.774462366926732,14,1,498710889
0.796164087016614,0.768836869065528,14,1,498710889
0.760065145608748,0.837440222777871,14,1,498710889
0.494818914721554,0.747220085245706,14,1,498710889
0.0858708964881114,0.0868512754584514,14,1,498710889
0.206802081023269,0.84430027358476,14,1,498710889
0.496020335758386,0.693823522610991,14,1,498710889
0.551238449217873,0.977814338843379,14,1,498710889
0.954343363228748,0.282871015885887,14,1,498710889
0.96286991777715,0.590101262083802,14,1,498710889
0.534533074990766,0.426814975917236,14,1,498710889
0.597279727714553,0.625790311703148,14,1,498710889
0.336370627205532,0.385695982246135,14,1,498710889
0.146705734257765,0.185989342596249,14,1,498710889
0.707155598840959,0.808510245623267,14,1,498710889
0.358488014865174,0.615445632613414,14,1,498710889
0.802385980276829,0.784825828869545,14,1,498710889
0.260099150305714,0.873637955321954,14,1,498710889
0.992621599366624,0.725783638585323,14,1,498710889
0.556018700085378,0.255433654146676,14,1,498710889
0.794698967073136,0.482718132145957,14,1,498710889
0.86617560112884,0.529654626579034,14,1,498710889
0.170732507457705,0.316509484579273,14,1,498710889
0.832344707394363,0.287632462450978,14,1,498710889
0.591980954355785,0.697914740418198,14,1,498710889
0.639560574106917,0.711353780050649,14,1,498710889
0.117960780513743,0.828202995704924,14,1,498710889
0.752055685810829,0.521862745088055,14,1,498710889
0.744377425652371,0.588486637005731,14,1,498710889
0.0955749109480513,0.0801194432325714,14,1,498710889
0.0188100729082965,0.849707394565975,14,1,498710889
0.548499408110301,0.134779326656505,14,1,498710889
0.551402211010877,0.966775819588832,14,1,498710889
0.971643890940528,0.0938553631264618,14,1,498710889
0.970176722478577,0.685941923005143,14,1,498710889
0.885024139549444,0.997736226526327,14,1,498710889
0.0191401799455457,0.573231683772701,14,1,498710889
0.136578091822922,0.036462144849688,14,1,498710889
0.260971981580793,0.68110307982258,14,1,498710889
0.59811803308249,0.349272665917411,14,1,498710889
0.658668142450202,0.342334335803484,14,1,498710889
0.419174334809592,0.946732475993264,14,1,498710889
0.469864627531527,0.756581540961639,14,1,498710889
0.29344437006444,0.918135142066043,14,1,498710889
0.963504194795286,0.0913466794633924,14,1,498710889
0.309464271584279,0.760898682804015,14,1,498710889
0.739847850274992,0.630846032938334,14,1,498710889
0.660008383129922,0.376498511500857,14,1,498710889
0.0614719223117088,0.91788956595847,14,1,498710889
0.206770909265155,0.242200609479235,14,1,498710889
0.482280355453958,0.530557846509351,14,1,498710889
0.00757208447970004,0.186979189562852,14,1,498710889
0.497082719275515,0.52690086691958,14,1,498710889
0.111588047080841,0.251273781902831,14,1,498710889
0.402484977351695,0.445365690906019,14,1,498710889
0.368254105614821,0.0778307299701213,14,1,498710889
0.543374017777061,0.188773707875351,14,1,498710889
0.722452521279812,0.878051760992991,14,1,498710889
0.298187932110114,0.81597522094327,14,1,498710889
0.347863684440468,0.896685450430441,14,1,498710889
0.237838537330068,0.264504820786509,14,1,498710889
0.505164121789862,0.356028142114663,14,1,498710889
0.838426356671312,0.810929372429148,14,1,498710889
0.00928931943202738,0.534683554789661,14,1,498710889
0.325241235726455,0.322391695851809,14,1,498710889
0.221427384285289,0.331004061775365,14,1,498710889
0.906631124701112,0.0774000722538983,14,1,498710889
0.654108157517619,0.112864803049845,14,1,498710889
0.11900048853081,0.930174512346278,14,1,498710889
0.70160663898025,0.172317469824135,14,1,498710889
0.0122325002380874,0.21827951242573,14,1,498710889
0.845790279264834,0.959233582194589,14,1,498710889
0.0731784483349665,0.124359479731213,14,1,498710889
0.534744586594031,0.235553587167156,14,1,498710889
0.516274561419363,0.775865753570734,14,1,498710889
0.0284003253218361,0.908054504296509,14,1,498710889
0.608193314057303,0.176423450900736,14,1,498710889
0.786677692979812,0.987933510801173,14,1,498710889
0.485016952129587,0.388851957498984,14,1,498710889
0.56081297632762,0.678359880669015,14,1,498710889
0.308208610812439,0.985263602810314,14,1,498710889
0.743649413300863,0.00219219097916179,14,1,498710889
0.118639768940376,0.979445821736815,14,1,498710889
0.397926739162234,0.854506503653726,14,1,498710889
0.476500020951752,0.686317402274066,14,1,498710889
0.225489076299782,0.694207797778567,14,1,498710889
0.946429555551872,0.541922446179546,14,1,498710889
0.283472873940165,0.145483517430178,14,1,498710889
0.474865539706567,0.0585540155395978,14,1,498710889
0.127909111566113,0.496465954479434,14,1,498710889
0.110273285629462,0.580177404165215,14,1,498710889
0.453649669967598,0.942806552832877,14,1,498710889
0.512005465397101,0.411116635801577,14,1,498710889
0.760182343792979,0.374204565232952,14,1,498710889
0.121949355253476,0.230251145881116,14,1,498710889
0.71969590831645,0.57884869710467,14,1,498710889
0.889777892103902,0.569912607530708,14,1,498710889
0.921396051413454,0.152016005917414,14,1,498710889
0.969203268881172,0.370441287086187,14,1,498710889
0.519215064534116,0.369122834972417,14,1,498710889
0.897624686882995,0.241062573810501,14,1,498710889
0.337731389887005,0.203011231977836,14,1,498710889
0.374559726543898,0.961152594045712,14,1,498710889
0.946252424371208,0.0182970663293296,14,1,498710889
0.397799622102247,0.674068899110288,14,1,498710889
0.259725928316221,0.299149678137827,14,1,498710889
0.868774500898954,0.870141070473285,14,1,498710889
0.323091030850808,0.975395401056668,14,1,498710889
0.393492432880611,0.523566403388261,14,1,498710889
0.590023862128992,0.527321955935278,14,1,498710889
0.0195977019039848,0.206994482556125,14,1,498710889
0.496300580411821,0.284192858813561,14,1,498710889
0.0263104078542398,0.88599647095228,14,1,498710889
0.783409875525808,0.74863340698389,14,1,498710889
0.0184963437302779,0.2650969124313,14,1,498710889
0.694821007515458,0.824718100689705,14,1,498710889
0.378580948091869,0.4922888597209,14,1,498710889
0.453097992270598,0.815083202453305,14,1,498710889
0.988422476825704,0.268567897267696,14,1,498710889
0.922150581276035,0.554565784198263,14,1,498710889
0.384287885950045,0.655871154982099,14,1,498710889
0.391374194354132,0.347926734547702,14,1,498710889
0.12871916178447,0.622501845063071,14,1,498710889
0.391481825727671,0.420962971731023,14,1,498710889
0.0864759914414202,0.38158255513252,14,1,498710889
0.371940640030639,0.0860389409587654,14,1,498710889
0.0699013615082489,0.0668973055161841,14,1,498710889
0.136103369344795,0.77089021279471,14,1,498710889
0.451697832689276,0.177541428871077,14,1,498710889
0.743720455094874,0.560181721731934,14,1,498710889
0.961430756507394,0.553332849221947,14,1,498710889
0.401889707256191,0.0844175112052385,14,1,498710889
0.663828137345192,0.113001995236055,14,1,498710889
0.844402666240768,0.19999590381755,14,1,498710889
0.742494920792359,0.733869215963813,14,1,498710889
0.999260513856016,0.353737630995457,14,1,498710889
0.24604737760053,0.300920812000842,14,1,498710889
0.903357516533097,0.837138157450478,14,1,498710889
0.0672164222500102,0.749308192185635,14,1,498710889
0.986524546705081,0.968710583448199,14,1,498710889
0.540556836750679,0.145266707967092,14,1,498710889
0.592222578900818,0.612537397174092,14,1,498710889
0.843432214001199,0.375748114462157,14,1,498710889
0.618775911843268,0.314080871431811,14,1,498710889
0.913437220219559,0.772466516502616,14,1,498710889
0.0489288809312756,0.413068644851124,14,1,498710889
0.374867721721012,0.0989952375997332,14,1,498710889
0.663666414182892,0.95577300537871,14,1,498710889
0.173550683097392,0.277285025165133,14,1,498710889
0.0800007774570641,0.861205975425249,14,1,498710889
0.894796056486172,0.807310738785088,14,1,498710889
0.877626491814841,0.72534593577515,14,1,498710889
0.943381633966275,0.502256357477522,14,1,498710889
0.0223797661267513,0.275831112135229,14,1,498710889
0.860452531155191,0.277697333106453,14,1,498710889
0.515283069866292,0.982312745112692,14,1,498710889
0.780495947888587,0.445939802310085,14,1,498710889
0.110784166201572,0.349946947721322,14,1,498710889
0.0500668779610569,0.67654133228894,14,1,498710889
0.0256511869225777,0.76994154218245,14,1,498710889
0.900313520054933,0.63238509888826,14,1,498710889
0.11390283268363,0.0818894275158586,14,1,498710889
0.357510211985608,0.571632513924245,14,1,498710889
0.646510636869311,0.409972614701327,14,1,498710889
0.84842696690838,0.716337146031016,14,1,498710889
0.783508906517139,0.111605867059517,14,1,498710889
0.379015913784173,0.249278133413666,14,1,498710889
0.595370629807819,0.738064987005465,14,1,498710889
0.20267020347312,0.476623326621825,14,1,498710889
0.879396660898586,0.368285907604994,14,1,498710889
0.646291541153508,0.886600924711341,14,1,498710889
0.375758586221758,0.599899513389936,14,1,498710889
0.110154816541123,0.20471448663313,14,1,498710889
0.956551288016187,0.153423109564339,14,1,498710889
0.275095701611687,0.59147018456337,14,1,498710889
0.911660282684788,0.09743974504833,14,1,498710889
0.398949975612128,0.895433951074341,14,1,498710889
0.8736135914957,0.33863670067251,14,1,498710889
0.759118839436475,0.782092095704074,14,1,498710889
0.83087651891416,0.101563097262064,14,1,498710889
0.396709013421877,0.415849596519736,14,1,498710889
0.86860017014643,0.256100360355476,14,1,498710889
0.922548184171601,0.375399316283886,14,1,498710889
0.209612246382444,0.361406977320018,14,1,498710889
0.460739902439207,0.170807276669938,14,1,498710889
0.101330491967026,0.374231281665963,14,1,498710889
0.293157645914255,0.22523950016107,14,1,498710889
0.690931914005424,0.315029999966803,14,1,498710889
0.478948742213389,0.907184748375086,14,1,498710889
0.999037883877159,0.193898473794876,14,1,498710889
0.372834728184812,0.541870015138569,14,1,498710889
0.639544696692393,0.863857969042716,14,1,498710889
0.313216351662505,0.238750546782303,14,1,498710889
0.93156040908783,0.184892273196036,14,1,498710889
0.447359526441176,0.202506154538187,14,1,498710889
0.0657846401450195,0.69013078123565,14,1,498710889
0.499622806893752,0.254059098910291,14,1,498710889
0.842864174789254,0.324776342713299,14,1,498710889
0.596817757149289,0.449878368279777,14,1,498710889
0.95137475437243,0.0811170095990814,14,1,498710889
0.403513511862697,0.932353652972683,14,1,498710889
0.0503773145100759,0.154420329731569,14,1,498710889
0.1331950588761,0.735285123634364,14,1,498710889
0.70673994463782,0.108023475908254,14,1,498710889
0.0460791134531275,0.540802001303505,14,1,498710889
0.192542840468529,0.084496702463289,14,1,498710889
0.283893887561725,0.494735391320716,14,1,498710889
0.862800438518657,0.488710112476294,14,1,498710889
0.683849566088221,0.371284873555195,14,1,498710889
0.991992238073192,0.96526833485224,14,1,498710889
0.49491412577383,0.102106110404787,14,1,498710889
0.950435731629849,0.920390873018827,14,1,498710889
0.652732914387991,0.866330614618678,14,1,498710889
0.129696698355185,0.546347473367845,14,1,498710889
0.280952940585046,0.227457710309751,14,1,498710889
0.711366436479881,0.347886356103634,14,1,498710889
0.412531208236178,0.668435394787095,14,1,498710889
0.926756575778143,0.732820122862204,14,1,498710889
0.332140798061298,0.762840502823718,14,1,498710889
0.0454055490511236,0.492757919423837,14,1,498710889
0.119733650072047,0.529208763300456,14,1,498710889
0.366018314612851,0.462997567273132,14,1,498710889
0.463941788876596,0.917018385692401,14,1,498710889
0.491990374939672,0.136577072559088,14,1,498710889
0.0208921638455819,0.833366059488313,14,1,498710889
0.474852005421875,0.817110579963844,14,1,498710889
0.475682658854818,0.530451163584112,14,1,498710889
0.592261752345226,0.960156726850651,14,1,498710889
0.0629928938580306,0.90543332066337,14,1,498710889
0.304337138973082,0.116679978743726,14,1,498710889
0.450115292342863,0.952795945372584,14,1,498710889
0.544923173896565,0.728138265368006,14,1,498710889
0.634120913412715,0.0465732122322509,14,1,498710889
0.687157438911134,0.222177962166436,14,1,498710889
0.614589049857212,0.911007166069257,14,1,498710889
0.0771286568128309,0.50104829357822,14,1,498710889
0.173994456240334,0.00957853590796454,14,1,498710889
0.245726119514284,0.606081240471265,14,1,498710889
0.231729671329321,0.778263960749946,14,1,498710889
0.630085143428158,0.100321677578386,14,1,498710889
0.515835021332729,0.459056916017714,14,1,498710889
0.11189586563725,0.926541037734243,14,1,498710889
0.573143379212969,0.606274715002518,14,1,498710889
0.289091505678524,0.820137440643169,14,1,498710889
0.342806685331945,0.491106009602691,14,1,498710889
0.661498518262017,0.439642494090161,14,1,498710889
0.20071522744698,0.963508896086542,14,1,498710889
0.136079579398216,0.345338552666115,14,1,498710889
0.395342712542356,0.192542118835891,14,1,498710889
0.744535747045856,0.531680419604055,14,1,498710889
0.972422168371056,0.908038252333343,14,1,498710889
0.914525068963757,0.712034422079081,14,1,498710889
0.380151325059323,0.635377053107142,14,1,498710889
0.184767751736596,0.280771979268899,14,1,498710889
0.968361008011677,0.455193882815363,14,1,498710889
0.307431650843334,0.595561543739544,14,1,498710889
0.522640786325793,0.822135068004691,14,1,498710889
0.857909576065063,0.350510009451048,14,1,498710889
0.814493544278429,0.293622487358674,14,1,498710889
0.110943962477121,0.125451166872235,14,1,498710889
0.642556949974413,0.630667566992739,14,1,498710889
0.975267918572218,0.717428000870614,14,1,498710889
0.225178113245252,0.000582816445851897,14,1,498710889
0.819571823957763,0.615897464612679,14,1,498710889
0.602976323972124,0.247893788123468,14,1,498710889
0.760014434630287,0.275341504457215,14,1,498710889
0.515665574094612,0.221238292617405,14,1,498710889
0.338477016341074,0.461640644168147,14,1,498710889
0.727890645954815,0.623183411504693,14,1,498710889
0.696951711242392,0.732534318603871,14,1,498710889
0.311056141508522,0.246529750227898,14,1,498710889
0.275599658546431,0.300465750414152,14,1,498710889
0.841040727516774,0.0136880294501387,14,1,498710889
0.965854104218891,0.287471489335313,14,1,498710889
0.00841403275734498,0.975306982091148,14,1,498710889
0.858708250907545,0.411969422396288,14,1,498710889
0.654197960885427,0.769484420068706,14,1,498710889
0.0900381395855938,0.254142431748655,14,1,498710889
0.714140306607943,0.738797048141477,14,1,498710889
0.772293660997764,0.97377085619535,14,1,498710889
0.274721342411104,0.272004090476452,14,1,498710889
0.792921464792546,0.0695927636129672,14,1,498710889
0.27255279686101,0.497267986562011,14,1,498710889
0.0710929580779185,0.841780595179882,14,1,498710889
0.84165213936992,0.60036733487769,14,1,498710889
0.306042265691676,0.907633604687102,14,1,498710889
0.958882733889779,0.119692141226754,14,1,498710889
0.544069509448211,0.102419877815686,14,1,498710889
0.470797434909049,0.287414640128662,14,1,498710889
0.726774764968325,0.252508611723326,14,1,498710889
0.507783296968189,0.902009193308105,14,1,498710889
0.681623934191228,0.389158728131842,14,1,498710889
0.981473668714834,0.901606816480971,14,1,498710889
0.330060697433206,0.771788930497203,14,1,498710889
0.177996432455993,0.52412213242401,14,1,498710889
0.821175290502086,0.176746401607708,14,1,498710889
0.44063479982092,0.0195028179583012,14,1,498710889
0.24637678528056,0.303267007326741,14,1,498710889
0.164029993549965,0.599650192142771,14,1,498710889
0.3514931944448,0.467197067514668,14,1,498710889
0.594948826344448,0.582173423500612,14,1,498710889
0.918565138854438,0.386654900797821,14,1,498710889
0.590185616365257,0.352574265139531,14,1,498710889
0.730967450024888,0.587924582465147,14,1,498710889
0.421821499146631,0.514921700792915,14,1,498710889
0.278970482431032,0.671308931058467,14,1,498710889
0.369080774858125,0.697007454501367,14,1,498710889
0.187133097048785,0.566756330667307,14,1,498710889
0.276794575459939,0.603039442322104,14,1,498710889
0.660579552229674,0.526099410432304,14,1,498710889
0.538707209260989,0.783918186257324,14,1,498710889
0.966805067611113,0.576877510092985,14,1,498710889
0.594615799566627,0.565918584808477,14,1,498710889
0.130195645045751,0.656831571004346,14,1,498710889
0.177668587357924,0.687031186848795,14,1,498710889
0.178303753966346,0.0257371313216455,14,1,498710889
0.647493900732023,0.863502763960113,14,1,498710889
0.21874107790428,0.120634355458389,14,1,498710889
0.840158493706277,0.0885300279089254,14,1,498710889
0.67877135366002,0.113052415752949,14,1,498710889
0.559464489143388,0.196852103751619,14,1,498710889
0.596242503968202,0.649177558807592,14,1,498710889
0.214320325544026,0.28048015876417,14,1,498710889
0.41828891267185,0.867661322398735,14,1,498710889
0.851385272543437,0.508218972223917,14,1,498710889
0.601014560578108,0.542813698837104,14,1,498710889
0.336226249355592,0.714207550853539,14,1,498710889
0.452259182407276,0.704699496724287,14,1,498710889
0.460829163795874,0.328940045962532,14,1,498710889
0.0813922247946461,0.0638299331609236,14,1,498710889
0.0290427741280628,0.0854212702428274,14,1,498710889
0.768980382733248,0.533061009737568,14,1,498710889
0.209902917101099,0.121639241097014,15,1,693421673
0.449213160753658,0.923672159075436,15,1,693421673
0.901274762244927,0.613125667852052,15,1,693421673
0.417946989240006,0.513266914498107,15,1,693421673
0.617924916565715,0.4227948083948,15,1,693421673
0.120301317482051,0.99836108109795,15,1,693421673
0.680139451435728,0.0288948488402854,15,1,693421673
0.241730535166922,0.536739109944614,15,1,693421673
0.531140210747896,0.639002986380564,15,1,693421673
0.143321583186843,0.0557885322068614,15,1,693421673
0.195336536548827,0.737138002203734,15,1,693421673
0.655277572375337,0.0230466599526755,15,1,693421673
0.0873608813345867,0.882962331872637,15,1,693421673
0.524894936215391,0.416372867210858,15,1,693421673
0.576668330932939,0.538734923367636,15,1,693421673
0.580547800460743,0.218650491650524,15,1,693421673
0.454517609454969,0.0321365773738593,15,1,693421673
0.947555770130443,0.37577808544839,15,1,693421673
0.778216547538824,0.713048877770941,15,1,693421673
0.393750734593727,0.0819163144183745,15,1,693421673
0.871409545727842,0.734943346153339,15,1,693421673
0.93769700195332,0.0780336859059487,15,1,693421673
0.371203532575842,0.906958144967382,15,1,693421673
0.719719451874779,0.453790201774303,15,1,693421673
0.800870964950616,0.869655286825187,15,1,693421673
0.883790284913565,0.926847442689233,15,1,693421673
0.0489338439372766,0.94496350295352,15,1,693421673
0.333543650533207,0.368726756190889,15,1,693421673
0.929854493415657,0.398902500419568,15,1,693421673
0.686381014351039,0.768998627482145,15,1,693421673
0.919947163134731,0.916652111587863,15,1,693421673
0.35316591086668,0.513649209559974,15,1,693421673
0.807930642336907,0.1488693093935,15,1,693421673
0.33340503073624,0.332843699424271,15,1,693421673
0.960608328009474,0.978099354429516,15,1,693421673
0.82716003541581,0.125699483786985,15,1,693421673
0.744701722110077,0.894717415541019,15,1,693421673
0.536786872541823,0.835452021589165,15,1,693421673
0.778379574311384,0.851762404758387,15,1,693421673
0.408537373725593,0.269451274681133,15,1,693421673
0.954166206533734,0.837603098171736,15,1,693421673
0.355638865155253,0.510995689937694,15,1,693421673
0.445308099961974,0.895538371978227,15,1,693421673
0.691217391355917,0.16615626806748,15,1,693421673
0.00529853042942308,0.250318677705798,15,1,693421673
0.693189053688233,0.587001969839353,15,1,693421673
0.821324688876916,0.481701738505708,15,1,693421673
0.608072237394168,0.182993040228548,15,1,693421673
0.110610599534001,0.612456332071936,15,1,693421673
0.504957171300467,0.758779633991358,15,1,693421673
0.558773052844108,0.202112722464732,15,1,693421673
0.909723335364384,0.921872479413107,15,1,693421673
0.912751707592007,0.783005091140947,15,1,693421673
0.25570118405684,0.841735144660458,15,1,693421673
0.966405649301143,0.257322309138267,15,1,693421673
0.0912866096532556,0.570644810665216,15,1,693421673
0.349097864771775,0.966133542421977,15,1,693421673
0.31426712562556,0.689376721088035,15,1,693421673
0.231408715172589,0.360157784236844,15,1,693421673
0.357173950655779,0.261217393482297,15,1,693421673
0.736512095141352,0.0353032383398748,15,1,693421673
0.784049267289244,0.437644678800521,15,1,693421673
0.907034712061725,0.455179704187758,15,1,693421673
0.439539689493846,0.18552616627921,15,1,693421673
0.603093342900495,0.426304717765611,15,1,693421673
0.697245800497791,0.249982678008425,15,1,693421673
0.602980330157387,0.269929630356058,15,1,693421673
0.156981191262576,0.783779012614845,15,1,693421673
0.616631883912127,0.589043245331363,15,1,693421673
0.0879084611302119,0.0120758935272605,15,1,693421673
0.49119279430728,0.575027759368475,15,1,693421673
0.987400498461638,0.633426336408349,15,1,693421673
0.165695179923357,0.280567002108551,15,1,693421673
0.0459160944168877,0.130826861889024,15,1,693421673
0.984239373627912,0.0305899890913768,15,1,693421673
0.795605247028783,0.727887844256628,15,1,693421673
0.287473965680677,0.523767192604326,15,1,693421673
0.5530684297436,0.3261404947604,15,1,693421673
0.82228952188333,0.376286510490333,15,1,693421673
0.917749496916521,0.499543729508162,15,1,693421673
0.487828917824556,0.632369984464857,15,1,693421673
0.736350075746054,0.769251159406557,15,1,693421673
0.723764502132126,0.811340262475586,15,1,693421673
0.753300722214193,0.0848253973623132,15,1,693421673
0.681247698419266,0.185528883272053,15,1,693421673
0.68362698425177,0.954658494854221,15,1,693421673
0.951168259220933,0.174464850128145,15,1,693421673
0.742440710541094,0.0070050274821396,15,1,693421673
0.154619187502689,0.714655296385291,15,1,693421673
0.00136310956797026,0.731162044709376,15,1,693421673
0.897539465999113,0.861058103176605,15,1,693421673
0.400992686234986,0.351662439528847,15,1,693421673
0.704129117903065,0.512331687262069,15,1,693421673
0.939212320617302,0.0215353366989257,15,1,693421673
0.893808102464966,0.16390620533299,15,1,693421673
0.588044769247935,0.500312912245866,15,1,693421673
0.380620292311736,0.648755186543199,15,1,693421673
0.76232192324565,0.467909509679535,15,1,693421673
0.354966119275478,0.670371849503314,15,1,693421673
0.883576596558211,0.324933345392332,15,1,693421673
0.144867944565559,0.310913094197027,15,1,693421673
0.730916151690733,0.771502443966069,15,1,693421673
0.758078063119526,0.917950746090657,15,1,693421673
0.575459805243087,0.607537132557856,15,1,693421673
0.0285492725298404,0.606828207474459,15,1,693421673
0.117318985163688,0.800505742571405,15,1,693421673
0.561784983798512,0.843669467510627,15,1,693421673
0.0544357478386743,0.00470484129778481,15,1,693421673
0.367924815645099,0.736605705872444,15,1,693421673
0.64094177972604,0.855971032389607,15,1,693421673
0.952911937435417,0.0238819997788653,15,1,693421673
0.731091040111308,0.240815607726504,15,1,693421673
0.829459816104705,0.733588995165169,15,1,693421673
0.623581361351073,0.192392913710872,15,1,693421673
0.696921022921951,0.758894617423548,15,1,693421673
0.976142526965433,0.292836930857719,15,1,693421673
0.503747385736401,0.281692875880516,15,1,693421673
0.922063528276367,0.637508298044417,15,1,693421673
0.709850085073111,0.282293186722596,15,1,693421673
0.903151554968082,0.54759599647324,15,1,693421673
0.349964316921822,0.538191605350367,15,1,693421673
0.612953934825669,0.308996528733535,15,1,693421673
0.00151858602947907,0.511923775682442,15,1,693421673
0.920224453529562,0.834343359435922,15,1,693421673
0.698222611276139,0.638559994499559,15,1,693421673
0.824552728451021,0.00608028048138554,15,1,693421673
0.908941466678561,0.158149568511865,15,1,693421673
0.120484641686869,0.923219253274052,15,1,693421673
0.713017993905616,0.820595838664528,15,1,693421673
0.511249723718437,0.40861512498246,15,1,693421673
0.411042701612178,0.612024666477975,15,1,693421673
0.585699426711581,0.193909214358269,15,1,693421673
0.236212019636828,0.16010127336654,15,1,693421673
0.471700116039533,0.166355500086552,15,1,693421673
0.865577403990279,0.802721802091347,15,1,693421673
0.446538938056529,0.918301268482022,15,1,693421673
0.522283784252952,0.31379832064425,15,1,693421673
0.764393175747318,0.748487776951082,15,1,693421673
0.238429246206583,0.266729123925338,15,1,693421673
0.0573778745276998,0.0761177858295463,15,1,693421673
0.151597229109282,0.532385158922291,15,1,693421673
0.937584364049274,0.270376305883879,15,1,693421673
0.675878623556307,0.495920298215131,15,1,693421673
0.87440398463617,0.286412078339025,15,1,693421673
0.819540314370628,0.942590545733278,15,1,693421673
0.762616975457225,0.249271464933116,15,1,693421673
0.143154622833626,0.0338541781502983,15,1,693421673
0.793817773599395,0.139763968083451,15,1,693421673
0.379067494801034,0.729102799379258,15,1,693421673
0.741945059964683,0.194208087352685,15,1,693421673
0.134750464724672,0.693580733324799,15,1,693421673
0.0616940984223402,0.873736513861757,15,1,693421673
0.323685215851469,0.304410507477822,15,1,693421673
0.249298155121081,0.720092102116661,15,1,693421673
0.413937392979582,0.510865725145282,15,1,693421673
0.410177348650003,0.0129017371246478,15,1,693421673
0.950464109528095,0.873420638463857,15,1,693421673
0.55075806579144,0.307084568417546,15,1,693421673
0.896654576746895,0.818124580781488,15,1,693421673
0.38345051078388,0.147516093530361,15,1,693421673
0.0948890513650573,0.166126202259071,15,1,693421673
0.227079580631043,0.393882143598535,15,1,693421673
0.510536595838442,0.972008295724111,15,1,693421673
0.547470216039605,0.317474403611764,15,1,693421673
0.493223127475841,0.680933807922848,15,1,693421673
0.294493468010187,0.273813625912231,15,1,693421673
0.140103593842612,0.913847608933465,15,1,693421673
0.776939941449426,0.978552028888808,15,1,693421673
0.227611113215029,0.495500223016974,15,1,693421673
0.763562576383011,0.105240996102271,15,1,693421673
0.131619591062737,0.250355434021704,15,1,693421673
0.393452291958201,0.8070791644137,15,1,693421673
0.70155156628615,0.868779676675874,15,1,693421673
0.749218821433701,0.277218027020472,15,1,693421673
0.219401105213823,0.729363771978365,15,1,693421673
0.766757090486518,0.752103270094426,15,1,693421673
0.187402003339609,0.634529713823352,15,1,693421673
0.0195891436625311,0.525539929156837,15,1,693421673
0.13197054119064,0.617576579707146,15,1,693421673
0.0981569971786089,0.679691800327813,15,1,693421673
0.473212181490184,0.640425669365692,15,1,693421673
0.550426913962892,0.0200784213828511,15,1,693421673
0.203430542678197,0.867926329078668,15,1,693421673
0.719713100601938,0.0471547025262442,15,1,693421673
0.569603646610433,0.579100215544297,15,1,693421673
0.216598517144611,0.216685098600685,15,1,693421673
0.263684338199113,0.0608999277583644,15,1,693421673
0.179012515978479,0.489501958939301,15,1,693421673
0.902486308147486,0.590678249431814,15,1,693421673
0.608176020867916,0.563122621970654,15,1,693421673
0.444137174657008,0.976629923866271,15,1,693421673
0.280619702974501,0.970928055583002,15,1,693421673
0.33450547754423,0.639024665190842,15,1,693421673
0.205649668141933,0.0059834455585106,15,1,693421673
0.815084850944864,0.441247682717391,15,1,693421673
0.910117712859339,0.144577610818355,15,1,693421673
0.453415954803227,0.991674881608382,15,1,693421673
0.0803044547468084,0.0228162222856374,15,1,693421673
0.807027375700129,0.782185015158308,15,1,693421673
0.739755189376961,0.799636686038355,15,1,693421673
0.737650939075542,0.305514336622665,15,1,693421673
0.876463913867312,0.646319353000214,15,1,693421673
0.188916938327854,0.0246988918929405,15,1,693421673
0.941263203713425,0.664065496546556,15,1,693421673
0.336953955979173,0.822690675132303,15,1,693421673
0.523520525996535,0.576029208628415,15,1,693421673
0.906964692597962,0.846085954105012,15,1,693421673
0.650617842062393,0.353032908589334,15,1,693421673
0.64412636485078,0.778880094492809,15,1,693421673
0.886107763559972,0.629935825632479,15,1,693421673
0.516141079971476,0.0493648490992618,15,1,693421673
0.655859076815591,0.75350740865424,15,1,693421673
0.492143503370429,0.604062176923446,15,1,693421673
0.0451861627591654,0.0481677552897386,15,1,693421673
0.173613474473276,0.78355793132587,15,1,693421673
0.859592402809979,0.00650863875742136,15,1,693421673
0.74102880757712,0.976695771250796,15,1,693421673
0.289009472951327,0.695254732229118,15,1,693421673
0.569932726274058,0.867021388396543,15,1,693421673
0.020729163041171,0.343693167442376,15,1,693421673
0.443882674527929,0.24093474589548,15,1,693421673
0.384968639475621,0.735805438672972,15,1,693421673
0.01454541328202,0.591410676952177,15,1,693421673
0.334451276871062,0.343888743280759,15,1,693421673
0.532163687790384,0.320659611196241,15,1,693421673
0.688393953934401,0.982910448538242,15,1,693421673
0.972251670642971,0.720621754656049,15,1,693421673
0.0912174993971473,0.42517784455807,15,1,693421673
0.487856450036683,0.420442818117881,15,1,693421673
0.140992238950508,0.683148957939911,15,1,693421673
0.846956025383461,0.659650418964086,15,1,693421673
0.478297617916623,0.409854653262445,15,1,693421673
0.209961432340873,0.491856344502096,15,1,693421673
0.31521979209655,0.343088106594878,15,1,693421673
0.48562179510575,0.0408024537266893,15,1,693421673
0.527719433879623,0.634753611866852,15,1,693421673
0.698138816331807,0.438474604034224,15,1,693421673
0.576595043628391,0.624297157050847,15,1,693421673
0.647677452872506,0.264777756184454,15,1,693421673
0.0836611921941044,0.276539038704072,15,1,693421673
0.69133946022832,0.60944155922933,15,1,693421673
0.870755793953186,0.31601887101456,15,1,693421673
0.40306053553611,0.227855024659246,15,1,693421673
0.367880000487137,0.737280871602609,15,1,693421673
0.126198737694165,0.706879191283186,15,1,693421673
0.00961615780795899,0.0782677759692598,15,1,693421673
0.0667316912922065,0.105812901414794,15,1,693421673
0.480134366502194,0.874136336472798,15,1,693421673
0.627003340728372,0.26928075515575,15,1,693421673
0.249981865999948,0.491539624698852,15,1,693421673
0.0366104790601094,0.66505241876373,15,1,693421673
0.254465916445636,0.737346290099763,15,1,693421673
0.805273624336008,0.181052133753531,15,1,693421673
0.445668937741655,0.965429818420407,15,1,693421673
0.260681068558646,0.140683863722025,15,1,693421673
0.780952417358335,0.0562408093864506,15,1,693421673
0.0248698192178702,0.409396577777702,15,1,693421673
0.911510494971747,0.0058563253074384,15,1,693421673
0.329760895536415,0.636322857714465,15,1,693421673
0.97519321414664,0.0657240238968362,15,1,693421673
0.147435445217012,0.0591119253466941,15,1,693421673
0.969300416342692,0.211804200481185,15,1,693421673
0.31672547266535,0.390886143292029,15,1,693421673
0.342823919963588,0.768940150777405,15,1,693421673
0.696383113676717,0.0449468659468222,15,1,693421673
0.0694382930890711,0.828589892162547,15,1,693421673
0.18804971057127,0.0723341602174452,15,1,693421673
0.47586716000384,0.208600933325924,15,1,693421673
0.0270822968013427,0.402240725020423,15,1,693421673
0.362647297197642,0.49465267231577,15,1,693421673
0.103471064048158,0.476645912813121,15,1,693421673
0.380653722202418,0.229580244861114,15,1,693421673
0.617990823475891,0.0116043412763791,15,1,693421673
0.974777441623879,0.0209375861973502,15,1,693421673
0.486403747802585,0.952068648563606,15,1,693421673
0.93330568058165,0.644209449861471,15,1,693421673
0.755654904543477,0.242313182607443,15,1,693421673
0.0885553841645716,0.930552529918958,15,1,693421673
0.0249664341970646,0.63677170536198,15,1,693421673
0.828198099261876,0.485647659512282,15,1,693421673
0.912371535230283,0.719827164863619,15,1,693421673
0.862873308520203,0.0232438211740487,15,1,693421673
0.27616765653084,0.490983186136661,15,1,693421673
0.447435149714316,0.929581427548914,15,1,693421673
0.25694367986701,0.690750409598081,15,1,693421673
0.28031265096809,0.96842850840524,15,1,693421673
0.259135390050173,0.515789508046015,15,1,693421673
0.567405673877388,0.108276001422553,15,1,693421673
0.994981665098225,0.347314808650155,15,1,693421673
0.465472366711803,0.951516873941629,15,1,693421673
0.607421572660581,0.767185079739447,15,1,693421673
0.210112555992493,0.254146232724572,15,1,693421673
0.98036918982199,0.982080277297204,15,1,693421673
0.616474749405741,0.764367188639461,15,1,693421673
0.888618133710631,0.614866313801058,15,1,693421673
0.310095260894545,0.138195557911901,15,1,693421673
0.713327921472877,0.56196317526491,15,1,693421673
0.898664186544536,0.205361610051668,15,1,693421673
0.269603954932994,0.741525399151215,15,1,693421673
0.0379885110282634,0.485239561971133,15,1,693421673
0.884735259926623,0.386035336068476,15,1,693421673
0.737282431408639,0.857885903938709,15,1,693421673
0.332203857409257,0.401915352263236,15,1,693421673
0.203396604207915,0.730519152457506,15,1,693421673
0.632513285340991,0.0737145390362672,15,1,693421673
0.204158495265595,0.759343709868468,15,1,693421673
0.41110979136947,0.62122525215254,15,1,693421673
0.637425551125222,0.524821063176169,15,1,693421673
0.550811241593626,0.0570248562941238,15,1,693421673
0.989443473419603,0.111265677830021,15,1,693421673
0.576211562853469,0.643194242160784,15,1,693421673
0.567985458360347,0.246046514562572,15,1,693421673
0.131441046375241,0.0109420275586898,15,1,693421673
0.189215516707467,0.144011156678274,15,1,693421673
0.860489281590491,0.40885301212769,15,1,693421673
0.192587753423403,0.0786665704351437,15,1,693421673
0.530794023149364,0.88827596577403,15,1,693421673
0.129374587500733,0.964516191137757,15,1,693421673
0.659031825019319,0.385932524578555,15,1,693421673
0.249058531249717,0.872275974349089,15,1,693421673
0.0203057299620264,0.450469934338329,15,1,693421673
0.796288035754915,0.649740006328444,15,1,693421673
0.708211563806866,0.310607021513595,15,1,693421673
0.680499249985004,0.667656563871744,15,1,693421673
0.468354659230862,0.354941803719822,15,1,693421673
0.0178371321578661,0.201502859386591,15,1,693421673
0.639223235980645,0.0983451586197095,15,1,693421673
0.940530171236852,0.145679500178879,15,1,693421673
0.85896541390995,0.721957089982149,15,1,693421673
0.633825257037347,0.263214608362134,15,1,693421673
0.270760247955897,0.897423857864478,15,1,693421673
0.887082574284728,0.180083823971668,15,1,693421673
0.351003531012309,0.105755104265727,15,1,693421673
0.242813460163843,0.687006116643211,15,1,693421673
0.271947534020054,0.868364734316679,15,1,693421673
0.489142379636831,0.494409421419133,15,1,693421673
0.576960997477781,0.355367269079529,15,1,693421673
0.164670564164506,0.276491336171436,15,1,693421673
0.590198479426978,0.712769832795606,15,1,693421673
0.616857678004007,0.71183224966114,15,1,693421673
0.884693966620048,0.734643440755796,15,1,693421673
0.739254509805322,0.532044617767908,15,1,693421673
0.30473543983218,0.386216347117834,15,1,693421673
0.129700965241606,0.603069349709623,15,1,693421673
0.621978004876054,0.432372016288585,15,1,693421673
0.706721613475556,0.336842095063088,15,1,693421673
0.146427647974796,0.81710055463097,15,1,693421673
0.324223148539497,0.00967598519948876,15,1,693421673
0.05007120543927,0.804671258489101,15,1,693421673
0.0221442880894385,0.726705769023874,15,1,693421673
0.0929934080604244,0.570903863188444,15,1,693421673
0.892378595650899,0.760227171518586,15,1,693421673
0.503208399527646,0.496058497377185,15,1,693421673
0.452889190600279,0.109311647271026,15,1,693421673
0.566503278862022,0.855358363543423,15,1,693421673
0.976392491304257,0.655834741735195,15,1,693421673
0.901016967844449,0.0404716588564915,15,1,693421673
0.340981844434438,0.145147488223894,15,1,693421673
0.571933328544371,0.281346628569888,15,1,693421673
0.101013595308422,0.078215883706575,15,1,693421673
0.189698425316571,0.718286762536088,15,1,693421673
0.704623217226821,0.331903881679865,15,1,693421673
0.066717819527673,0.615909807719794,15,1,693421673
0.937228836720021,0.3059969197662,15,1,693421673
0.351550227030926,0.154060068266153,15,1,693421673
0.265106805819586,0.89395850904007,15,1,693421673
0.182379296067049,0.423517293937674,15,1,693421673
0.241404452059778,0.841192846184207,15,1,693421673
0.513953205956268,0.853879553456815,15,1,693421673
0.457430994436668,0.177287166429592,15,1,693421673
0.846896017209662,0.24886736192544,15,1,693421673
0.679213893655652,0.900892951493476,15,1,693421673
0.523038551714696,0.89254821021361,15,1,693421673
0.991391689836903,0.871851685247718,15,1,693421673
0.8950831314636,0.412626980568856,15,1,693421673
0.693951426075132,0.75663572334218,15,1,693421673
0.794053280834448,0.745113803701275,15,1,693421673
0.803193279033625,0.734360164464022,15,1,693421673
0.938420741165699,0.445840837130292,15,1,693421673
0.864727463405678,0.0719816532315658,15,1,693421673
0.159942515943178,0.773493882634823,15,1,693421673
0.149654239966621,0.820674437693636,15,1,693421673
0.00657206246906483,0.536457902551033,15,1,693421673
0.416110459305288,0.00410209930036753,15,1,693421673
0.333719734683927,0.771415599321426,15,1,693421673
0.358859800226867,0.861144444163201,15,1,693421673
0.6036804972404,0.432406039571481,15,1,693421673
0.64785819339114,0.140544310570516,15,1,693421673
0.666571288116641,0.41610118749507,15,1,693421673
0.533265734017607,0.405096962052799,15,1,693421673
0.472388054138133,0.184375860045122,15,1,693421673
0.287733354647315,0.711832146815277,15,1,693421673
0.462992404593204,0.0699105256836379,15,1,693421673
0.669164281473358,0.16796488934,15,1,693421673
0.711540027029651,0.801962697345746,15,1,693421673
0.992020920776057,0.335031198007002,15,1,693421673
0.181126015023407,0.919525461249519,15,1,693421673
0.975155803577576,0.0122688400410089,15,1,693421673
0.0447581144645204,0.480922192743299,15,1,693421673
0.653247364228576,0.74354859119496,15,1,693421673
0.131411569728132,0.252716600124731,15,1,693421673
0.218814028472874,0.982806058802981,15,1,693421673
0.649226455045058,0.725684152104808,15,1,693421673
0.461199735171306,0.663832728792107,15,1,693421673
0.687460112355921,0.302077608360225,15,1,693421673
0.54404446210065,0.353889865792939,15,1,693421673
0.710713242501125,0.590763154781636,15,1,693421673
0.173555546782485,0.216262782091455,15,1,693421673
0.861814891629021,0.657618105086422,15,1,693421673
0.0342010972060125,0.716651768891337,15,1,693421673
0.212927518753976,0.801411358305519,15,1,693421673
0.424317821618883,0.134162462157538,15,1,693421673
0.697085373215131,0.737437547697806,15,1,693421673
0.183281373160276,0.796684508539819,15,1,693421673
0.457752688444089,0.575739475772052,15,1,693421673
0.504637862875684,0.149502042149949,15,1,693421673
0.576651281029802,0.238130426511419,15,1,693421673
0.62326199821465,0.848804713450944,15,1,693421673
0.26045524087699,0.97514655247999,15,1,693421673
0.992616229600272,0.967604277777005,15,1,693421673
0.832117949429414,0.960850602966894,15,1,693421673
0.230982197790421,0.215005645211926,15,1,693421673
0.048387168322797,0.62058223509146,15,1,693421673
0.856835355129658,0.397079118493486,15,1,693421673
0.5229165876446,0.985235699976444,15,1,693421673
0.21931672578745,0.702813774340774,15,1,693421673
0.895256161492885,0.982437407158226,15,1,693421673
0.585150665363042,0.680672464836232,15,1,693421673
0.252890939734987,0.173601409531274,15,1,693421673
0.0728752705799989,0.966678754037612,15,1,693421673
0.801372324451416,0.680778372000885,15,1,693421673
0.389591086214401,0.188207733867497,15,1,693421673
0.136823861498999,0.976355397732668,15,1,693421673
0.706845784032538,0.142266197751142,15,1,693421673
0.693222991815384,0.0906965980345742,15,1,693421673
0.387907862309102,0.291341840232746,15,1,693421673
0.826134565077309,0.66912645511368,15,1,693421673
0.197026565373314,0.945851171818987,15,1,693421673
0.215765246099031,0.51813155177762,15,1,693421673
0.802186875108156,0.699685486221989,15,1,693421673
0.687334755445492,0.285858533391512,15,1,693421673
0.508037410471389,0.889153040452473,15,1,693421673
0.873774515052352,0.519308749048188,15,1,693421673
0.261945315737602,0.178398412017712,15,1,693421673
0.937142030690068,0.783692656948332,15,1,693421673
0.371163900736652,0.604697604671184,15,1,693421673
0.500759972145316,0.107323028001426,15,1,693421673
0.447319789497763,0.316603963670759,15,1,693421673
0.85639651913087,0.892151689039396,15,1,693421673
0.225463639427804,0.791891764594089,15,1,693421673
0.449830572777359,0.0800136791056154,15,1,693421673
0.616240932382577,0.230775108027342,15,1,693421673
0.84930707542479,0.301227848289049,15,1,693421673
0.481080652943194,0.758330512700155,15,1,693421673
0.757180965180854,0.0283521411896512,15,1,693421673
0.254899595400053,0.227419010712905,15,1,693421673
0.484748208542366,0.626207978873942,15,1,693421673
0.300651625202945,0.133522971143299,15,1,693421673
0.749098415783349,0.653832878793432,15,1,693421673
0.152327457803991,0.64946652889203,15,1,693421673
0.884857384620642,0.809262873288439,15,1,693421673
0.0479350423338061,0.672593949735622,15,1,693421673
0.20463251458984,0.85016103531684,15,1,693421673
0.93823430546816,0.228391367839116,15,1,693421673
0.554359207079352,0.687977514015253,15,1,693421673
0.512635491921912,0.784367915406428,15,1,693421673
0.120575155461974,0.97873576219981,15,1,693421673
0.816769445915058,0.213405570531761,15,1,693421673
0.927121851797416,0.245147071070217,15,1,693421673
0.518575231245126,0.580152133098006,15,1,693421673
0.979642570871385,0.997255404740218,15,1,693421673
0.204449570337715,0.659667184161497,15,1,693421673
0.515713540377076,0.474071326418275,15,1,693421673
0.978856651848518,0.939826907777633,15,1,693421673
0.512506685467407,0.339042489529437,15,1,693421673
0.719304932086249,0.796501186779278,15,1,693421673
0.745473266176737,0.840926656757126,15,1,693421673
0.36269414092493,0.175212641558686,15,1,693421673
0.9075052208784,0.882651459259821,15,1,693421673
0.291599874659043,0.995101113345124,15,1,693421673
0.502772315067499,0.587384218373198,15,1,693421673
0.823271749595866,0.962233449668501,15,1,693421673
0.921571998844313,0.591964520142153,15,1,693421673
0.69029158690946,0.0760061215951942,15,1,693421673
0.202875803124749,0.375842294431012,15,1,693421673
0.91407294776281,0.934500764797132,15,1,693421673
0.347558552595357,0.422172651316246,15,1,693421673
0.154226948307111,0.551416240236902,15,1,693421673
0.212389131365914,0.765696153805698,15,1,693421673
0.481637523677348,0.38334656766481,15,1,693421673
0.20550267272299,0.981933996592328,15,1,693421673
0.963225092712195,0.927104132221892,15,1,693421673
0.941187518194873,0.317712098078183,15,1,693421673
0.301704991576382,0.984593944108881,15,1,693421673
0.501362463760369,0.114472802952118,15,1,693421673
0.512587129514934,0.197241291202855,15,1,693421673
0.503455363273179,0.126226017813865,15,1,693421673
0.539123507473652,0.292754316463696,15,1,693421673
0.336854169965278,0.563715782028588,15,1,693421673
0.71169731878983,0.259988645241443,15,1,693421673
0.862879582088213,0.938412558320736,15,1,693421673
0.805477691887585,0.183230211102507,15,1,693421673
0.832427545075,0.677455532504103,15,1,693421673
0.382857432039836,0.89387923464559,15,1,693421673
0.705131471333093,0.49838130339036,15,1,693421673
0.0743607372558897,0.877519197831362,15,1,693421673
0.134805208921717,0.864748024661315,15,1,693421673
0.737019133586744,0.820824039015587,15,1,693421673
0.859312071479509,0.319170868948288,15,1,693421673
0.536111123050239,0.05131710618861,15,1,693421673
0.479075298820756,0.217129893455734,15,1,693421673
0.15452690375973,0.410259247136588,15,1,693421673
0.946170251283947,0.00413095251482609,15,1,693421673
0.801879894298351,0.220390504089159,15,1,693421673
0.813443949643208,0.790825378469268,15,1,693421673
0.805590276132116,0.105656434702017,15,1,693421673
0.0673510881627961,0.977166092476181,15,1,693421673
0.881041975732056,0.624678668743479,15,1,693421673
0.561340719901623,0.556695425806764,15,1,693421673
0.0691260813034305,0.49302559550674,15,1,693421673
0.264611097164216,0.452948931831433,15,1,693421673
0.948948471539446,0.735983860068723,15,1,693421673
0.498746487505915,0.375815133442688,15,1,693421673
0.392239061118157,0.408564347639552,15,1,693421673
0.0845144258803505,0.947982760062375,15,1,693421673
0.252502201841985,0.316019554504358,15,1,693421673
0.707438749890335,0.521922341914654,15,1,693421673
0.183811370786753,0.189160053016648,15,1,693421673
0.927840144052026,0.59119101888974,15,1,693421673
0.488462295529831,0.853736330613523,15,1,693421673
0.932703132765734,0.680536453530278,15,1,693421673
0.688715070969863,0.915436066448726,15,1,693421673
0.26473581660994,0.234353840062187,15,1,693421673
0.859854136542155,0.546081571549784,15,1,693421673
0.330454338939394,0.0360790420945549,15,1,693421673
0.414699516289053,0.163991541555917,15,1,693421673
0.258507385052454,0.638678309851474,15,1,693421673
0.68624029902273,0.51151726421358,15,1,693421673
0.833057631600384,0.114930120763987,15,1,693421673
0.236644010705533,0.027161719975501,15,1,693421673
0.880666601542859,0.643361864375576,15,1,693421673
0.73358557737934,0.0199937684865124,15,1,693421673
0.0269805946985713,0.270710437124224,15,1,693421673
0.581749036888186,0.842790839065141,15,1,693421673
0.455571812997193,0.106242219231582,15,1,693421673
0.884797014535172,0.379036110584217,15,1,693421673
0.87232036174712,0.966291515149804,15,1,693421673
0.718338925849754,0.213584711518911,15,1,693421673
0.0864209980115751,0.654590256123675,15,1,693421673
0.172561049577228,0.964703384247182,15,1,693421673
0.502655828737269,0.749810821708453,15,1,693421673
0.397344820594649,0.476907168934545,15,1,693421673
0.208110293242596,0.346655211797754,15,1,693421673
0.251583936876356,0.534254994514049,15,1,693421673
0.309768019952137,0.875413110818027,15,1,693421673
0.133564541923176,0.860047863608014,15,1,693421673
0.536150180194076,0.698375111134824,15,1,693421673
0.551853811897702,0.61464313093213,15,1,693421673
0.897552778921233,0.328907567775738,15,1,693421673
0.787648112367004,0.983030952465738,15,1,693421673
0.710797658115172,0.259373435919733,15,1,693421673
0.185501275442654,0.0704174454746358,15,1,693421673
0.478593867224674,0.136172513570831,15,1,693421673
0.55484128999293,0.661576614882003,15,1,693421673
0.954975049766871,0.160079610632041,15,1,693421673
0.380780343528498,0.78479439639496,15,1,693421673
0.363980225465958,0.351105166405153,15,1,693421673
0.968022193318283,0.054836995170565,15,1,693421673
0.397484443069832,0.132174667852199,15,1,693421673
0.210683765798977,0.0309577920630018,15,1,693421673
0.342471873942493,0.830200334676296,15,1,693421673
0.389511993924762,0.933625019482387,15,1,693421673
0.697513351636074,0.859161847044729,15,1,693421673
0.316682451048393,0.0874283445672686,15,1,693421673
0.638276465995518,0.236599837726636,15,1,693421673
0.965264104830364,0.354197364603435,15,1,693421673
0.0568815091843651,0.206435803834726,15,1,693421673
0.193059126720096,0.369930868298501,15,1,693421673
0.510346017703666,0.777007945942382,15,1,693421673
0.77993969726815,0.792028318999445,15,1,693421673
0.719745722335367,0.9599582939843,15,1,693421673
0.334282901807822,0.893471089414974,15,1,693421673
0.564945735526485,0.370473143390279,15,1,693421673
0.151538467420112,0.638116765147746,15,1,693421673
0.583409047284726,0.836352869383215,15,1,693421673
0.525378451990157,0.651511586740637,15,1,693421673
0.405234873725867,0.996310692001074,15,1,693421673
0.33491623808299,0.537327869859961,15,1,693421673
0.333168733784396,0.899724709988914,15,1,693421673
0.311426031574594,0.0113929061553808,15,1,693421673
0.799989688543845,0.328834725259689,15,1,693421673
0.00151858205644118,0.369972940785012,15,1,693421673
0.562424727497056,0.792205655640442,15,1,693421673
0.172483996191681,0.570991072435723,15,1,693421673
0.813928901435543,0.701081132216524,15,1,693421673
0.00734096944109019,0.72131717546048,15,1,693421673
0.976771422239777,0.900952916449093,15,1,693421673
0.733299496624083,0.499478386061432,15,1,693421673
0.936777325729429,0.0307079192798758,15,1,693421673
0.848128596517601,0.266194626567084,15,1,693421673
0.459748643427393,0.197254929125366,15,1,693421673
0.806252255384469,0.649113621102317,15,1,693421673
0.956324993462945,0.74043738793885,15,1,693421673
0.493189899001544,0.322064438818006,15,1,693421673
0.671088338094019,0.828828719388675,15,1,693421673
0.335460568690243,0.558312145253489,15,1,693421673
0.0110227000692573,0.270976629047762,15,1,693421673
0.448565406881703,0.556546314597718,15,1,693421673
0.03071241889617,0.941445808220854,15,1,693421673
0.110874262273365,0.338356435369746,15,1,693421673
0.154411854982595,0.650142328335814,15,1,693421673
0.609293970921883,0.761559951619427,15,1,693421673
0.512356140509643,0.146859758274092,15,1,693421673
0.588684608184907,0.93127256468083,15,1,693421673
0.67591152737571,0.938358957591039,15,1,693421673
0.13663329668237,0.56361054475231,15,1,693421673
0.847906066264375,0.749524141190771,15,1,693421673
0.800380472903715,0.174821509023123,15,1,693421673
0.246590723629384,0.638891691931982,15,1,693421673
0.809480830657402,0.270036649080322,15,1,693421673
0.82890645768516,0.0608517907427955,15,1,693421673
0.421598707609502,0.731452417162523,15,1,693421673
