0.745442743104964,0.317794898445615,15,1,693421673
0.00876962494865463,0.141904482404937,15,1,693421673
0.701969146408013,0.0415792160536643,15,1,693421673
0.122864051396501,0.900852172485081,15,1,693421673
0.240228023438192,0.859527414346226,15,1,693421673
0.0335927835598087,0.701099992483377,15,1,693421673
0.0741987824179811,0.973537735303627,15,1,693421673
0.587494558420971,0.971737909874425,15,1,693421673
0.0378619245297038,0.87953350672024,15,1,693421673
0.0597887479332426,0.0922298481490595,15,1,693421673
0.314096410449858,0.931224142359605,15,1,693421673
0.178426439970963,0.330269329601746,15,1,693421673
0.893895857070819,0.205223907749093,15,1,693421673
0.0173055086145961,0.12017256737261,15,1,693421673
0.448557031591304,0.842592340304724,15,1,693421673
0.49708297906374,0.583449070487228,15,1,693421673
0.586575811291938,0.151961602554212,15,1,693421673
0.847953759322923,0.587076763239622,15,1,693421673
0.689634783853587,0.807482519762758,15,1,693421673
0.753358268640703,0.793415678489529,15,1,693421673
0.837078588401091,0.884767207566681,15,1,693421673
0.707630035098943,0.254613825631337,15,1,693421673
0.232062520162847,0.0129499168319014,15,1,693421673
0.94569124492442,0.649280289032021,15,1,693421673
0.710303957742439,0.00249854988889653,15,1,693421673
0.894711527780703,0.108872978149598,15,1,693421673
0.230491533632369,0.78025281731074,15,1,693421673
0.854608361911204,0.718594041098774,15,1,693421673
0.858056612380436,0.972206999973846,15,1,693421673
0.853157636315744,0.486590420495841,15,1,693421673
0.382408722217952,0.842889734679106,15,1,693421673
0.0101255557935271,0.170944062794613,15,1,693421673
0.550726600867592,0.378160431109469,15,1,693421673
0.641903164705808,0.141688320609413,15,1,693421673
0.465618005404428,0.0483900963342361,15,1,693421673
0.751771224623067,0.349838680922705,15,1,693421673
0.952431227620007,0.803225206124622,15,1,693421673
0.544710986011945,0.934715442163289,15,1,693421673
0.402118437297628,0.270627072861926,15,1,693421673
0.0349145331762086,0.275148311126336,15,1,693421673
0.258721944338984,0.349400915068617,15,1,693421673
0.798248366354045,0.324628623275193,15,1,693421673
0.374375814122482,0.32399952552641,15,1,693421673
0.224546276786485,0.647062239887479,15,1,693421673
0.0877844650259929,0.062965063268142,15,1,693421673
0.228502941034256,0.123589898251788,15,1,693421673
0.0355032090676843,0.846958971705379,15,1,693421673
0.660222222764559,0.373817857603399,15,1,693421673
0.590499270849805,0.899987471119815,15,1,693421673
0.765985550156836,0.292690739382885,15,1,693421673
0.0882597634404103,0.162087199011983,15,1,693421673
0.766331197717589,0.958300448523344,15,1,693421673
0.261614553868013,0.614815334749422,15,1,693421673
0.262398433512977,0.0105853319322584,15,1,693421673
0.499414534558041,0.438513000988294,15,1,693421673
0.591554662023101,0.457385419716593,15,1,693421673
0.983252487676712,0.305452763659542,15,1,693421673
0.414081121807217,0.857894290443181,15,1,693421673
0.995035313004685,0.343328119744998,15,1,693421673
0.23464820236039,0.600033705414283,15,1,693421673
0.637687943489026,0.948647573809418,15,1,693421673
0.142172704871769,0.442732781311558,15,1,693421673
0.154496552339111,0.755489200057916,15,1,693421673
0.408835095253665,0.478523859986276,15,1,693421673
0.416807938277559,0.915107121326754,15,1,693421673
0.664633566241729,0.890402079472825,15,1,693421673
0.781645129879749,0.928984938281606,15,1,693421673
0.830753763923431,0.58262407476387,15,1,693421673
0.232374087136602,0.913584896795106,15,1,693421673
0.586565227910286,0.406802673714321,15,1,693421673
0.168926486922973,0.132396402023756,15,1,693421673
0.590384467280388,0.325425630936595,15,1,693421673
0.000960792177200798,0.231072027122816,15,1,693421673
0.893186475406832,0.101082450894817,15,1,693421673
0.278147240495092,0.298382360678287,15,1,693421673
0.820739452641777,0.569660039565105,15,1,693421673
0.222976573694554,0.681626638815347,15,1,693421673
0.840140016473022,0.300587010574328,15,1,693421673
0.587199034193641,0.702114249176849,15,1,693421673
0.36912866153454,0.810848066015234,15,1,693421673
0.426894288400042,0.105228607466375,15,1,693421673
0.423936906208179,0.50794678879885,15,1,693421673
0.841287582051899,0.373174541876769,15,1,693421673
0.419848080390842,0.159770465182823,15,1,693421673
0.469000384237374,0.0304142495866166,15,1,693421673
0.520906747740602,0.774236568221089,15,1,693421673
0.982374476395541,0.837115372359216,15,1,693421673
0.485865008866511,0.985261967859188,15,1,693421673
0.18368829025292,0.934378750925732,15,1,693421673
0.0221783797558679,0.496436907959016,15,1,693421673
0.357435194194667,0.289958434979656,15,1,693421673
0.12347661773475,0.601692613529129,15,1,693421673
0.194451007310103,0.110729105552233,15,1,693421673
0.168212785726088,0.0801574940712777,15,1,693421673
0.067342641520419,0.336247102783252,15,1,693421673
0.6702647675245,0.497356591020671,15,1,693421673
0.0589353980115783,0.895246629360233,15,1,693421673
0.710207346864686,0.842139762989873,15,1,693421673
0.833028906580914,0.156193563830954,15,1,693421673
0.623991564523648,0.598519603151865,15,1,693421673
0.0702448981453787,0.732957086692824,15,1,693421673
0.135781047977668,0.6512042811334,15,1,693421673
0.0145996778196154,0.465493544568448,15,1,693421673
0.0966615631558565,0.588785752182313,15,1,693421673
0.778598804553669,0.492646852594582,15,1,693421673
0.638480964492059,0.372138548831265,15,1,693421673
0.441277978255978,0.347844007442673,15,1,693421673
0.00995489478419298,0.719443792692355,15,1,693421673
0.773688288076367,0.670395698798869,15,1,693421673
0.631475015084562,0.87379553166793,15,1,693421673
0.676204955866209,0.466456892583299,15,1,693421673
0.267771343620273,0.457302917530915,15,1,693421673
0.420002798039388,0.249452725916766,15,1,693421673
0.586754261480518,0.45838359247869,15,1,693421673
0.835986946440423,0.287040319233804,15,1,693421673
0.451147158610422,0.845458228223903,15,1,693421673
0.856893658524799,0.0212942126689688,15,1,693421673
0.217511675036412,0.561701747467556,15,1,693421673
0.673520294762355,0.674358375226023,15,1,693421673
0.446397852663553,0.694580549720864,15,1,693421673
0.358715983179506,0.371767577979502,15,1,693421673
0.451759652051129,0.711705665034779,15,1,693421673
0.694428598332769,0.744500625620279,15,1,693421673
0.479170288276707,0.00268479185892279,15,1,693421673
0.160181640634111,0.450245043490868,15,1,693421673
0.791378341541318,0.888250068350113,15,1,693421673
0.776221010836686,0.59054214438553,15,1,693421673
0.757559158420942,0.127603588726196,15,1,693421673
0.400548730731514,0.960280932180295,15,1,693421673
0.946290210148307,0.111997109491913,15,1,693421673
0.622475933713933,0.394499241003762,15,1,693421673
0.251656552082146,0.362688543620004,15,1,693421673
0.499414992907622,0.0524395429155078,15,1,693421673
0.183611281659076,0.419760257718054,15,1,693421673
0.361337574963381,0.262887164703275,15,1,693421673
0.510984899891907,0.177520141927502,15,1,693421673
0.319949390212872,0.370179885295898,15,1,693421673
0.848711197780651,0.111074322582061,15,1,693421673
0.800005745118483,0.598513549776116,15,1,693421673
0.483213827652966,0.0447763424693481,15,1,693421673
0.578830582533173,0.595453148597669,15,1,693421673
0.78747486816024,0.879038874022689,15,1,693421673
0.0768912873433747,0.482830725446155,15,1,693421673
0.9454141808006,0.124631300143116,15,1,693421673
0.19388273932185,0.252839982200193,15,1,693421673
0.555836446911428,0.614975676037736,15,1,693421673
0.65078497087667,0.297277306308245,15,1,693421673
0.825716269524279,0.907175625802605,15,1,693421673
0.89034956994859,0.948505017141028,15,1,693421673
0.342300573770236,0.872918791284218,15,1,693421673
0.31813409727762,0.250518128300974,15,1,693421673
0.597685778560017,0.495697568428908,15,1,693421673
0.0799566616142768,0.347166529413325,15,1,693421673
0.36929446348469,0.795905496552419,15,1,693421673
0.947486150731793,0.104147415673497,15,1,693421673
0.488715507923573,0.439384738523082,15,1,693421673
0.483340903982092,0.733631801295638,15,1,693421673
0.513671117114369,0.579170482476313,15,1,693421673
0.220684552563644,0.920781048574049,15,1,693421673
0.703889694003386,0.967942536167422,15,1,693421673
0.0952045223413993,0.601906380408913,15,1,693421673
0.473065702008655,0.880497953145681,15,1,693421673
0.0784650270580303,0.491195253760333,15,1,693421673
0.25988506201279,0.149437301287333,15,1,693421673
0.242087548214855,0.327063430313669,15,1,693421673
0.341514588055349,0.672980880439861,15,1,693421673
0.969296412649918,0.0148401695856419,15,1,693421673
0.607903950589489,0.274617951148282,15,1,693421673
0.984770665555348,0.13219305054777,15,1,693421673
0.103077180502847,0.803888146679783,15,1,693421673
0.112908967672507,0.254832448109743,15,1,693421673
0.42610507955158,0.29640972317388,15,1,693421673
0.592858654546058,0.173851201299789,15,1,693421673
0.765394431778107,0.729012251409651,15,1,693421673
0.534315165589237,0.252084184148011,15,1,693421673
0.705566362961998,0.741783199567766,15,1,693421673
0.695154239391431,0.292673294162223,15,1,693421673
0.929497200467585,0.363118455476084,15,1,693421673
0.0683061604747675,0.760568762360465,15,1,693421673
0.576337691996651,0.108074889342197,15,1,693421673
0.178892811940881,0.365485118689192,15,1,693421673
0.239666052964423,0.950504510065695,15,1,693421673
0.885730593707219,0.127758333658062,15,1,693421673
0.637332062726357,0.66033854674845,15,1,693421673
0.929266463041614,0.62769424354047,15,1,693421673
0.799678576582831,0.825477785804149,15,1,693421673
0.81461925087086,0.0683063215975024,15,1,693421673
0.00032404015029508,0.55406102360397,15,1,693421673
0.447689102666731,0.8557869276672,15,1,693421673
0.124329238054369,0.173488261734808,15,1,693421673
0.84254834907578,0.329095458476752,15,1,693421673
0.68859156706304,0.527872342885177,15,1,693421673
0.328426027630362,0.231350902609248,15,1,693421673
0.434794197621885,0.767776749736599,15,1,693421673
0.858977223169584,0.487240480680792,15,1,693421673
0.663184461282789,0.816325932328847,15,1,693421673
0.156870468300471,0.951782804706722,15,1,693421673
0.56010731519384,0.311289584587371,15,1,693421673
0.391097061616009,0.573477665049456,15,1,693421673
0.106892775067477,0.587768691621188,15,1,693421673
0.816539855936385,0.647274877453538,15,1,693421673
0.725086838396613,0.838420470303987,15,1,693421673
0.342810265810533,0.912488627550932,15,1,693421673
0.351874698781703,0.644470627673594,15,1,693421673
0.57689943556515,0.662398622489588,15,1,693421673
0.038550143840725,0.752988726374295,15,1,693421673
0.401548294672904,0.806288904468625,15,1,693421673
0.871816545549559,0.412128245137342,15,1,693421673
0.760986245332704,0.614290053903885,15,1,693421673
0.749202528206081,0.37359752478446,15,1,693421673
0.797082250268171,0.487768641156801,15,1,693421673
0.13397351471093,0.534291466174899,15,1,693421673
0.710483530391095,0.326979042356492,15,1,693421673
0.815385552663113,0.519075299798656,15,1,693421673
0.733910877354753,0.668226502123082,15,1,693421673
0.371619948610285,0.751862970274411,15,1,693421673
0.220007239161414,0.638557231657624,15,1,693421673
0.762279885821401,0.852839308118824,15,1,693421673
0.406561127987182,0.566771260308777,15,1,693421673
0.188324099440602,0.23719517758205,15,1,693421673
0.288853300102906,0.758155137103263,15,1,693421673
0.764389288473315,0.39040961510374,15,1,693421673
0.603020566625616,0.923787657419732,15,1,693421673
0.977710139757656,0.796813147070822,15,1,693421673
0.0606489481533845,0.394511410171604,15,1,693421673
0.49712676103741,0.0711718181374725,15,1,693421673
0.662579084592041,0.474466467890464,15,1,693421673
0.235980797485621,0.201190037607922,15,1,693421673
0.439458897836349,0.665664907793377,15,1,693421673
0.216309455568963,0.980074606522295,15,1,693421673
0.830423860568416,0.882172204854617,15,1,693421673
0.302573252045501,0.62369581550304,15,1,693421673
0.485210076262775,0.78404033030163,15,1,693421673
0.200566451329827,0.754570476356504,15,1,693421673
0.433948785382375,0.0410892276619172,15,1,693421673
0.557344686018516,0.648398125864294,15,1,693421673
0.0559174399864579,0.377502841948322,15,1,693421673
0.516670948882136,0.904174908157418,15,1,693421673
0.757376066453485,0.943444666397269,15,1,693421673
0.574841451961612,0.69373960223419,15,1,693421673
0.495047067573452,0.424709997537439,15,1,693421673
0.263089311822538,0.0342625482927696,15,1,693421673
0.578221249076995,0.648474126941619,15,1,693421673
0.555997951305873,0.000657447529987643,15,1,693421673
0.897740362654937,0.642088796070848,15,1,693421673
0.558308760398949,0.633527697948091,15,1,693421673
0.427080360015377,0.697942849191111,15,1,693421673
0.15708630889082,0.609432054371695,15,1,693421673
0.467671752675294,0.900500465663456,15,1,693421673
0.921060731670215,0.535601572949238,15,1,693421673
0.787929992654576,0.923558901455976,15,1,693421673
0.153065225425938,0.44989949645932,15,1,693421673
0.888362460658199,0.476740666897138,15,1,693421673
0.512439039211019,0.0688135823145215,15,1,693421673
0.871318103671275,0.466436433578534,15,1,693421673
0.377170958332552,0.833200496030786,15,1,693421673
0.992986472275693,0.520648712686419,15,1,693421673
0.0200256040287292,0.29855422123435,15,1,693421673
0.283002255909063,0.691130147374606,15,1,693421673
0.120383982272869,0.876305603704023,15,1,693421673
0.5080389292711,0.205739303668759,15,1,693421673
0.325008907117276,0.578112073631917,15,1,693421673
0.474067127040219,0.891036751199382,15,1,693421673
0.701516897496248,0.87303515208193,15,1,693421673
0.863110564096745,0.501518740546181,15,1,693421673
0.16016118056705,0.900375912162506,15,1,693421673
0.504020286297258,0.127149125771784,15,1,693421673
0.163347248110479,0.203979418063932,15,1,693421673
0.680610761375549,0.522699492798481,15,1,693421673
0.76836739838323,0.825337040624334,15,1,693421673
0.844883404170678,0.980673826847697,15,1,693421673
0.043193078371748,0.210095016091841,15,1,693421673
0.967014380386008,0.493369421523917,15,1,693421673
0.255795525800986,0.0298914751482595,15,1,693421673
0.990975043369117,0.934308004378116,15,1,693421673
0.210547761293105,0.364683911038799,15,1,693421673
0.95497532364822,0.00888381868829402,15,1,693421673
0.503750772946877,0.866523499808669,15,1,693421673
0.0304959688045714,0.040539238625515,15,1,693421673
0.703676818657029,0.351892508206556,15,1,693421673
0.801669409739888,0.35210061502324,15,1,693421673
0.21784798639508,0.208605388510583,15,1,693421673
0.421141783968652,0.357942050310554,15,1,693421673
0.514730492617174,0.0651125381122277,15,1,693421673
0.149603990230153,0.985432954869137,15,1,693421673
0.486227193799653,0.341304973341735,15,1,693421673
0.808946590678201,0.841590320318613,15,1,693421673
0.746251361889297,0.117661667416868,15,1,693421673
0.0712376536939106,0.436584381036972,15,1,693421673
0.0784342934909237,0.319448337945037,15,1,693421673
0.105990937039183,0.558461364876682,15,1,693421673
0.0621330424104398,0.863122931971668,15,1,693421673
0.855582939800518,0.409005176058701,15,1,693421673
0.221277962082283,0.145775601894196,15,1,693421673
0.813488702326215,0.445125831120337,15,1,693421673
0.367243454735388,0.743976759932956,15,1,693421673
0.329709579030963,0.518190964081075,15,1,693421673
0.782682602586766,0.330533347621103,15,1,693421673
0.826498881290983,0.321161288242045,15,1,693421673
0.755819160775231,0.708138519397,15,1,693421673
0.594781625900389,0.566527742984182,15,1,693421673
0.912686767427925,0.910763267238181,15,1,693421673
0.807156242484589,0.0851783606803225,15,1,693421673
0.216008991702876,0.00548200278494115,15,1,693421673
0.644081110502624,0.911848867450073,15,1,693421673
0.225622009333314,0.0120437502911575,15,1,693421673
0.47392836880504,0.976425212876133,15,1,693421673
0.677758918320925,0.781980548962319,15,1,693421673
0.183017048005497,0.74394280138898,15,1,693421673
0.324012247771043,0.509157422884681,15,1,693421673
0.0880076192969119,0.354817916446883,15,1,693421673
0.513760865322853,0.0367426818487204,15,1,693421673
0.927945717599402,0.812918070270543,15,1,693421673
0.295757764822938,0.420079674149295,15,1,693421673
0.453976549758266,0.733123201613736,15,1,693421673
0.644347060366268,0.765069339474563,15,1,693421673
0.295652715710544,0.869817814051806,15,1,693421673
0.344958636768754,0.411763398984395,15,1,693421673
0.496587283916106,0.510702245886536,15,1,693421673
0.683407561399822,0.173168606003396,15,1,693421673
0.224592464588957,0.78733690852062,15,1,693421673
0.502033626462422,0.0578226065884113,15,1,693421673
0.822418284812904,0.685419210515351,15,1,693421673
0.372492510672468,0.96146838784946,15,1,693421673
0.800916789818078,0.519364390126427,15,1,693421673
0.248781538669083,0.843271268558909,15,1,693421673
0.547227843241494,0.329065228249543,15,1,693421673
0.203329111890347,0.760431603552737,15,1,693421673
0.99733625888437,0.533781557820285,15,1,693421673
0.766158593784315,0.175908191620695,15,1,693421673
0.202751171345614,0.103604206460138,15,1,693421673
0.175855213231294,0.676120048276293,15,1,693421673
0.642513741808614,0.535618237305898,15,1,693421673
0.437194065673153,0.597000598633664,15,1,693421673
0.761854934560706,0.922672812801163,15,1,693421673
0.870836935742727,0.750457252969561,15,1,693421673
0.539065159632396,0.761378072195989,15,1,693421673
0.660016718654572,0.221835677180494,15,1,693421673
0.68379548822237,0.426272435550142,15,1,693421673
0.99527647775011,0.870818508842975,15,1,693421673
0.297296514840297,0.369954265493978,15,1,693421673
0.734910912037915,0.190653560738074,15,1,693421673
0.917558182754103,0.626311358084481,15,1,693421673
0.832214334022891,0.283784121827007,15,1,693421673
0.6619142553026,0.0104333837193855,15,1,693421673
0.315896288317065,0.326479045725534,15,1,693421673
0.190679734760852,0.103895558450315,15,1,693421673
0.70246479090634,0.812041169416514,15,1,693421673
0.491788575436911,0.161821058429088,15,1,693421673
0.064125819101144,0.944228148446434,15,1,693421673
0.535769387385828,0.645836104018944,15,1,693421673
0.699131591203952,0.93297371894963,15,1,693421673
0.199497289332852,0.0886480395187703,15,1,693421673
0.480120465426221,0.461086288096532,15,1,693421673
0.0804429635718944,0.799943168005833,15,1,693421673
0.474689754068256,0.151727804075431,15,1,693421673
0.569496942141817,0.724952323031907,15,1,693421673
0.926833392315766,0.384440165189383,15,1,693421673
0.850664358710772,0.59829375280408,15,1,693421673
0.299250765580697,0.437356384679777,15,1,693421673
0.573368886970816,0.221403624407988,15,1,693421673
0.363879655987842,0.199528699079147,15,1,693421673
0.330278483260703,0.0813273141100153,15,1,693421673
0.278361447727379,0.100006882170348,15,1,693421673
0.938569694449322,0.387350738026329,15,1,693421673
0.628193870400189,0.602200838454458,15,1,693421673
0.192946080901069,0.497037366867505,15,1,693421673
0.991500495338109,0.840768947525445,15,1,693421673
0.193289004935039,0.62461837879785,15,1,693421673
0.0332866394902691,0.196565064558349,15,1,693421673
0.577568596405485,0.0486372344692478,15,1,693421673
0.976649369725516,0.940897929471675,15,1,693421673
0.343631851591601,0.863041820540541,15,1,693421673
0.613869746197075,0.395101920207585,15,1,693421673
0.678167909162695,0.985436547771949,15,1,693421673
0.492301789480854,0.085093003539356,15,1,693421673
0.906514265375403,0.680844887667022,15,1,693421673
0.389648903313414,0.725683982726983,15,1,693421673
0.159035117717176,0.184329031322076,15,1,693421673
0.0846138970442083,0.0734930419060307,15,1,693421673
0.185908528757269,0.436930799026114,15,1,693421673
0.424474749272961,0.380662697470893,15,1,693421673
0.33324164304976,0.153128239725002,15,1,693421673
0.0197287258055765,0.294218588931559,15,1,693421673
0.669687260879443,0.586098141042513,15,1,693421673
0.599119570178039,0.390180287265398,15,1,693421673
0.441309321180347,0.278955023786106,15,1,693421673
0.127041997083354,0.416964106629443,15,1,693421673
0.419293410165422,0.731835777121298,15,1,693421673
0.612439314906487,0.0741740396382067,15,1,693421673
0.279271406610075,0.4780679850985,15,1,693421673
0.304016713806376,0.579785514054316,15,1,693421673
0.458533208068002,0.784415690340522,15,1,693421673
0.462707286316012,0.622841469642314,15,1,693421673
0.950315768737712,0.159181616497993,15,1,693421673
0.787821866718998,0.755426484530512,15,1,693421673
0.182945508003907,0.921067815672376,15,1,693421673
0.046395068443096,0.520777408629328,15,1,693421673
0.847191810772252,0.406731882683474,15,1,693421673
0.970217924506944,0.660500390698379,15,1,693421673
0.702914136280859,0.87779958229808,15,1,693421673
0.370155150645407,0.443044801958534,15,1,693421673
0.0499304720483442,0.296075818068034,15,1,693421673
0.401605629968239,0.531672612014549,15,1,693421673
0.301824289158476,0.764537934272838,15,1,693421673
0.777604161713927,0.407913642369381,15,1,693421673
0.82947138474745,0.698468903669584,15,1,693421673
0.558919814003289,0.687112146086675,15,1,693421673
0.697821196667387,0.526612472353414,15,1,693421673
0.755778683685578,0.563218234846586,15,1,693421673
0.778640950832798,0.876104863047051,15,1,693421673
0.342883202859456,0.509129939608148,15,1,693421673
0.946005745275912,0.379021683918504,15,1,693421673
0.809763219478474,0.575830676094346,15,1,693421673
0.716256717560942,0.37606673313859,15,1,693421673
0.561730724016599,0.696615517258308,15,1,693421673
0.422362766292604,0.976767598361425,15,1,693421673
0.238589127790322,0.576357543861473,15,1,693421673
0.637139617271759,0.578789014452508,15,1,693421673
0.384883128273382,0.668859422808255,15,1,693421673
0.759080392568684,0.907387563371598,15,1,693421673
0.978635004053861,0.0753721682686266,15,1,693421673
0.472472399215143,0.0411392306793648,15,1,693421673
0.179886885041961,0.638979378424462,15,1,693421673
0.735809769451576,0.264505263173,15,1,693421673
0.0657486528009512,0.660634489149197,15,1,693421673
0.373809124485581,0.186805860834904,15,1,693421673
0.0171453231666212,0.896742931088461,15,1,693421673
0.518369395483917,0.0643107210288942,15,1,693421673
0.452643865988197,0.180220557924712,15,1,693421673
0.345980916884036,0.0259493852861077,15,1,693421673
0.461784330615077,0.0109316323649553,15,1,693421673
0.0278396125641924,0.390816781626275,15,1,693421673
0.833419565952989,0.213012406140066,15,1,693421673
0.679025005051709,0.854355372954593,15,1,693421673
0.525809543376887,0.082214990123223,15,1,693421673
0.496029833967848,0.390432640774638,15,1,693421673
0.113969400155232,0.428232259380164,15,1,693421673
0.736110632598669,0.407511736937884,15,1,693421673
0.652100950393133,0.456423904021635,15,1,693421673
0.365559519670069,0.767292501248866,15,1,693421673
0.0758309857792472,0.393690161731254,15,1,693421673
0.0691830699181555,0.383386497679479,15,1,693421673
0.436032282051629,0.16125382725683,15,1,693421673
0.182036172880173,0.189472754457377,15,1,693421673
0.00684894661915836,0.622209698972932,15,1,693421673
0.865461882716833,0.0943542641989819,15,1,693421673
0.822982264428886,0.777713281264832,15,1,693421673
0.144855342809,0.514385812158147,15,1,693421673
0.543647388484621,0.506372625650767,15,1,693421673
0.686214609735877,0.497432160804715,15,1,693421673
0.778102034336673,0.0168615103168523,15,1,693421673
0.280801234575097,0.907934752402687,15,1,693421673
0.599248591466723,0.510107521293431,15,1,693421673
0.432905631537908,0.975189462072533,15,1,693421673
0.491825846370952,0.49700785505148,15,1,693421673
0.206070266398124,0.113817160812213,15,1,693421673
0.0434405150932378,0.946678029879813,15,1,693421673
0.962488569076605,0.960433357182728,15,1,693421673
0.55661753895872,0.280219831192752,15,1,693421673
0.232115176720305,0.642182718619335,15,1,693421673
0.557427806046055,0.380006890935261,15,1,693421673
0.475816226974371,0.509137505851645,15,1,693421673
0.670943139120251,0.416883057987576,15,1,693421673
0.633659166350666,0.908750901325555,15,1,693421673
0.633552989024581,0.478205018455951,15,1,693421673
0.45466193560878,0.907752770627673,15,1,693421673
0.711982562633476,0.259587173370281,15,1,693421673
0.91615183867826,0.0151944023503221,15,1,693421673
0.822206862965082,0.629559345594484,15,1,693421673
0.206361118726829,0.833310936132356,15,1,693421673
0.197015701394784,0.116005633163114,15,1,693421673
0.286306221306811,0.637346890358677,15,1,693421673
0.424881381585732,0.191517543528845,15,1,693421673
0.153959172686686,0.206665794202672,15,1,693421673
0.358507455155184,9.96331462470579E-05,15,1,693421673
0.535629001885648,0.896917660674069,15,1,693421673
0.669464489758064,0.182198166711292,15,1,693421673
0.567692622985334,0.467194691937782,15,1,693421673
0.911738366196711,0.117448429012934,15,1,693421673
0.0875695637708853,0.554437201725035,15,1,693421673
0.379143797805831,0.26937557530351,15,1,693421673
0.421172726700308,0.593314925624149,15,1,693421673
0.381410138491926,0.532016909488662,15,1,693421673
0.165440990961514,0.502928962490492,15,1,693421673
0.0541907109565352,0.314075119189453,15,1,693421673
0.719165469054176,0.0589968275324049,15,1,693421673
0.165138786769822,0.917742111642552,15,1,693421673
0.932497752166394,0.130743096551817,15,1,693421673
0.291747954229378,0.114737281557073,15,1,693421673
0.266226299523457,0.638362788960025,15,1,693421673
0.285687275446914,0.507759569232799,15,1,693421673
0.232773527863367,0.0407260817005528,15,1,693421673
0.0599956010409217,0.76350326247433,15,1,693421673
0.689738563552384,0.485702915649565,15,1,693421673
0.686723909847631,0.691157049273841,15,1,693421673
0.932398039169212,0.794418057289717,15,1,693421673
0.665573096915876,0.365485020685631,15,1,693421673
0.563822895980779,0.648035970644956,15,1,693421673
0.78255449693435,0.790598684907868,15,1,693421673
0.081278596033779,0.250828567280049,15,1,693421673
0.301316712120142,0.681375504458456,15,1,693421673
0.466118445330854,0.0453914921020431,15,1,693421673
0.202833404077931,0.0616057338906257,15,1,693421673
0.638727668607865,0.969598770742313,15,1,693421673
0.921833645569923,0.0587906199496704,15,1,693421673
0.493964322856359,0.431548756455103,15,1,693421673
0.590097702104893,0.667034337724618,15,1,693421673
0.989647562880677,0.0494611904242444,15,1,693421673
0.320212016585231,0.59135955918974,15,1,693421673
0.798012211833564,0.285788899394458,15,1,693421673
0.229971500851222,0.148869673763281,15,1,693421673
0.260919971183262,0.987834782649119,15,1,693421673
0.551080927159111,0.345025567794276,15,1,693421673
0.0403439236529017,0.546290809217622,15,1,693421673
0.94794653290998,0.0882676327732161,15,1,693421673
0.581217193291538,0.101125766836649,15,1,693421673
0.752904463292051,0.994759947573135,15,1,693421673
0.605096563471814,0.401642692445006,15,1,693421673
0.74144801946016,0.937074303483631,15,1,693421673
0.365169910174764,0.243301376862859,15,1,693421673
0.0742895984826246,0.997067135607799,15,1,693421673
0.970311295353038,0.948034639584018,15,1,693421673
0.599997286552195,0.92540928540082,15,1,693421673
0.537443727363868,0.822088937437518,15,1,693421673
0.88312607081629,0.621211814526494,15,1,693421673
0.0968820215374677,0.468360618107726,15,1,693421673
0.838683441052936,0.242436498117892,15,1,693421673
0.769508728854732,0.636875583661085,15,1,693421673
0.882828599572149,0.167130638258024,15,1,693421673
0.869735648057235,0.351319502437065,15,1,693421673
0.287326084105309,0.865247518497527,15,1,693421673
0.578412511756354,0.689905005508241,15,1,693421673
0.372302607177061,0.128173212564477,15,1,693421673
0.982071324385867,0.125982156920316,15,1,693421673
0.931492664222819,0.740125752545517,15,1,693421673
0.611697860182812,0.172727634486496,15,1,693421673
0.936329541935709,0.494698015044482,15,1,693421673
0.652775904336264,0.176875796140007,15,1,693421673
0.71624409628612,0.613012324225231,15,1,693421673
0.855464266595102,0.455897889239766,15,1,693421673
0.504812121279729,0.179186645991278,15,1,693421673
0.390945524129343,0.341817585895523,15,1,693421673
0.079744940986596,0.241920756563111,15,1,693421673
0.177353998805807,0.941436057381337,15,1,693421673
0.557240329823929,0.20201291468354,15,1,693421673
0.114340745539233,0.34749827421047,15,1,693421673
0.674980574341026,0.351327300814456,15,1,693421673
0.987008111466459,0.0965014594390139,15,1,693421673
0.906820251066527,0.28363383653155,15,1,693421673
0.136251093630525,0.63252958232441,15,1,693421673
0.0267226349104313,0.279497160882206,15,1,693421673
0.682802917632357,0.922418620093426,15,1,693421673
0.480414406672527,0.468723505697199,15,1,693421673
0.976737302132729,0.117737323639129,15,1,693421673
0.277513226336857,0.682898266000864,15,1,693421673
0.340774706510499,0.124968996823903,15,1,693421673
0.0326555346165414,0.723254227870251,15,1,693421673
0.457267825998757,0.319810761344142,15,1,693421673
0.393578550033713,0.319941945679722,15,1,693421673
0.600322210700464,0.1570979899459,15,1,693421673
0.0110467836403192,0.891970778569349,15,1,693421673
0.291737131478207,0.76263320135393,15,1,693421673
0.484051736190923,0.949242094784682,15,1,693421673
0.206263409728629,0.55345776934422,15,1,693421673
0.53589612187483,0.217980883362783,15,1,693421673
0.821547970506186,0.133038839648001,15,1,693421673
0.0233135372960667,0.927234945222484,15,1,693421673
0.0506426915353482,0.260289667949754,15,1,693421673
0.92373684411752,0.0307137782914797,15,1,693421673
0.0335734006310604,0.26905624221138,15,1,693421673
0.62991490182657,0.146684091480708,15,1,693421673
0.0240432996543323,0.657505430750522,15,1,693421673
0.549819916326759,0.515273550133098,15,1,693421673
0.558577841907555,0.983806982327984,15,1,693421673
0.166232265787809,0.799318922372103,15,1,693421673
0.38928443773266,0.257960037044783,15,1,693421673
0.400210724280206,0.597097862385584,15,1,693421673
0.138735270316724,0.195700640114069,15,1,693421673
0.23694710895215,0.883021989651597,15,1,693421673
0.666662214000866,0.111592337394617,15,1,693421673
0.684279022844596,0.609425186001911,15,1,693421673
0.994081598493197,0.132736043241974,15,1,693421673
0.649670826550893,0.843781465682143,15,1,693421673
0.809836753446695,0.828480626040358,15,1,693421673
0.0041168515368124,0.596041257945072,15,1,693421673
0.981370934076157,0.5236969890711,15,1,693421673
0.685156071036319,0.508469058485569,15,1,693421673
0.915683379836459,0.6359104025013,15,1,693421673
0.1455068191014,0.65256032378907,15,1,693421673
0.891364432970845,0.78536064474321,15,1,693421673
0.663667888876158,0.284299640490858,15,1,693421673
0.0979602394822048,0.119684027657173,15,1,693421673
0.54351557621631,0.000673338229551845,15,1,693421673
0.887632250995187,0.994313171659726,15,1,693421673
0.652281739427616,0.19833291654275,15,1,693421673
0.982871749161707,0.477007437308584,15,1,693421673
0.80206586960176,0.32186797486756,15,1,693421673
0.814323829143447,0.37856549550659,15,1,693421673
0.0063114042153618,0.202356003513057,15,1,693421673
0.127802817918402,0.552054602853625,15,1,693421673
0.804773819400233,0.210022253930819,15,1,693421673
0.333493139322099,0.710048096925632,15,1,693421673
0.846538183093214,0.955729461832761,15,1,693421673
0.741811895420901,0.165113575048092,15,1,693421673
0.838545080775268,0.144250013439536,15,1,693421673
0.0503031171291621,0.158588364778959,15,1,693421673
0.951048162811803,0.319469389397258,15,1,693421673
0.658424335106607,0.169041709645581,15,1,693421673
0.944715848925474,0.774789984160863,15,1,693421673
0.143361422727451,0.738828756686355,15,1,693421673
0.882457847912692,0.85298328564199,15,1,693421673
0.686601716095932,0.349792689046176,15,1,693421673
0.933182738597218,0.734813597624308,15,1,693421673
0.0078262618425784,0.673044748610952,15,1,693421673
0.20504152487073,0.348953163586178,15,1,693421673
0.411885162361428,0.432348220073997,15,1,693421673
0.294774747036068,0.15742736271152,15,1,693421673
0.176456282474145,0.182230621640902,15,1,693421673
0.469278142466884,0.0332689358336671,15,1,693421673
0.13729851153563,0.8964943117297,15,1,693421673
0.140354800993469,0.437875545227489,15,1,693421673
0.970528948507372,0.732094908813474,15,1,693421673
0.313928275642083,0.807752712747447,15,1,693421673
0.416060764227326,0.379053497688375,15,1,693421673
0.292024422549312,0.26057510552515,15,1,693421673
0.467513528139312,0.396536738042178,15,1,693421673
0.935652993465977,0.564579536964231,15,1,693421673
0.668801879057709,0.329163841238394,15,1,693421673
0.937162605669262,0.828057450445641,15,1,693421673
0.634469521964018,0.590962052131224,15,1,693421673
0.928578638378934,0.901925845330044,15,1,693421673
0.336498762414164,0.270538350221433,15,1,693421673
0.985200503297143,0.316536913180594,15,1,693421673
0.32490461218677,0.320589206084464,15,1,693421673
0.208965671893763,0.715071878257661,15,1,693421673
0.429616115963712,0.232979662289884,15,1,693421673
0.839304676268281,0.719273900582379,15,1,693421673
0.381900778086902,0.704433506878413,15,1,693421673
0.501448267993962,0.0816661078046907,15,1,693421673
0.769925927260216,0.219939588790069,15,1,693421673
0.029733947650799,0.0294493877324662,15,1,693421673
0.498892143891331,0.779805282246042,15,1,693421673
0.639832360046607,0.577680188888595,15,1,693421673
0.585089712023933,0.671172316142723,15,1,693421673
0.27487370721649,0.190880086567355,15,1,693421673
0.469745601987616,0.230291765515672,15,1,693421673
0.494410899985732,0.467120046558839,15,1,693421673
0.38322598637397,0.292909839151793,15,1,693421673
0.665340004653532,0.70360895826649,15,1,693421673
0.967512857208284,0.820251661424959,15,1,693421673
0.884983820950681,0.451485775949443,15,1,693421673
0.810698005151619,0.701527916992178,15,1,693421673
0.337715788970149,0.0481151110471441,15,1,693421673
0.0946411245814165,0.504741378773433,15,1,693421673
0.377249829259527,0.0916321668974693,15,1,693421673
0.341843441865301,0.418236866625729,15,1,693421673
0.725447411879018,0.795343060440674,15,1,693421673
0.78635115787089,0.309824201277842,15,1,693421673
0.725518363622196,0.837177252394505,15,1,693421673
0.233703136680798,0.467990986611351,15,1,693421673
0.454626073759871,0.489827799629204,15,1,693421673
0.461502496842819,0.568913860108332,15,1,693421673
0.930842359933242,0.814061018214273,15,1,693421673
0.288512832862472,0.608419701851904,15,1,693421673
0.926214558944629,0.427975730476438,15,1,693421673
0.0718625569097773,0.101070834359897,15,1,693421673
0.227710500791911,0.361679619035704,15,1,693421673
0.900202110045068,0.0647317412010404,15,1,693421673
0.448529190067407,0.328177695741641,15,1,693421673
0.173427907814795,0.236258736092028,15,1,693421673
0.148276927586707,0.130860914185543,15,1,693421673
0.128311671308244,0.747926222648665,15,1,693421673
0.973478675340972,0.49710802981101,15,1,693421673
0.931574488271821,0.185760215714195,15,1,693421673
0.61281129787034,0.358803448362244,15,1,693421673
0.339547067590432,0.749456922868067,15,1,693421673
0.74952702441702,0.805314355482044,15,1,693421673
0.568188827332099,0.68923156302935,15,1,693421673
0.135293089216476,0.237584731267915,15,1,693421673
0.475581862249896,0.952924370591983,15,1,693421673
0.66918958637911,0.929350717560235,15,1,693421673
0.355962398349984,0.540495646538861,15,1,693421673
0.622335737779237,0.446832201164807,15,1,693421673
0.457595791985421,0.489908382034857,15,1,693421673
0.741675774113997,0.402860888146101,15,1,693421673
0.257580792605535,0.277728994254951,15,1,693421673
0.718203174185862,0.863290985558432,15,1,693421673
0.954119464152628,0.235438885007646,15,1,693421673
0.60081687786473,0.876723586175054,15,1,693421673
0.295874380735903,0.473634923819004,15,1,693421673
0.35114744060847,0.454073690338155,15,1,693421673
0.539044747275576,0.958998827670727,15,1,693421673
0.121249840390155,0.69799716915397,15,1,693421673
0.147555906507743,0.125905254276258,15,1,693421673
0.737865204699705,0.916524574471137,15,1,693421673
0.136420691883917,0.211878765025249,15,1,693421673
0.923275956529316,0.606385150757727,15,1,693421673
0.24355268605957,0.0257830400697898,15,1,693421673
0.0841931294496954,0.173660678969958,15,1,693421673
0.786344986165325,0.971822367722168,15,1,693421673
0.597752590466954,0.825443618725881,15,1,693421673
0.992535622620834,0.770217147564876,15,1,693421673
0.664460580281111,0.424019064244677,15,1,693421673
0.873891614240506,0.123522252561794,15,1,693421673
0.225327890733592,0.815676033897638,15,1,693421673
0.331785790129254,0.588531057116961,15,1,693421673
0.0711188697270424,0.866162042294086,15,1,693421673
0.213972779362505,0.955331037794599,15,1,693421673
0.642568094616845,0.987621613167433,15,1,693421673
0.843402270406705,0.996606405485872,15,1,693421673
0.679306768210689,0.0257128396086568,15,1,693421673
0.789181980917281,0.504311632618076,15,1,693421673
0.996432386092454,0.835179907865006,15,1,693421673
0.109924771967151,0.874437290573831,15,1,693421673
0.631326838996387,0.46675577100078,15,1,693421673
0.894098883541459,0.295047010497979,15,1,693421673
0.313063522330752,0.499485068225455,15,1,693421673
0.393865388664656,0.561546426504433,15,1,693421673
0.106615074150316,0.00448435701529748,15,1,693421673
0.461726295897503,0.164639262614265,15,1,693421673
0.121953327754004,0.0192456094043516,15,1,693421673
0.152465673443223,0.891866100422055,15,1,693421673
0.697056647793031,0.0929684584930746,15,1,693421673
0.767706841813369,0.147068801054228,15,1,693421673
0.0275056841958179,0.134954162679046,15,1,693421673
0.384432809799889,0.0501827303337192,15,1,693421673
0.711983706953201,0.924474571872582,15,1,693421673
0.533763575605553,0.981770353614484,15,1,693421673
0.0249549833678675,0.321105219584204,15,1,693421673
0.882068442906396,0.102384637789175,15,1,693421673
0.980195144585204,0.541305439111558,15,1,693421673
0.841556837915593,0.430395344487812,15,1,693421673
0.70930143931373,0.487130433226529,15,1,693421673
0.108943821235487,0.662403397865352,15,1,693421673
0.00984551264675559,0.377034322567787,15,1,693421673
0.774813098195414,0.108780388849471,15,1,693421673
0.106297629788011,0.632868545810839,15,1,693421673
0.975365789091756,0.992201485058056,15,1,693421673
0.363684119059867,0.078113411723983,15,1,693421673
0.903552516321078,0.402554282513909,15,1,693421673
0.0709975070039581,0.295058359928546,15,1,693421673
0.770201230116549,0.840082902528348,15,1,693421673
0.330284710018208,0.663353519632136,15,1,693421673
0.405696636875803,0.956839399135532,15,1,693421673
0.921434862037574,0.162095920806959,15,1,693421673
0.836789803736205,0.230254590168724,15,1,693421673
0.784121399594607,0.662052839685019,15,1,693421673
0.596857356501737,0.978589995031184,15,1,693421673
0.38326772264755,0.678732139147055,15,1,693421673
0.635468696701064,0.00873124847063367,15,1,693421673
0.220730936554824,0.411850483341015,15,1,693421673
0.981796286150415,0.329774287642493,15,1,693421673
0.510034765457593,0.0683590078784144,15,1,693421673
0.927330021974773,0.602043853586272,15,1,693421673
0.972866898150602,0.702950532885324,15,1,693421673
0.484353980335574,0.176052074350843,15,1,693421673
0.374554950633464,0.24018738244831,15,1,693421673
0.2877210254086,0.0716032578826322,15,1,693421673
0.87226008558723,0.186609067341242,15,1,693421673
0.747895150324132,0.504886304909196,15,1,693421673
0.474650326793532,0.412459026897281,15,1,693421673
0.420592872184139,0.922872252111921,15,1,693421673
0.171984731820309,0.0532097948068979,15,1,693421673
0.512047942014998,0.939980842335537,15,1,693421673
0.81753603102042,0.879504579468593,15,1,693421673
0.514303207646933,0.171640636853954,15,1,693421673
0.0344318519742324,0.932900271333797,15,1,693421673
0.133503513200528,0.361313859130388,15,1,693421673
0.17541196665513,0.464027827672147,15,1,693421673
0.616057261773337,0.498932110014978,15,1,693421673
0.195162478060067,0.440205707585028,15,1,693421673
0.157167875297148,0.707435219695625,15,1,693421673
0.519318023772475,0.786683328072751,15,1,693421673
0.644546715609876,0.439728130362662,15,1,693421673
0.580087713327955,0.964948498149428,15,1,693421673
0.436333107790168,0.686117489987808,15,1,693421673
0.12822817347851,0.582714576514122,15,1,693421673
0.525815423862569,0.770198543750703,15,1,693421673
0.855941874514192,0.853910766236869,15,1,693421673
0.0418219262922803,0.936504328203815,15,1,693421673
0.711527886951625,0.239223910290864,15,1,693421673
0.0572856615739816,0.798252454632461,15,1,693421673
0.974826358288759,0.302970813198692,15,1,693421673
0.834554712492658,0.0396978145384974,15,1,693421673
0.0632254458990413,0.0451501938800654,15,1,693421673
0.0574682559088577,0.27410621780155,15,1,693421673
0.422397304363769,0.331044918363341,15,1,693421673
0.527360585144788,0.541786669899627,15,1,693421673
0.886294213441925,0.800131957356375,15,1,693421673
0.887429417397855,0.00906182193742411,15,1,693421673
0.679720938237478,0.878825411406377,15,1,693421673
0.46167896285891,0.529887298354171,15,1,693421673
0.580037041163537,0.78891237947939,15,1,693421673
0.743772260069284,0.662677029711495,15,1,693421673
0.904639781762536,0.0231927946341308,15,1,693421673
0.526697656046654,0.799696229759782,15,1,693421673
0.142147894303015,0.0236337946101899,15,1,693421673
0.912679252788114,0.665151046313754,15,1,693421673
0.249635986445605,0.766881361233831,15,1,693421673
0.368822461637561,0.795921012718352,15,1,693421673
0.221707226034765,0.967838783232623,15,1,693421673
0.874607644635339,0.557284081508362,15,1,693421673
0.858830290621575,0.842223106733894,15,1,785643218
0.121869426871301,0.62605568420052,15,1,785643218
0.517765562071791,0.116072049127097,15,1,785643218
0.565490633006354,0.149185210278912,15,1,785643218
0.765560690438808,0.74385159971825,15,1,785643218
0.884927946753774,0.818727080051548,15,1,785643218
0.293973873265339,0.148441189434152,15,1,785643218
0.95456456563974,0.154389940234365,15,1,785643218
0.764474707059196,0.0757369894773694,15,1,785643218
0.294255575576087,0.483959964944964,15,1,785643218
0.964769008830075,0.487507605417585,15,1,785643218
0.409149245003487,0.0488850254818307,15,1,785643218
0.707639321686814,0.78625267334343,15,1,785643218
0.362157513788174,0.00943421047973669,15,1,785643218
0.659493274996114,0.0581260902520473,15,1,785643218
0.32975883309345,0.328376174047404,15,1,785643218
0.579452017269772,0.231929754231782,15,1,785643218
0.850720903863643,0.0828778061264823,15,1,785643218
0.910963038394666,0.102308912926672,15,1,785643218
0.853096101193555,0.720383180679592,15,1,785643218
0.212659926177901,0.468913404149052,15,1,785643218
0.0645492603457989,0.151287866710179,15,1,785643218
0.0610793587704732,0.285935861690337,15,1,785643218
0.373444154072057,0.379816818881771,15,1,785643218
0.495124360545868,0.951663402364019,15,1,785643218
0.705860880439454,0.756989639912728,15,1,785643218
0.665342276982057,0.965677081793458,15,1,785643218
0.907549078409349,0.200817916443361,15,1,785643218
0.190676467318465,0.166625050544079,15,1,785643218
0.712968486794139,0.862983744893721,15,1,785643218
0.808791104751118,0.369427739815045,15,1,785643218
0.272318476262084,0.348145912967487,15,1,785643218
0.891158185707854,0.237223772725726,15,1,785643218
0.107832896563003,0.774865576859136,15,1,785643218
0.490835833912712,0.960589862499956,15,1,785643218
0.924326073743286,0.72058437876398,15,1,785643218
0.668588676778186,0.894319709146762,15,1,785643218
0.299243945506449,0.461980238841853,15,1,785643218
0.520169789903991,0.593034161947766,15,1,785643218
0.849053030459539,0.623476104515563,15,1,785643218
0.352203906487915,0.288955771323139,15,1,785643218
0.951361488413887,0.226379212959906,15,1,785643218
0.384477450406096,0.182796024160821,15,1,785643218
0.338523602845916,0.780232233320096,15,1,785643218
0.623034325491221,0.617805282440533,15,1,785643218
0.157429760039036,0.166977567037415,15,1,785643218
0.856877659469575,0.287874912126855,15,1,785643218
0.440453938813558,0.463156207420994,15,1,785643218
0.0455351446067747,0.349946405076848,15,1,785643218
0.467658060732899,0.509878697811707,15,1,785643218
0.54439965412563,0.427958756910247,15,1,785643218
0.811688134685185,0.859076823340307,15,1,785643218
0.24988843291905,0.351439296221821,15,1,785643218
0.254365824187598,0.836215251446632,15,1,785643218
0.95547180103067,0.980593447673045,15,1,785643218
0.388881654546563,0.375504817426224,15,1,785643218
0.945106605196816,0.5740306173805,15,1,785643218
0.291853255028584,0.671650114906651,15,1,785643218
0.405642904044186,0.29105125354944,15,1,785643218
0.549766188433733,0.200621131107857,15,1,785643218
0.574235681149035,0.12693160403823,15,1,785643218
0.290806492723203,0.791798886527869,15,1,785643218
0.117209520412048,0.664715340690269,15,1,785643218
0.393800698006533,0.160390295661813,15,1,785643218
0.431643600997314,0.620249950612718,15,1,785643218
0.0342345991083164,0.743570368186104,15,1,785643218
0.54559127100314,0.938617767590016,15,1,785643218
0.739425496607778,0.275273805188555,15,1,785643218
0.663535708028032,0.767076406924046,15,1,785643218
0.296028615349307,0.380550509656789,15,1,785643218
0.539838279551562,0.347717487944242,15,1,785643218
0.803754565511595,0.176208419422347,15,1,785643218
0.832127984963294,0.231257651282976,15,1,785643218
0.68970860579676,0.280256289435127,15,1,785643218
0.234015768660885,0.935587680363954,15,1,785643218
0.280266828370153,0.0587581177061436,15,1,785643218
0.0419377944525081,0.711527946463058,15,1,785643218
0.852250100328531,0.201808769163002,15,1,785643218
0.515190184779173,0.719536133424738,15,1,785643218
0.226852214622818,0.566013288279826,15,1,785643218
0.77451485573126,0.555944712301156,15,1,785643218
0.263262081956946,0.194045331137621,15,1,785643218
0.169940246605702,0.799391036376305,15,1,785643218
0.0165987763126392,0.480530250179978,15,1,785643218
0.456255711511145,0.356557853492286,15,1,785643218
0.849170087730371,0.730661196579507,15,1,785643218
0.314063550834546,0.619404288496755,15,1,785643218
0.111872041446087,0.599539081944319,15,1,785643218
0.232800945275795,0.871413017591071,15,1,785643218
0.0270105794275652,0.631190783462701,15,1,785643218
0.383259860883226,0.688111449192173,15,1,785643218
0.231248875449525,0.659221756967417,15,1,785643218
0.582316912165173,0.186695518391952,15,1,785643218
0.51810979970656,0.278486736729877,15,1,785643218
0.366288223989613,0.513279492212291,15,1,785643218
0.350301163171776,0.0927576644831598,15,1,785643218
0.676943642757541,0.084957783070271,15,1,785643218
0.992774358429414,0.918165068414421,15,1,785643218
0.965858114966093,0.214031825299824,15,1,785643218
0.182498035641597,0.251103263357449,15,1,785643218
0.855452603583584,0.0288308921927118,15,1,785643218
0.854633756422428,0.287477564771834,15,1,785643218
0.0992786518607023,0.362111792141155,15,1,785643218
0.967434605493013,0.398372544762773,15,1,785643218
0.132734146703352,0.162135000575951,15,1,785643218
0.0911512698974783,0.0532551754553938,15,1,785643218
0.148905071536625,0.0123039601513117,15,1,785643218
0.570598896593648,0.982120919486578,15,1,785643218
0.177752226136371,0.00821281127052043,15,1,785643218
0.343528845573923,0.305342705307218,15,1,785643218
0.266299138356869,0.521618558557898,15,1,785643218
0.22131756134583,0.512933328160569,15,1,785643218
0.108888223698634,0.686700680274549,15,1,785643218
0.23281010726407,0.745557840268554,15,1,785643218
0.183008613904648,0.428395321311885,15,1,785643218
0.00957160727317508,0.0953512855132126,15,1,785643218
0.525924077524527,0.840956731718163,15,1,785643218
0.863695643128021,0.321354699109391,15,1,785643218
0.392982819126956,0.452572891506531,15,1,785643218
0.0140707551191115,0.67908406304623,15,1,785643218
0.983006931384917,0.0291746238057151,15,1,785643218
0.499351355135,0.0755287746406701,15,1,785643218
0.5986211812027,0.842378729623957,15,1,785643218
0.0301847926409406,0.788050207402377,15,1,785643218
0.486981633747963,0.0385835628830868,15,1,785643218
0.783910786282957,0.714264956089929,15,1,785643218
0.9643374287851,0.197673491826211,15,1,785643218
0.435994469507796,0.586231853421213,15,1,785643218
0.745980867788321,0.0806299514512772,15,1,785643218
0.394902571698476,0.760877986383163,15,1,785643218
0.0615962071707172,0.0818676865012344,15,1,785643218
0.499284693939337,0.00971001431635266,15,1,785643218
0.175808021529356,0.851557470488834,15,1,785643218
0.40882673300893,0.870853830537545,15,1,785643218
0.499875172382011,0.305037840031578,15,1,785643218
0.124660881981326,0.804348724150126,15,1,785643218
0.504199681948761,0.661682687151656,15,1,785643218
0.468949482965065,0.527408420849255,15,1,785643218
0.151917790951727,0.0487754630507864,15,1,785643218
0.605323535737063,0.330613083537378,15,1,785643218
0.4841555105225,0.70143693887869,15,1,785643218
0.073779291800983,0.00399721610904358,15,1,785643218
0.868058220453921,0.337154080059317,15,1,785643218
0.956603331264012,0.340261302301061,15,1,785643218
0.45025646594631,0.286729384183808,15,1,785643218
0.262727249862398,0.220128024666402,15,1,785643218
0.0454863272247517,0.223704573455889,15,1,785643218
0.556556561214137,0.389449897409538,15,1,785643218
0.6981680532457,0.469390945879885,15,1,785643218
0.909452110190096,0.434497725836227,15,1,785643218
0.5322994689309,0.590830924687739,15,1,785643218
0.674299750564812,0.074406925315766,15,1,785643218
0.258289702332643,0.360722918896506,15,1,785643218
0.442976320976022,0.29798187056678,15,1,785643218
0.522627343776304,0.478460060026377,15,1,785643218
0.324857230813851,0.365252471285436,15,1,785643218
0.0830085620938537,0.84845878949841,15,1,785643218
0.360835651434489,0.9209255973305,15,1,785643218
0.415267228604385,0.743428933464838,15,1,785643218
0.177265947151901,0.661065422065815,15,1,785643218
0.594577353114354,0.670046352408521,15,1,785643218
0.550298828859514,0.122192899530687,15,1,785643218
0.642908513680122,0.494804347217159,15,1,785643218
0.835975105179974,0.325314861314415,15,1,785643218
0.505369215358705,0.861799702526065,15,1,785643218
0.256381657408477,0.0860170052921632,15,1,785643218
0.135375654516317,0.348579572671469,15,1,785643218
0.309038226374073,0.367391826927055,15,1,785643218
0.438301717799687,0.801688048057844,15,1,785643218
0.138050315526911,0.107616904968263,15,1,785643218
0.620985078684601,0.620873453884102,15,1,785643218
0.108227136252823,0.383829941210508,15,1,785643218
0.355745179080675,0.259381782483024,15,1,785643218
0.298636116737565,0.874286654669946,15,1,785643218
0.327396235187885,0.0267266424462922,15,1,785643218
0.345995240011708,0.306195115969216,15,1,785643218
0.211918859101277,0.984876665453704,15,1,785643218
0.908650778390419,0.212651852968831,15,1,785643218
0.980820741871338,0.744046814442133,15,1,785643218
0.454828714684427,0.291633009401015,15,1,785643218
0.368898498105049,0.521686614863135,15,1,785643218
0.458215487290177,0.16503893595193,15,1,785643218
0.736342544963745,0.666723069649968,15,1,785643218
0.863169713063281,0.661681152580385,15,1,785643218
0.256023023583602,0.135223993563397,15,1,785643218
0.309162418292584,0.913507868007241,15,1,785643218
0.742455109190609,0.687384447997035,15,1,785643218
0.0973609276988792,0.531105320901868,15,1,785643218
0.832654929193891,0.255802000837757,15,1,785643218
0.872567994248443,0.316616015387628,15,1,785643218
0.222720150614953,0.121040851220991,15,1,785643218
0.455633068485815,0.149969163865964,15,1,785643218
0.392105637793438,0.44382209205834,15,1,785643218
0.431304629461166,0.186895018474756,15,1,785643218
0.906336933970419,0.257584047570396,15,1,785643218
0.0255832524655419,0.80463013058693,15,1,785643218
0.256031129818564,0.0881259738839102,15,1,785643218
