0.186892913923737,0.66133505594094,15,1,785643218
0.699613758296154,0.191072451571004,15,1,785643218
0.841911201345838,0.463987952145876,15,1,785643218
0.531625093039104,0.226012586812145,15,1,785643218
0.0817797865511247,0.561497171297128,15,1,785643218
0.252959186042122,0.299220190496667,15,1,785643218
0.214053324442639,0.84006380461043,15,1,785643218
0.804488613217913,0.898913832395156,15,1,785643218
0.51023759070223,0.297695176306608,15,1,785643218
0.865777267289785,0.95756226889125,15,1,785643218
0.700090503400976,0.192605221350831,15,1,785643218
0.392530807794151,0.097715177148995,15,1,785643218
0.736047643984894,0.810884673444841,15,1,785643218
0.156901462777882,0.0147848868039402,15,1,785643218
0.313855241511627,0.863230625595255,15,1,785643218
0.0738862740594524,0.354505355841332,15,1,785643218
0.902139908532663,0.0995512959586087,15,1,785643218
0.95592526293193,0.92349564551427,15,1,785643218
0.493387130047306,0.693951347764903,15,1,785643218
0.889923412904044,0.955192787530777,15,1,785643218
0.716288642730643,0.064833455550116,15,1,785643218
0.622205055755019,0.343355048554661,15,1,785643218
0.887809377100886,0.461120923811863,15,1,785643218
0.692568522560883,0.507328168209327,15,1,785643218
0.378973324148593,0.427291769197349,15,1,785643218
0.511198207286733,0.845671823339986,15,1,785643218
0.0256763595109692,0.569715059953772,15,1,785643218
0.295518733080923,0.321681860664918,15,1,785643218
0.761880300527774,0.340915837171947,15,1,785643218
0.9826433981166,0.285623234282602,15,1,785643218
0.539757661450229,0.49818299418202,15,1,785643218
0.648181463194721,0.705896502665714,15,1,785643218
0.0546213379833862,0.159754064682781,15,1,785643218
0.0131182898408486,0.0712671891200503,15,1,785643218
0.589489152198555,0.123174910122757,15,1,785643218
0.337588671414593,0.40005799003267,15,1,785643218
0.567786336537817,0.429433659161987,15,1,785643218
0.444427800349275,0.472538674057531,15,1,785643218
0.274359868218077,0.922966310594474,15,1,785643218
0.463724691848148,0.985839720486113,15,1,785643218
0.842746774754382,0.482785960032675,15,1,785643218
0.912667028569146,0.208208265755303,15,1,785643218
0.680501780004892,0.0127927506411949,15,1,785643218
0.69680706933645,0.449222827255787,15,1,785643218
0.991242742972526,0.0302380431708862,15,1,785643218
0.356202866094896,0.187791406918381,15,1,785643218
0.140654642291604,0.147483318711958,15,1,785643218
0.595745858537925,0.0989433221733309,15,1,785643218
0.62982546230693,0.484938878755381,15,1,785643218
0.876517675738716,0.975531273953979,15,1,785643218
0.762071885370185,0.322488420041125,15,1,785643218
0.0493777632242844,0.684418888739826,15,1,785643218
0.150104234963839,0.382382572562228,15,1,785643218
0.662538003414578,0.0274582581835727,15,1,785643218
0.168530045542117,0.847645872834397,15,1,785643218
0.395639102832904,0.90044371650255,15,1,785643218
0.107205619392187,0.556595173417727,15,1,785643218
0.71758056239304,0.483496506186851,15,1,785643218
0.0545449750767473,0.323394017576951,15,1,785643218
0.912762318506192,0.74276866992442,15,1,785643218
0.0681009828101633,0.328308219009121,15,1,785643218
0.76804980534804,0.109301049789488,15,1,785643218
0.21237050832654,0.0645248111900454,15,1,785643218
0.629211066334213,0.121841740861716,15,1,785643218
0.15816218360252,0.0655866009938197,15,1,785643218
0.00529350639872783,0.274426464859488,15,1,785643218
0.784647571546459,0.524383709663696,15,1,785643218
0.207666976251266,0.943018170356643,15,1,785643218
0.555669637534508,0.353846543025383,15,1,785643218
0.14106000321486,0.494780776901248,15,1,785643218
0.399537975442104,0.337398858606403,15,1,785643218
0.518733077111059,0.586041482695878,15,1,785643218
0.33086420387135,0.362705700909326,15,1,785643218
0.693209952083846,0.946470303086609,15,1,785643218
0.653886593701442,0.209309544015538,15,1,785643218
0.954780591309052,0.193540551876473,15,1,785643218
0.903782672832777,0.865803573096105,15,1,785643218
0.623801959955546,0.600005385291088,15,1,785643218
0.198884101095914,0.849351370491357,15,1,785643218
0.508041310997372,0.476646254961286,15,1,785643218
0.327940862470225,0.45337559944888,15,1,785643218
0.387914912389344,0.997479431628607,15,1,785643218
0.645825514379593,0.135918653522974,15,1,785643218
0.523899763662023,0.910176910124726,15,1,785643218
0.614263680190236,0.589245532142436,15,1,785643218
0.201570698376863,0.805640207574369,15,1,785643218
0.998319188978497,0.841442194924574,15,1,785643218
0.493008695585571,0.558323379401245,15,1,785643218
0.418075068472316,0.0794402960298068,15,1,785643218
0.916757280218627,0.29298716028785,15,1,785643218
0.125774464983173,0.412091965874565,15,1,785643218
0.840867286572085,0.227403584596944,15,1,785643218
0.643589250972593,0.220074644469231,15,1,785643218
0.416457343338612,0.0595393389672596,15,1,785643218
0.731701951799957,0.206039232916391,15,1,785643218
0.806998649916877,0.88882085905512,15,1,785643218
0.685921090399265,0.440457781420792,15,1,785643218
0.288725897664827,0.347221883236616,15,1,785643218
0.141115950781068,0.914073516446583,15,1,785643218
0.380246801041961,0.517692594161137,15,1,785643218
0.885791167087689,0.384218806582768,15,1,785643218
0.429126075687851,0.811960354893041,15,1,785643218
0.348530805632361,0.011843531406079,15,1,785643218
0.754789752232019,0.383634743465017,15,1,785643218
0.298628935838321,0.97902702291952,15,1,785643218
0.805092652517579,0.584086226896893,15,1,785643218
0.313623801551583,0.27814132723534,15,1,785643218
0.960432165220571,0.0702751173966769,15,1,785643218
0.513383105232058,0.766540813132262,15,1,785643218
0.0653843330343351,0.0248027325663902,15,1,785643218
0.804009059541117,0.649079982927285,15,1,785643218
0.470184335514339,0.092082082274521,15,1,785643218
0.0431080759703573,0.963085996488379,15,1,785643218
0.943414033766732,0.435040670971754,15,1,785643218
0.54516331983589,0.413566647464566,15,1,785643218
0.269818830990791,0.374912874148592,15,1,785643218
0.845478460464531,0.633502707333208,15,1,785643218
0.970132167547269,0.134212481570333,15,1,785643218
0.590804090596309,0.758395022190072,15,1,785643218
0.561328308594856,0.811940326116142,15,1,785643218
0.466705096516999,0.798087404809315,15,1,785643218
0.554799544055673,0.762974325751009,15,1,785643218
0.345311141004309,0.569613962150763,15,1,785643218
0.190966059611862,0.684469216490615,15,1,785643218
0.891632171596376,0.341339227582762,15,1,785643218
0.616845966460306,0.530844491334962,15,1,785643218
0.719207722883325,0.612117436992601,15,1,785643218
0.237154564115428,0.285367953946836,15,1,785643218
0.312481096321606,0.130339615433593,15,1,785643218
0.850981036593127,0.57108322676662,15,1,785643218
0.0406946566620718,0.952860892544862,15,1,785643218
0.296950245258833,0.702649118851398,15,1,785643218
0.670570310548925,0.739084798331353,15,1,785643218
0.169301296257315,0.23030513158483,15,1,785643218
0.949108001157459,0.342863220343077,15,1,785643218
0.406119770965287,0.368091997371506,15,1,785643218
0.580785722506756,0.646470796227553,15,1,785643218
0.356414707446845,0.434702802248565,15,1,785643218
0.208761781974758,0.0643010226698559,15,1,785643218
0.871315460099956,0.54884936729592,15,1,785643218
0.939352141563519,0.175262519650523,15,1,785643218
0.916675880167156,0.0145938611598844,15,1,785643218
0.830300049500639,0.159798323423137,15,1,785643218
0.557053669690952,0.716614284207816,15,1,785643218
0.0421742444949444,0.0332891485305877,15,1,785643218
0.898218815255891,0.510232077094313,15,1,785643218
0.428183358847835,0.742857332042819,15,1,785643218
0.144512623432304,0.613176790201218,15,1,785643218
0.239401471231085,0.651520732135784,15,1,785643218
0.518717510388592,0.961427780897347,15,1,785643218
0.560884186167676,0.130960308145492,15,1,785643218
0.514483997036643,0.972621618438225,15,1,785643218
0.641914929359989,0.315640161141489,15,1,785643218
0.250102355107741,0.386251516191444,15,1,785643218
0.224263409017083,0.493811927151757,15,1,785643218
0.316600641953619,0.894043709286786,15,1,785643218
0.416972864565133,0.386527201348784,15,1,785643218
0.0276241405339057,0.583865974965165,15,1,785643218
0.184062706882711,0.53327643477636,15,1,785643218
0.125819710758835,0.211599136990841,15,1,785643218
0.670438295793764,0.559128957646362,15,1,785643218
0.826589353389347,0.203900500788007,15,1,785643218
0.669688489295314,0.618973023102457,15,1,785643218
0.422046190356419,0.598214928334296,15,1,785643218
0.645447303578611,0.769965285378028,15,1,785643218
0.038792229389224,0.176632087200795,15,1,785643218
0.253083281074732,0.527688688487983,15,1,785643218
0.992021906103297,0.740118043261879,15,1,785643218
0.689653729063608,0.631905379797335,15,1,785643218
0.726060209279814,0.613643769936549,15,1,785643218
0.538008139506048,0.426081763354024,15,1,785643218
0.17932290657,0.135707362201369,15,1,785643218
0.783719761575915,0.828174657633409,15,1,785643218
0.944979054319651,0.761638494300728,15,1,785643218
0.981407030146896,0.0490754069011912,15,1,785643218
0.725940366062999,0.0471868428689008,15,1,785643218
0.737980881890817,0.290082115774434,15,1,785643218
0.0499620829327876,0.0995037155564091,15,1,785643218
0.289061410896318,0.925438628191515,15,1,785643218
0.138868058359192,0.57500807714691,15,1,785643218
0.731825196494799,0.0912248148652841,15,1,785643218
0.516208612972171,0.383634307396677,15,1,785643218
0.360316343730209,0.389602634684027,15,1,785643218
0.547644598047399,0.224170867347695,15,1,785643218
0.639370657010651,0.296741424233063,15,1,785643218
0.985674447363712,0.237432037458808,15,1,785643218
0.461379617359217,0.70580119065029,15,1,785643218
0.129821813065774,0.531784163931476,15,1,785643218
0.828155007622019,0.838710099443874,15,1,785643218
0.0998714915027641,0.841302065179847,15,1,785643218
0.638890169130572,0.411659390615764,15,1,785643218
0.346539150344936,0.610775016091426,15,1,785643218
0.307505209422722,0.518598101283736,15,1,785643218
0.464332549268637,0.0745520105396702,15,1,785643218
0.857313423278205,0.845769344719242,15,1,785643218
0.631613223183492,0.735308457321898,15,1,785643218
0.711654630893945,0.396387213609291,15,1,785643218
0.664341399159164,0.152520956133334,15,1,785643218
0.828942722120245,0.39505397551427,15,1,785643218
0.224961212447807,0.269303525645803,15,1,785643218
0.74531611530344,0.418172022289697,15,1,785643218
0.283709703860143,0.662120905361752,15,1,785643218
0.889974126044226,0.759894851570336,15,1,785643218
0.046255353989598,0.628021855212392,15,1,785643218
0.726320032959578,0.708692370392254,15,1,785643218
0.401705406672741,0.531092066646666,15,1,785643218
0.571002619970359,0.917645829225897,15,1,785643218
0.803413874172182,0.915407189055665,15,1,785643218
0.0269993530641015,0.212145667762727,15,1,785643218
0.268708507060912,0.94048980928056,15,1,785643218
0.863267869092581,0.931705132307063,15,1,785643218
0.590659387886496,0.905448589463129,15,1,785643218
0.894613284794986,0.172362921041772,15,1,785643218
0.43514933547738,0.854478316327406,15,1,785643218
0.331921725455265,0.612415120540021,15,1,785643218
0.286957230735912,0.472348705568544,15,1,785643218
0.493418216464121,0.906861573957114,15,1,785643218
0.887197490763519,0.147920498836872,15,1,785643218
0.613881607620396,0.617042938996268,15,1,785643218
0.076619917244205,0.93605914747422,15,1,785643218
0.877648180219478,0.897120982191737,15,1,785643218
0.893820115775346,0.767400349250836,15,1,785643218
0.370208857385426,0.913978046267379,15,1,785643218
0.129393274617806,0.78576461984538,15,1,785643218
0.797031112009875,0.782003870747084,15,1,785643218
0.670676855983975,0.89595057721395,15,1,785643218
0.589012611477352,0.73849416706857,15,1,785643218
0.357093075485882,0.977262213208224,15,1,785643218
0.652574160979922,0.768513841837769,15,1,785643218
0.016458512945277,0.369674273747883,15,1,785643218
0.227737950517798,0.164250514528981,15,1,785643218
0.787992554936417,0.828021961225515,15,1,785643218
0.799071452708692,0.888168674596222,15,1,785643218
0.163436489956082,0.0488506620919802,15,1,785643218
0.742491378493445,0.415986078046108,15,1,785643218
0.767947799568012,0.0765056626759291,15,1,785643218
0.857537549230291,0.761438096577579,15,1,785643218
0.146424051669744,0.225054886916771,15,1,785643218
0.378630145948551,0.845392294456246,15,1,785643218
0.317322818071538,0.305790408839782,15,1,785643218
0.525338544887926,0.653077857103712,15,1,785643218
0.829832828971248,0.529034929802836,15,1,785643218
0.510078173929308,0.050197436653022,15,1,785643218
0.556740242498261,0.261857779833518,15,1,785643218
0.240961039901273,0.16523726586778,15,1,785643218
0.326608467571063,0.967468868221008,15,1,785643218
0.493338747386063,0.00614366516259857,15,1,785643218
0.268356086993811,0.618580317615733,15,1,785643218
0.200176793213668,0.0547708574090437,15,1,785643218
0.348190649397484,0.39109032695219,15,1,785643218
0.109107301099326,0.257195737664506,15,1,785643218
0.98777342477769,0.937801967781899,15,1,785643218
0.675581331931044,0.784578231611298,15,1,785643218
0.364156859118302,0.765439143409015,15,1,785643218
0.632664403215309,0.547067378749905,15,1,785643218
0.307274928682677,0.573264368046728,15,1,785643218
0.330760585885906,0.670632232158628,15,1,785643218
0.710256230154859,0.457778478367861,15,1,785643218
0.0275955030674269,0.0257927934385069,15,1,785643218
0.0867908857475843,0.421255038486026,15,1,785643218
0.449395486650793,0.265871366953744,15,1,785643218
0.905783721659333,0.379212441230679,15,1,785643218
0.287642667202896,0.00372655349276663,15,1,785643218
0.783906235979416,0.395114075398734,15,1,785643218
0.864935677446963,0.977883551901863,15,1,785643218
0.462078224221719,0.531055272055499,15,1,785643218
0.179545568915135,0.42104844831988,15,1,785643218
0.0522814659881865,0.978875879149613,15,1,785643218
0.166278442772072,0.547514706381736,15,1,785643218
0.923698286293098,0.861519931671239,15,1,785643218
0.717804420068228,0.802128871601114,15,1,785643218
0.26860673164259,0.833432184113255,15,1,785643218
0.93106544431366,0.35417683194245,15,1,785643218
0.613904078729719,0.660713761422099,15,1,785643218
0.0517205917333607,0.995235015195094,15,1,785643218
0.949495272437508,0.835441736090227,15,1,785643218
0.782127717869632,0.282144102987239,15,1,785643218
0.309974634432833,0.190872123227401,15,1,785643218
0.902203267608423,0.0480487198357604,15,1,785643218
0.887656084785288,0.199994701530802,15,1,785643218
0.378880466526527,0.27673960466466,15,1,785643218
0.418562570893966,0.480827186873177,15,1,785643218
0.506935423528231,0.799531230446977,15,1,785643218
0.970352312983689,0.999801741817494,15,1,785643218
0.158848497273498,0.806091684590082,15,1,785643218
0.141447612916202,0.483791831572923,15,1,785643218
0.448326692018962,0.419446063919471,15,1,785643218
0.509267768139879,0.0615215644902767,15,1,785643218
0.30864268769246,0.64221745602208,15,1,785643218
0.784695919344225,0.262593479343623,15,1,785643218
0.17547767983668,0.154967616338383,15,1,785643218
0.585713835162722,0.935819641906942,15,1,785643218
0.0863868298040691,0.31924018046873,15,1,785643218
0.00517142119601122,0.934283455483419,15,1,785643218
0.32012035453965,0.0551950689944958,15,1,785643218
0.992467234883994,0.00455962856223646,15,1,785643218
0.141070816094154,0.590929272932305,15,1,785643218
0.850522165113457,0.706634162301767,15,1,785643218
0.210186954879863,0.414134614845533,15,1,785643218
0.993903851175301,0.0228070322896317,15,1,785643218
0.699539318410487,0.348786862946956,15,1,785643218
0.263002218001661,0.338585716739402,15,1,785643218
0.407106735019488,0.649755932720544,15,1,785643218
0.398003617682498,0.446400905028096,15,1,785643218
0.404000894387746,0.541794962572905,15,1,785643218
0.134926284342947,0.534550104544097,15,1,785643218
0.205637336294939,0.463069187907742,15,1,785643218
0.316105170875487,0.904999500656992,15,1,785643218
0.0209362733094216,0.19655773280101,15,1,785643218
0.335830028622647,0.645388060942057,15,1,785643218
0.0954399872935234,0.103490679167526,15,1,785643218
0.462229165162662,0.727632371121013,15,1,785643218
0.0141925722191054,0.581866798204078,15,1,785643218
0.27322617507493,0.859604585944138,15,1,785643218
0.975805518490394,0.516572580314021,15,1,785643218
0.375432089341841,0.262571823080073,15,1,785643218
0.0507410308584983,0.18498775542593,15,1,785643218
0.835666787890371,0.217022910829793,15,1,785643218
0.991216068051332,0.558424352994315,15,1,785643218
0.0715191233012382,0.0939931577948068,15,1,785643218
0.769328560802524,0.52126587558058,15,1,785643218
0.189332126558864,0.872618863514766,15,1,785643218
0.72755668586895,0.180804877102137,15,1,785643218
0.825893467262079,0.757655465617122,15,1,785643218
0.716110894346741,0.562373505031242,15,1,785643218
0.964477213235919,0.272497069227147,15,1,785643218
0.396324821558791,0.62898841852873,15,1,785643218
0.913443541027355,0.613267728259575,15,1,785643218
0.265492252942003,0.236816611101204,15,1,785643218
0.838289984230536,0.779506668640907,15,1,785643218
0.839370562912553,0.624105973933513,15,1,785643218
0.482525802981611,0.513097266103813,15,1,785643218
0.678801977571386,0.69714531434265,15,1,785643218
0.41470355226297,0.837062837232159,15,1,785643218
0.331945459071258,0.421765641398789,15,1,785643218
0.550311342218794,0.299240371367543,15,1,785643218
0.759728181451012,0.156040474978018,15,1,785643218
0.391809046919936,0.247622892893424,15,1,785643218
0.865631526808597,0.189217694846636,15,1,785643218
0.898047029773528,0.634467602379464,15,1,785643218
0.18393954639143,0.270744790227605,15,1,785643218
0.920795339548692,0.214908333299195,15,1,785643218
0.117998530830188,0.213808507851837,15,1,785643218
0.335399836817011,0.596894417264466,15,1,785643218
0.0393003606715538,0.304623508632056,15,1,785643218
0.937240455291851,0.0528886188793964,15,1,785643218
0.800964122888126,0.693957557607926,15,1,785643218
0.375905768869528,0.889505382930253,15,1,785643218
0.104533366537281,0.9693349681056,15,1,785643218
0.333021748562124,0.454259596252419,15,1,785643218
0.0815390069385904,0.133791941989045,15,1,785643218
0.463428326354438,0.227815917284399,15,1,785643218
0.331131926870544,0.43228049102211,15,1,785643218
0.243129392748622,0.0145829913721105,15,1,785643218
0.263688966901272,0.885954751411426,15,1,785643218
0.485682822633358,0.586880418057143,15,1,785643218
0.732991285236149,0.903781317428779,15,1,785643218
0.567556007219244,0.968092277032501,15,1,785643218
0.471576877701641,0.199809001901973,15,1,785643218
0.429574425393411,0.685019913186853,15,1,785643218
0.270721484041497,0.97618605203651,15,1,785643218
0.921702184839517,0.712023526544081,15,1,785643218
0.49552033065577,0.993861933184247,15,1,785643218
0.684729070444947,0.676162126646364,15,1,785643218
0.953195346947529,0.124415993898784,15,1,785643218
0.405280856301512,0.0238467674871377,15,1,785643218
0.987289240596107,0.902448025336355,15,1,785643218
0.407556067571399,0.396055963386758,15,1,785643218
0.751968661323718,0.590714085702438,15,1,785643218
0.20033919063203,0.633395027609882,15,1,785643218
0.18572120632558,0.568858249031772,15,1,785643218
0.0707099321833198,0.0919825866075981,15,1,785643218
0.204685825166232,0.501583750021445,15,1,785643218
0.646984242479119,0.105711724496877,15,1,785643218
0.135713939191561,0.992155341832765,15,1,785643218
0.733633675745003,0.316179403150449,15,1,785643218
0.88626471345036,0.888640554354833,15,1,785643218
0.291847298955866,0.425247142056617,15,1,785643218
0.270515950914951,0.130338530662759,15,1,785643218
0.929474819911487,0.0806892872970759,15,1,785643218
0.175658402046343,0.605929902341748,15,1,785643218
0.00531766107843601,0.910151635928054,15,1,785643218
0.0304812121254603,0.703693822032984,15,1,785643218
0.020664206116684,0.114508817448758,15,1,785643218
0.998496218110222,0.344785266829626,15,1,785643218
0.454878064344133,0.46970914990623,15,1,785643218
0.676610198765983,0.247391118054086,15,1,785643218
0.959245695586977,0.815079001293507,15,1,785643218
0.185010794039856,0.283486232967988,15,1,785643218
0.859858477328695,0.690842777716896,15,1,785643218
0.630322908813365,0.185325364394364,15,1,785643218
0.739681381359676,0.211502011390504,15,1,785643218
0.92588915396694,0.349680598203233,15,1,785643218
0.32657808874778,0.567627260518622,15,1,785643218
0.350055726149131,0.552722410653796,15,1,785643218
0.978348367068121,0.839770405888594,15,1,785643218
0.411096476867672,0.181356019443552,15,1,785643218
0.970554636855048,0.496661711093156,15,1,785643218
0.691549319813975,0.473448303630939,15,1,785643218
0.276910535977122,0.719191214145462,15,1,785643218
0.404278984913111,0.32242208747635,15,1,785643218
0.0954229376036473,0.140893295789802,15,1,785643218
0.230386271410523,0.738574081371828,15,1,785643218
0.429424713277887,0.583435707818693,15,1,785643218
0.751459922969707,0.496877971340802,15,1,785643218
0.00272214766180845,0.288563408231878,15,1,785643218
0.553837784853595,0.341769398042607,15,1,785643218
0.113472529530742,0.902857307358179,15,1,785643218
0.399987514383764,0.779759833628534,15,1,785643218
0.372850286891489,0.158779081908444,15,1,785643218
0.581092789143755,0.169797930717273,15,1,785643218
0.775003971520436,0.165710833746905,15,1,785643218
0.303420469934191,0.773382987029207,15,1,785643218
0.352206030137874,0.138269443120375,15,1,785643218
0.882366651467384,0.676301714751472,15,1,785643218
0.191096942140343,0.518774618415662,15,1,785643218
0.944168397007553,0.117078554443065,15,1,785643218
0.577412992017583,0.0427056486220554,15,1,785643218
0.448546636181123,0.734667052239618,15,1,785643218
0.851349466756061,0.220956204990142,15,1,785643218
0.565398071214702,0.88450688511975,15,1,785643218
0.867182011509325,0.127377903772434,15,1,785643218
0.049548069285394,0.827813209132679,15,1,785643218
0.182799816427113,0.367338479569905,15,1,785643218
0.89096098356608,0.829765500469755,15,1,785643218
0.457567102412996,0.649379379696406,15,1,785643218
0.147972879889124,0.241496930386585,15,1,785643218
0.175300590059797,0.596574252029619,15,1,785643218
0.0258224112564527,0.933696189912445,15,1,785643218
0.743299519220899,0.396446393977398,15,1,785643218
0.740081914447896,0.849758701021451,15,1,785643218
0.991642753653566,0.618440561633305,15,1,785643218
0.210040859336162,0.0685903406030581,15,1,785643218
0.764456723195712,0.440002999758907,15,1,785643218
0.426037677118001,0.622316278805632,15,1,785643218
0.331186928602832,0.0199594443113629,15,1,785643218
0.682975361945293,0.317170712495229,15,1,785643218
0.163797004321747,0.0120628698382861,15,1,785643218
0.0187500076236677,0.327835003973833,15,1,785643218
0.572686408802565,0.801005104076718,15,1,785643218
0.22201162081863,0.140479021074647,15,1,785643218
0.147327294067056,0.919030163377919,15,1,785643218
0.959195377649785,0.612903548457608,15,1,785643218
0.697526708588207,0.719029572923464,15,1,785643218
0.375798497054666,0.787411137221118,15,1,785643218
0.112766352353995,0.0727267878572437,15,1,785643218
0.782457190922158,0.72978557500345,15,1,785643218
0.725320583631238,0.354665156543746,15,1,785643218
0.152906571019129,0.791224430216446,15,1,785643218
0.930951363156442,0.00218403605178974,15,1,785643218
0.680029188614031,0.558539543765193,15,1,785643218
0.0919700338602305,0.770368452302919,15,1,785643218
0.765016972759848,0.564872538236832,15,1,785643218
0.947586915969211,0.72708014651431,15,1,785643218
0.145843764067898,0.755500739833132,15,1,785643218
0.612158451615586,0.419675498705429,15,1,785643218
0.904991995134602,0.190904114012745,15,1,785643218
0.430697243510286,0.683492246617821,15,1,785643218
0.308360635014121,0.367174538832105,15,1,785643218
0.242102708939242,0.406712482400162,15,1,785643218
0.1181195875348,0.601255706117065,15,1,785643218
0.521751133067294,0.328414911460973,15,1,785643218
0.707713258772662,0.282314999125162,15,1,785643218
0.272624607316274,0.18922635217373,15,1,785643218
0.93775089449086,0.808128934350374,15,1,785643218
0.641902948598989,0.770393601408048,15,1,785643218
0.937054804666851,0.570157465318559,15,1,785643218
0.406538955026949,0.375032080958762,15,1,785643218
0.648905026480788,0.0586528343528725,15,1,785643218
0.168446235595472,0.273708732080351,15,1,785643218
0.1086756283972,0.126636131314573,15,1,785643218
0.800319885377315,0.955552733247354,15,1,785643218
0.259002223095101,0.0578747324643132,15,1,785643218
0.416146397101204,0.406952780309795,15,1,785643218
0.608677555036159,0.427750788578029,15,1,785643218
0.359632782622239,0.681790419696854,15,1,785643218
0.570652217510977,0.873162536923531,15,1,785643218
0.128673488197551,0.82450456111315,15,1,785643218
0.61892146230975,0.388769087286064,15,1,785643218
0.153383446661745,0.214103862242535,15,1,785643218
0.782347909538476,0.981127783011385,15,1,785643218
0.0086730711924663,0.458866164985041,15,1,785643218
0.73995648694031,0.270894337475703,15,1,785643218
0.669812283632476,0.0290843401829841,15,1,785643218
0.360973304585898,0.632719552361761,15,1,785643218
0.440034665828932,0.999243402377733,15,1,785643218
0.478329998437915,0.0203233339891442,15,1,785643218
0.422101331031528,0.934168410923525,15,1,785643218
0.755597656619901,0.406566477916673,15,1,785643218
0.166955282077219,0.491615854303949,15,1,785643218
0.763608714769859,0.327411082263774,15,1,785643218
0.667830610217439,0.848949589467016,15,1,785643218
0.0529155401442867,0.999480713030469,15,1,785643218
0.673290501081264,0.788422872309752,15,1,785643218
0.123249199705072,0.189243315288499,15,1,785643218
0.239157438273438,0.586650478214463,15,1,785643218
0.734083258792361,0.439666438865996,15,1,785643218
0.167068472075962,0.516288443306407,15,1,785643218
0.933728395279193,0.0479561462232532,15,1,785643218
0.360439247049313,0.512627316472257,15,1,785643218
0.80452131652567,0.735551716843761,15,1,785643218
0.43436077009615,0.22076211015677,15,1,785643218
0.190315876634736,0.722839080037034,15,1,785643218
0.00608299467156126,0.319046674854979,15,1,785643218
0.654536844095494,0.727102460872813,15,1,785643218
0.451771238427057,0.570599676646125,15,1,785643218
0.925394380803542,0.0544540530636735,15,1,785643218
0.379483677072373,0.0447013234195435,15,1,785643218
0.189966363895125,0.460036917967321,15,1,785643218
0.755970887664513,0.774330825973141,15,1,785643218
0.261034001046275,0.764622792817325,15,1,785643218
0.231694870864009,0.536009439700855,15,1,785643218
0.981321891858524,0.578398413660157,15,1,785643218
0.562437451596276,0.469849623111092,15,1,785643218
0.719040541970767,0.535395085792709,15,1,785643218
0.0338664858215481,0.0315795101969543,15,1,785643218
0.709737699250195,0.921907512513226,15,1,785643218
0.918649829279247,0.621075150315815,15,1,785643218
0.623554055118923,0.905097636963281,15,1,785643218
0.459145382630174,0.660152914193233,15,1,785643218
0.360732176197076,0.716861669538565,15,1,785643218
0.964345023893471,0.389657030290615,15,1,785643218
0.617478559848967,0.926246033455137,15,1,785643218
0.415999870411107,0.261234680412299,15,1,785643218
0.511750660564032,0.935213414574907,15,1,785643218
0.342512303490976,0.432438536382894,15,1,785643218
0.489447690085381,0.0315668029384231,15,1,785643218
0.841596539842008,0.372287527992711,15,1,785643218
0.523845668147302,0.68491083517715,15,1,785643218
0.0133083451287526,0.591717576635847,15,1,785643218
0.265897487849037,0.379676154350051,15,1,785643218
0.279393425944999,0.65866027659466,15,1,785643218
0.89861999055198,0.177392872281632,15,1,785643218
0.953271413239247,0.12699175882571,15,1,785643218
0.123748135228406,0.739482635921418,15,1,785643218
0.511705969432056,0.844864429158171,15,1,785643218
0.349451618006976,0.16504461699496,15,1,785643218
0.687994923559838,0.846674011694363,15,1,785643218
0.118271199218339,0.977737209456976,15,1,785643218
0.684663621078269,0.400778316897542,15,1,785643218
0.233046072994167,0.84684042205567,15,1,785643218
0.194882101922888,0.902332438484402,15,1,785643218
0.182851756909819,0.445885993351378,15,1,785643218
0.635641722935939,0.47592544113467,15,1,785643218
0.169987631475279,0.057832880339256,15,1,785643218
0.364281004950458,0.441942573913717,15,1,785643218
0.359257521794079,0.384966607562056,15,1,785643218
0.50918611099309,0.229536630705303,15,1,785643218
0.766454658734418,0.12840267691412,15,1,785643218
0.552603877765331,0.217095517009548,15,1,785643218
0.0148496418219861,0.887699392936851,15,1,785643218
0.506464601524359,0.813676572119497,15,1,785643218
0.00995932077710138,0.85878738208679,15,1,785643218
0.453745443449198,0.441419909225365,15,1,785643218
0.493601167409717,0.147788103763957,15,1,785643218
0.235582361550406,0.919193552509935,15,1,785643218
0.74774443215437,0.164432388931599,15,1,785643218
0.563765481863165,0.767742392096259,15,1,785643218
0.23015051509319,0.589164463045294,15,1,785643218
0.287477502105621,0.129914609919487,15,1,785643218
0.603149548147381,0.951962704803721,15,1,785643218
0.643844188172602,0.236991401079053,15,1,785643218
0.148867807142288,0.719796978215341,15,1,785643218
0.821791153870595,0.4067897380664,15,1,785643218
0.904528837348729,0.18327537666692,15,1,785643218
0.668838917717295,0.778033941376394,15,1,785643218
0.924733076184777,0.720074177888014,15,1,785643218
0.956185990986897,0.753578038103512,15,1,785643218
0.0216445637752436,0.321955024065939,15,1,785643218
0.349330661412287,0.827568627014696,15,1,785643218
0.489466279229863,0.328754902631786,15,1,785643218
0.403131988837514,0.144638952863755,15,1,785643218
0.710489771003222,0.980750335379736,15,1,785643218
0.965956815309962,0.193146121030312,15,1,785643218
0.477485305596026,0.833102458233349,15,1,785643218
0.393473866845082,0.923119506208431,15,1,785643218
0.554708924051623,0.565503852553989,15,1,785643218
0.1390675381597,0.650541529746445,15,1,785643218
0.756427005476301,0.197438774018591,15,1,785643218
0.574553056452274,0.424117111268074,15,1,785643218
0.268293626557356,0.359482683064055,15,1,785643218
0.658074773675882,0.753115680866569,15,1,785643218
0.484048358381556,0.993439541124101,15,1,785643218
0.740505888418712,0.150183575799156,15,1,785643218
0.29399276075221,0.559325305373977,15,1,785643218
0.696481451202597,0.960953136171753,15,1,785643218
0.966179532380881,0.606372480049101,15,1,785643218
0.51985500805114,0.193187190289584,15,1,785643218
0.23786068845691,0.695440837752091,15,1,785643218
0.73610487237567,0.489747588909085,15,1,785643218
0.717366502548782,0.861465014539969,15,1,785643218
0.0110645469857582,0.714900686815888,15,1,785643218
0.464978995603566,0.0221561703696489,15,1,785643218
0.592832355312576,0.804164463033556,15,1,785643218
0.744852664862003,0.133334880283247,15,1,785643218
0.14255702281033,0.591626433242387,15,1,785643218
0.196877614519847,0.515105880727766,15,1,785643218
0.581899482046318,0.778888905445886,15,1,785643218
0.418967206557434,0.19406839492183,15,1,785643218
0.894445813497079,0.208377250831798,15,1,785643218
0.667120350906722,0.653701099121411,15,1,785643218
0.765859717740531,0.370738346601536,15,1,785643218
0.406650010996104,0.364073760072969,15,1,785643218
0.951277896690185,0.852799217914026,15,1,785643218
0.932768753049533,0.179409105427177,15,1,785643218
0.788807318573614,0.769316987552588,15,1,785643218
0.0816437907963632,0.854745008412034,15,1,785643218
0.347306017402952,0.817057896135947,15,1,785643218
0.530827214636828,0.208515157251639,15,1,785643218
0.0178859945184682,0.0666382343809424,15,1,785643218
0.214013339761713,0.147087464434034,15,1,785643218
0.342622479214467,0.870599474501482,15,1,785643218
0.551243498694121,0.499712884084472,15,1,785643218
0.649028298795189,0.176989848170383,15,1,785643218
0.113567358813262,0.326590366853101,15,1,785643218
0.349854419368718,0.35039112741965,15,1,785643218
0.718772182680197,0.126683578496938,15,1,785643218
0.540416533770178,0.295687711743526,15,1,785643218
0.514651040470451,0.840424706941908,15,1,785643218
0.644565768669277,0.957104727711509,15,1,785643218
0.364578328253313,0.613686908414049,15,1,785643218
0.949599814732672,0.306594876919942,15,1,785643218
0.211934300477778,0.243852245741455,15,1,785643218
0.98991321307505,0.797686800332272,15,1,785643218
0.880332958833986,0.111453030216837,15,1,785643218
0.509674305701905,0.694567534243138,15,1,785643218
0.261914725821991,0.12917975457512,15,1,785643218
0.117984580376976,0.580513878507348,15,1,785643218
0.714028586884541,0.822877161978277,15,1,785643218
0.351234339840288,0.448643003029904,15,1,785643218
0.882524593854214,0.586730979399488,15,1,785643218
0.0449630602113056,0.392793343763232,15,1,785643218
0.188121527125833,0.2252760280445,15,1,785643218
0.761790659615831,0.766718260194243,15,1,785643218
0.896362514821528,0.708285437608447,15,1,785643218
0.556679229581187,0.381450366350509,15,1,785643218
0.329329494502147,0.530207136428913,15,1,785643218
0.511234158963634,0.664921031089066,15,1,785643218
0.889529395652944,0.235038083642044,15,1,785643218
0.535204790971451,0.672767124712606,15,1,785643218
0.733123317220279,0.68488270371645,15,1,785643218
0.371605255380549,0.0863698916953384,15,1,785643218
0.0756574367967033,0.628333166319653,15,1,785643218
0.944619028300199,0.712825558822245,15,1,785643218
0.891230982860945,0.704283803461414,15,1,785643218
0.478298164768321,0.937633996511076,15,1,785643218
0.283516350812937,0.614416740009241,15,1,785643218
0.826315268055732,0.965565502401644,15,1,785643218
0.475980598025959,0.930412357127143,15,1,785643218
0.794208735365721,0.688782551357908,15,1,785643218
0.261780549581293,0.263761522099751,15,1,785643218
0.093588948708196,0.661995122459675,15,1,785643218
0.642101452345393,0.241756294011407,15,1,785643218
0.806831337415387,0.338998885187609,15,1,785643218
0.970244784174998,0.245933414860754,15,1,785643218
0.0648244168975287,0.162155512726322,15,1,785643218
0.528746796172546,0.98410220556837,15,1,785643218
0.118127470956211,0.158137535013763,15,1,785643218
0.87743557911106,0.159004228409294,15,1,785643218
0.431548136996588,0.766821128174173,15,1,785643218
0.752133035902091,0.255867234678822,15,1,785643218
0.578067036842824,0.223247370037609,15,1,785643218
0.451323249153362,0.343958851668799,15,1,785643218
0.2305007476002,0.881982044781241,15,1,785643218
0.685703002298982,0.702558267454886,15,1,785643218
0.638002018199174,0.282987340764812,15,1,785643218
0.89709956433046,0.0404776838377554,15,1,785643218
0.234203591647634,0.131889422518838,15,1,785643218
0.402668813422862,0.73877212438648,15,1,785643218
0.00104875089252587,0.0859774758586109,15,1,785643218
0.171636581699651,0.341339441893616,15,1,785643218
0.0181964484054378,0.720970441100556,15,1,785643218
0.59739823316686,0.112891876895965,15,1,785643218
0.701757743021654,0.297992084050114,15,1,785643218
0.232072771440492,0.887827186643675,15,1,785643218
0.876532336369493,0.0968039992576106,15,1,785643218
0.994330131921955,0.373855125167777,15,1,785643218
0.153699141500539,0.559473493609151,15,1,785643218
0.575169799318825,0.343178963663154,15,1,785643218
0.123628215551704,0.532371997340892,15,1,785643218
0.133019293756866,0.27327355322767,15,1,785643218
0.0603404794653217,0.58770792122355,15,1,785643218
0.239298324727063,0.679359375561196,15,1,785643218
0.284210609708343,0.34587591841615,15,1,785643218
0.385696100151795,0.720899406330179,15,1,785643218
0.376235644973832,0.963307975129415,15,1,785643218
0.245892384007468,0.0581399538953957,15,1,785643218
0.230739476145678,0.730067151363332,15,1,785643218
0.149621678428691,0.974794436094458,15,1,785643218
0.776914984794695,0.340861917458999,15,1,785643218
0.143129922591403,0.252416408915415,15,1,785643218
0.336811546697355,0.967075924959904,15,1,785643218
0.638870493722499,0.26573978611906,15,1,785643218
0.467393815118956,0.767693979512223,15,1,785643218
0.735625163676031,0.647865407727924,15,1,785643218
0.967613001339036,0.104044606115257,15,1,785643218
0.292013509811655,0.734834035896819,15,1,785643218
0.0917413030021281,0.871856184361962,15,1,785643218
0.322844531083596,0.130343899009745,15,1,785643218
0.0810216067622163,0.148392298370781,15,1,785643218
0.521203630609183,0.164506831912453,15,1,785643218
0.654674638859014,0.516911588821952,15,1,785643218
0.481778559951825,0.373713620887227,15,1,785643218
0.248736107387026,0.355504230381952,15,1,785643218
0.110262707743615,0.750302278583643,15,1,785643218
0.857252312009846,0.0202531439970075,15,1,785643218
0.0607947659020249,0.610697029173962,15,1,785643218
0.372434558037788,0.739932156226015,15,1,785643218
0.512790242174601,0.813992512447041,15,1,785643218
0.0223085221527164,0.881784565825668,15,1,785643218
0.501213628253217,0.974212769965686,15,1,785643218
0.974288656539393,0.771727574969489,15,1,785643218
0.516306108830548,0.956798215874505,15,1,785643218
0.740415898328835,0.589257819849746,15,1,785643218
0.69306573398222,0.0616313155830257,15,1,785643218
0.360686221760053,0.261866153926208,15,1,785643218
0.739505455775142,0.396363173007807,15,1,785643218
0.991878644314254,0.588009797905849,15,1,785643218
0.0718448540520047,0.817030747511505,15,1,785643218
0.106382060183758,0.835353320827942,15,1,785643218
0.666105000954571,0.174060627900794,15,1,785643218
0.962532852037782,0.909223447032122,15,1,785643218
0.930720723101072,0.599095108311983,15,1,785643218
0.0606565748563725,0.714447263926546,15,1,785643218
0.6248359220859,0.143866842352376,15,1,785643218
0.476784411950824,0.716904018393213,15,1,785643218
0.873802957652189,0.0082936177339068,15,1,785643218
0.426552580995329,0.594263759772136,15,1,785643218
0.257641948826992,0.791768564984878,15,1,785643218
0.934970078550983,0.303387677854094,15,1,785643218
0.433643370247001,0.253295207806398,15,1,785643218
0.0394166948609316,0.030549693364859,15,1,785643218
0.635112082546494,0.0939535624527363,15,1,785643218
0.281247154826072,0.528803357826471,15,1,785643218
0.167587391768095,0.543961001822512,15,1,785643218
0.91920439143325,0.970336239424185,15,1,785643218
0.723667756687349,0.266837643552294,15,1,785643218
0.609313527036338,0.19379731579753,15,1,785643218
0.0536633569621841,0.851672168460071,15,1,785643218
0.925369679381177,0.930428323958424,15,1,785643218
0.953321410438103,0.292036385944753,15,1,785643218
0.774199486721129,0.361242284551202,15,1,785643218
0.569569755381586,0.0160540279401065,15,1,785643218
0.565430039509642,0.0871581506829193,15,1,785643218
0.292380491478306,0.939906627442869,15,1,785643218
0.15306873990943,0.432604050922649,15,1,785643218
0.939988746411798,0.884195207146804,15,1,785643218
0.299907625802353,0.585647743822314,15,1,785643218
0.478820841397257,0.030643877460012,15,1,785643218
0.685467726982255,0.05235171303777,15,1,785643218
0.318222070312647,0.476681259241539,15,1,785643218
0.393118934087092,0.0292981356842033,15,1,785643218
0.464716213529688,0.948848441584104,15,1,785643218
0.816074603508604,0.927371848623242,15,1,785643218
0.777933887681809,0.160418569137913,15,1,785643218
0.0617609607541549,0.0762946535175146,15,1,785643218
0.64527480621286,0.435669639952447,15,1,785643218
0.280148724386698,0.234770434091177,15,1,785643218
0.0461707211312614,0.477474665180275,15,1,785643218
0.00580551344640767,0.840848623189701,15,1,785643218
0.712037411380596,0.509648042808575,15,1,785643218
0.321221653640978,0.440596274415211,15,1,785643218
0.590390024831509,0.934289250197979,15,1,785643218
0.214853228387365,0.0262981850418482,15,1,785643218
0.455442679497035,0.644976989659871,15,1,785643218
0.619409251502252,0.170168601790758,15,1,785643218
0.78837039407906,0.998801176921151,15,1,785643218
0.974913645042671,0.701461577715648,15,1,785643218
0.513958498971595,0.436992598326331,15,1,785643218
0.0676537352126614,0.496989124686147,15,1,785643218
0.00458686048155155,0.924434452109012,15,1,785643218
0.909534012628027,0.289151150309565,15,1,785643218
0.976576287132257,0.614947871107054,15,1,785643218
0.831076467023324,0.29594630764063,15,1,785643218
0.335054980696711,0.985938831830933,15,1,785643218
0.860542889898293,0.757394252019814,15,1,785643218
0.917821615279257,0.665257936992633,15,1,785643218
0.397885488646999,0.810691692975345,15,1,785643218
0.778171712793502,0.435447121986612,15,1,785643218
0.687415095541732,0.593567740993048,15,1,785643218
0.555539171443265,0.641924375153474,15,1,785643218
0.275135673477491,0.777333384109386,15,1,785643218
0.406279308421648,0.706040610027316,15,1,785643218
0.162932885334635,0.106127041498142,15,1,785643218
0.962059932972577,0.962055607028381,15,1,785643218
0.285035514716747,0.886731389885312,15,1,785643218
0.353089887557859,0.943626247713348,15,1,785643218
0.917311448989924,0.786990094457108,15,1,785643218
0.370528963485164,0.610462841034269,15,1,785643218
0.555236929088788,0.00657137667005347,15,1,785643218
0.215601318870278,0.641983446845904,15,1,785643218
0.165777291698843,0.260130578700269,15,1,785643218
0.100701747010474,0.163973810656625,15,1,785643218
0.21169770814329,0.451460970765777,15,1,785643218
0.707684017783752,0.218813621701033,15,1,785643218
0.959328670785322,0.892292553312468,15,1,785643218
0.411643899601078,0.791352072689058,15,1,785643218
0.216936692600635,0.876205757768185,15,1,785643218
0.810367347092902,0.662716299451454,15,1,785643218
0.231741872761066,0.29661099694508,15,1,785643218
0.1031775641679,0.98172978677236,15,1,785643218
0.746058175905927,0.456192841152474,15,1,785643218
0.716143008260027,0.0129613329675022,15,1,785643218
0.537463512980226,0.095664506457299,15,1,785643218
0.0340140524476578,0.53100368385622,15,1,785643218
0.127690622298952,0.39740716683523,15,1,785643218
0.390897137877836,0.764839550939151,15,1,785643218
0.0203652649483068,0.815142617251854,15,1,785643218
0.583885182759238,0.903863980877782,15,1,785643218
0.846334046420512,0.465686638801614,15,1,785643218
0.307458807771113,0.955703703735197,15,1,785643218
0.666066662201465,0.841283918778919,15,1,785643218
0.15377446947548,0.576067230359981,15,1,785643218
0.448418497553939,0.687308521681683,15,1,785643218
0.678288095029475,0.682807625783297,15,1,785643218
0.198902914411231,0.335234248748299,15,1,785643218
0.682485097889057,0.979611718314922,15,1,785643218
0.129475448181161,0.0733150292291858,15,1,785643218
0.968081251821105,0.688340560913352,15,1,785643218
0.0564947383400574,0.390694761343894,15,1,785643218
0.891844834576153,0.475637906642759,15,1,785643218
0.72866432733176,0.661864190096112,15,1,785643218
0.076633807081961,0.255447741680229,15,1,785643218
0.038316604049792,0.717642088248919,15,1,785643218
0.616984239552045,0.0157239343918265,15,1,785643218
0.0218052859141553,0.954097087600532,15,1,785643218
0.818261292596966,0.48088527065152,15,1,785643218
0.858534457075778,0.870172832932078,15,1,785643218
0.51993841000954,0.575426858901163,15,1,785643218
0.50716440943261,0.841087028464493,15,1,785643218
0.728529079067634,0.365498941804941,15,1,785643218
0.223616542277681,0.650476670362574,15,1,785643218
0.37218334213035,0.251350329179675,15,1,785643218
0.303307760953156,0.175552733670926,15,1,785643218
0.453085594339625,0.830471087171817,15,1,785643218
0.545413851293775,0.305868125558055,15,1,785643218
0.195992875188971,0.288015147068233,15,1,785643218
0.989318016740209,0.946835425762584,15,1,785643218
0.636153361245141,0.0929775667409576,15,1,785643218
0.932741432728598,0.91289689412559,15,1,785643218
0.784036625645697,0.670567366997325,15,1,785643218
0.27161197714829,0.673445585599373,15,1,785643218
0.870131260710405,0.688700255796389,15,1,785643218
0.361743687439853,0.692537354217803,15,1,785643218
0.513711507774456,0.552446880690242,15,1,785643218
0.427643824448783,0.0288693103204265,15,1,785643218
0.57353298610322,0.853196323160274,15,1,785643218
0.148628428003865,0.853787540571826,15,1,785643218
0.834658660194521,0.626650294612427,15,1,785643218
0.514147857986893,0.220628487686457,15,1,785643218
0.248305586063578,0.642012167409462,15,1,785643218
0.563332624362133,0.919483539305092,15,1,785643218
0.0633376407592356,0.259589718081619,15,1,785643218
0.50228088048391,0.784682886961973,15,1,785643218
0.730041808848555,0.51666081034113,15,1,785643218
0.347996665117824,0.253364476096548,15,1,785643218
0.921404717343185,0.653691833326551,15,1,785643218
0.594637280568417,0.883066328493816,15,1,785643218
0.644760135044918,0.588909775287613,15,1,785643218
0.666157295165147,0.422000053033246,15,1,785643218
0.568763887000184,0.778958842934047,15,1,785643218
0.881402149033936,0.496374448059262,15,1,785643218
0.874967554154094,0.828557192088851,15,1,785643218
0.0509768234362293,0.521961363451824,15,1,785643218
0.18879469914116,0.0122016586087181,15,1,785643218
0.126286715781637,0.241546722968797,15,1,785643218
0.915924906719858,0.416062469567364,15,1,785643218
0.117809647399889,0.482676377701448,15,1,785643218
0.132805380979111,0.154275201371758,15,1,785643218
0.660961506077025,0.70453025002749,15,1,785643218
0.212865462167803,0.266125840626922,15,1,785643218
0.527468553614121,0.420776031390103,15,1,785643218
0.734582352448962,0.919938404753819,15,1,785643218
0.439292495972631,0.710991142909414,15,1,785643218
0.194972479854258,0.484912042542377,15,1,785643218
0.881443661531248,0.430650814635291,15,1,785643218
0.920118266558206,0.256126667141785,15,1,785643218
0.070712860784659,0.910669891431322,15,1,785643218
0.0628110640153974,0.566536725409486,15,1,785643218
0.598927007345119,0.558721676044246,15,1,785643218
0.924088574711887,0.809287546890919,15,1,785643218
0.951143288552554,0.386376453751172,15,1,785643218
0.103081936515038,0.201078698644425,15,1,785643218
0.107559061800394,0.733235140825836,15,1,785643218
0.949694279082892,0.919779009030599,15,1,785643218
0.932214674611154,0.200670794897496,15,1,785643218
0.210293892139916,0.530928562350126,15,1,785643218
0.64068809817398,0.465969022436112,15,1,785643218
0.539904206228469,0.298077098415839,15,1,785643218
0.584909337940096,0.940751807677584,15,1,785643218
0.253582080328306,0.945720170059722,15,1,785643218
0.476357864714675,0.497436816118938,15,1,785643218
0.092143206417493,0.244818573659608,15,1,785643218
0.793468667115168,0.412682551144434,15,1,785643218
0.468448979099778,0.0795247437058171,15,1,785643218
0.262344124929552,0.963402695210089,15,1,785643218
0.553886171799316,0.327899225971161,15,1,785643218
0.443974169144532,0.36090570988313,15,1,785643218
0.419084173480492,0.71816906935525,15,1,785643218
0.579120322798269,0.937213312673294,15,1,785643218
0.620973312388174,0.745742824540188,15,1,785643218
0.643430324717818,0.486288701341627,15,1,785643218
0.977488973559342,0.781786592874171,15,1,785643218
0.0083914089186683,0.175105134797037,15,1,785643218
0.735222384230462,0.398952834835034,15,1,785643218
0.523457865052836,0.0669102894399423,15,1,785643218
0.21107520274848,0.579045929706706,15,1,785643218
0.816872397886753,0.863462434127264,15,1,785643218
0.371625588826809,0.0572248277271126,15,1,785643218
0.0104227137894446,0.838914805190489,15,1,785643218
0.963901510284682,0.739087830521794,15,1,785643218
0.536360476251478,0.755294185555184,15,1,785643218
0.462962292488203,0.423368491009926,15,1,785643218
0.833931614067185,0.442168418036325,15,1,785643218
0.0698545983328747,0.754992765619925,15,1,785643218
0.657786934400117,0.155160652860932,15,1,785643218
0.925143237500185,0.463826293831469,15,1,785643218
0.0980406969834533,0.113976395707283,15,1,785643218
0.613127324213607,0.439976207523601,15,1,785643218
0.285341761468254,0.872289854041349,15,1,785643218
0.0967247418797741,0.81222493873614,15,1,785643218
0.308908292221278,0.536660435941213,15,1,785643218
0.917487719233304,0.512438590529657,15,1,785643218
0.928794901030424,0.0590529818038545,15,1,785643218
0.653411351205262,0.673685481407297,15,1,785643218
0.170890524169835,0.0272201809509021,15,1,785643218
0.954731644526932,0.914200089943224,15,1,785643218
0.751889114503272,0.0801461006783415,15,1,785643218
0.22903887758536,0.319858734683785,15,1,785643218
0.751879290508603,0.104547292407245,15,1,785643218
0.395939293053893,0.0771078986643294,15,1,785643218
0.793225893596061,0.883974021159123,15,1,785643218
0.477625867084852,0.327688244368535,15,1,785643218
0.369280490272388,0.477429720746193,15,1,785643218
0.00592938575703439,0.965428949575685,15,1,785643218
0.786670657722435,0.386257847278391,15,1,785643218
0.540799323895799,0.665207640054284,15,1,785643218
0.753368103012341,0.0277414195011649,15,1,785643218
0.131323233074405,0.86828531890477,15,1,785643218
0.261645802094984,0.810246147212273,15,1,785643218
0.131791891882863,0.665042730755307,15,1,785643218
0.721203746926551,0.00714287554690629,15,1,785643218
0.143349758105925,0.576922960155865,15,1,785643218
0.44876067826246,0.0404783662012491,15,1,785643218
0.341624309166895,0.376259311832265,15,1,785643218
0.824846578651248,0.245501919933115,15,1,785643218
0.754122451089476,0.827547096574101,15,1,785643218
0.280274109941208,0.644769300994349,15,1,785643218
0.384911714600752,0.430894289528636,15,1,785643218
0.284731964283764,0.705341936558785,15,1,785643218
0.631140978954358,0.769392002803234,15,1,785643218
0.78908196070071,0.55991823180373,15,1,785643218
0.147966352219572,0.528173311589799,15,1,785643218
0.791865306561443,0.401115752094356,15,1,785643218
0.122696319747891,0.830061755716432,15,1,785643218
0.736194147162553,0.245702553146467,15,1,785643218
0.945655627798791,0.470813430693738,15,1,785643218
0.95867180627337,0.66036674611776,15,1,785643218
0.873613743632887,0.783993966635839,15,1,785643218
0.942943791851308,0.285895131428361,15,1,785643218
0.737389811279282,0.624525489217259,15,1,785643218
0.578038678945584,0.967212972259515,15,1,785643218
0.0800790148936104,0.0623488662856593,15,1,785643218
0.465506726860234,0.0918677642568007,15,1,785643218
0.105250976899798,0.704114005561744,15,1,785643218
0.843531733833694,0.353381446115153,15,1,785643218
0.323810646660131,0.561094698292737,15,1,785643218
0.941996842819249,0.31653978119886,15,1,785643218
0.82230512546078,0.458625290981295,15,1,785643218
0.892976842052312,0.21954641873187,15,1,785643218
0.762259000409792,0.750358502582221,15,1,785643218
0.368269375332506,0.533465810666778,15,1,785643218
0.664700753641183,0.90739234542153,15,1,785643218
0.455504414441624,0.755117498713119,15,1,785643218
0.162993286154452,0.899634147037859,15,1,785643218
0.15722537443771,0.0170355220844041,15,1,785643218
0.83687200660329,0.0916963333259408,15,1,785643218
0.395980115684955,0.810382880310453,15,1,785643218
0.928499035912426,0.0492513175934279,15,1,785643218
0.013119053558466,0.140296937050322,15,1,785643218
0.92988365473867,0.799279118354345,15,1,785643218
0.669509189521944,0.658346430525879,15,1,785643218
0.962941050897903,0.071978214204039,15,1,785643218
0.457421775448269,0.489925395889155,15,1,785643218
0.10465225535041,0.777399817497285,15,1,785643218
0.0731024771513307,0.210339013700214,15,1,785643218
0.618995494256394,0.569685338891923,15,1,785643218
0.42556859545622,0.839768139133609,15,1,785643218
0.134284967381195,0.257429040577626,15,1,785643218
0.0265306579419906,0.336645953706301,15,1,785643218
0.835874782847999,0.205873352807836,15,1,785643218
0.584958517681624,0.619851348514355,15,1,785643218
0.805000879458766,0.444568295864308,15,1,785643218
0.0629958894492662,0.886790217034825,15,1,785643218
0.725261150011821,0.606901075450184,15,1,785643218
0.112761895951779,0.782833119052503,15,1,785643218
0.970215963209374,0.336169690695455,15,1,785643218
0.379464469595673,0.545847775535249,15,1,785643218
0.959164647898087,0.654003014617119,15,1,785643218
0.714037905742512,0.369644359366319,15,1,785643218
