0.903366446578517,0.884574313892442,15,1,785643218
0.00944210085318709,0.00631405962469156,15,1,785643218
0.279353872997746,0.346223618077659,15,1,785643218
0.441062906571335,0.916279568486521,15,1,785643218
0.320534276663329,0.41250938488157,15,1,785643218
0.576788395518378,0.422227340554469,15,1,785643218
0.629504571074547,0.777127478437139,15,1,785643218
0.0684959669531944,0.951919972895603,15,1,785643218
0.35895682484853,0.998675387573237,15,1,785643218
0.688457771742196,0.666738295544702,15,1,785643218
0.296526711365982,0.718804610707871,15,1,785643218
0.918156071661457,0.107202527227634,15,1,785643218
0.687265214680622,0.569717602980751,15,1,785643218
0.30859228766222,0.794886878507336,15,1,785643218
0.625320067755222,0.860339516518004,15,1,785643218
0.732808436378966,0.078270647704318,15,1,785643218
0.656268861632936,0.414699405251722,15,1,785643218
0.840640282016427,0.341225901965617,15,1,785643218
0.92053480797418,0.0536354231777905,15,1,785643218
0.911762020671676,0.650552276130718,15,1,785643218
0.85794150810855,0.494359962966239,15,1,785643218
0.122571040907284,0.117329968373939,15,1,785643218
0.820262762459431,0.760147916287145,15,1,785643218
0.702040450383144,0.0121573833715227,15,1,785643218
0.702974542660239,0.635319356673393,15,1,785643218
0.571736349816813,0.304487296879421,15,1,785643218
0.799165274814667,0.182033983898479,15,1,785643218
0.709935619824836,0.0959966321311332,15,1,785643218
0.513771170856912,0.312533622232674,15,1,785643218
0.132555973328408,0.984744961819223,15,1,785643218
0.971870838425541,0.691292698963552,15,1,785643218
0.42220563475105,0.483505268446678,15,1,785643218
0.310619265707473,0.9087108637502,15,1,785643218
0.563090250490055,0.960824248041553,15,1,785643218
0.943783886191516,0.952490374928238,15,1,785643218
0.755415833965509,0.819190240030318,15,1,785643218
0.904714454061486,0.6672549456113,15,1,785643218
0.280797501945949,0.735382963644831,15,1,785643218
0.727128825652142,0.264172559891599,15,1,785643218
0.0782730779102025,0.79402389605856,15,1,785643218
0.569067805041354,0.0170967919887524,15,1,785643218
0.189387464703625,0.878870807179188,15,1,785643218
0.342008114189892,0.348155008601546,15,1,785643218
0.195108615456028,0.099297316229527,15,1,785643218
0.386458695752838,0.959430967112769,15,1,785643218
0.0134356366706769,0.332087110669794,15,1,785643218
0.908458087480891,0.463321919733395,15,1,785643218
0.403142237362563,0.796593066080437,15,1,785643218
0.862984603839055,0.231032193465255,15,1,785643218
0.924020130688622,0.311324361209368,15,1,785643218
0.6757093623308,0.960119180877165,15,1,785643218
0.863892943875337,0.153753980042333,15,1,785643218
0.666578660893371,0.271798328919531,15,1,785643218
0.72342533454449,0.359866479886701,15,1,785643218
0.992292181013638,0.132198492380103,15,1,785643218
0.410267724531607,0.23476283327002,15,1,785643218
0.0222011230202774,0.210546753239484,15,1,785643218
0.533778601433341,0.139623919163967,15,1,785643218
0.961426905582391,0.377294031946124,15,1,785643218
0.10497186794002,0.0223502410530472,15,1,785643218
0.164834336592735,0.11245692314054,15,1,785643218
0.992924056234729,0.386035088829352,15,1,785643218
0.925476709845107,0.156026116113626,15,1,785643218
0.87184784218499,0.986844316063473,15,1,785643218
0.657694471809401,0.0732183244519637,15,1,785643218
0.0871044607062326,0.0445981873180195,15,1,785643218
0.409882618461178,0.910385087668816,15,1,785643218
0.868221754978042,0.925114274056436,15,1,785643218
0.973346969136834,0.733410730718383,15,1,785643218
0.437933691683918,0.00175014626493297,15,1,785643218
0.542934650361951,0.00643583802555092,15,1,785643218
0.556986252385391,0.759594493438721,15,1,785643218
0.221387052024855,0.371670452301736,15,1,785643218
0.158461565122427,0.78093250821502,15,1,785643218
0.115249757894089,0.361284449887063,15,1,785643218
0.855812297320855,0.552886304594638,15,1,785643218
0.589495184940548,0.210782629136326,15,1,785643218
0.418328649579077,0.656403523597199,15,1,785643218
0.531623016366804,0.650074380704025,15,1,785643218
0.635994169621803,0.691589210004986,15,1,785643218
0.59839217580754,0.686319184267682,15,1,785643218
0.546193499289665,0.114398107716486,15,1,785643218
0.565113549661123,0.297365366812878,15,1,785643218
0.368402804467162,0.373676097834019,15,1,785643218
0.199493665400181,0.0373154419603019,15,1,785643218
0.599169792595553,0.821757570893833,15,1,785643218
0.604731927769096,0.636361586663651,15,1,785643218
0.845947494727845,0.0782600943010454,15,1,785643218
0.590591528486594,0.952108930149073,15,1,785643218
0.441565198505329,0.525407720775271,15,1,785643218
0.329973917700123,0.484138003672896,15,1,785643218
0.495096318641213,0.962409184344247,15,1,785643218
0.334648914658493,0.553907091458091,15,1,785643218
0.983170852915049,0.14306186428134,15,1,785643218
0.349645270723854,0.518284168212048,15,1,785643218
0.747357615120764,0.872752959463591,15,1,785643218
0.15979372417841,0.875534851626737,15,1,785643218
0.429420657000516,0.354226579896494,15,1,785643218
0.743616204609663,0.0684116227839597,15,1,785643218
0.832365060022461,0.188657677314701,15,1,785643218
0.00159489609282248,0.920281277369977,15,1,785643218
0.423268597225523,0.0470648300940604,15,1,785643218
0.468554244240088,0.769336550175147,15,1,785643218
0.853008371975475,0.96671600026236,15,1,785643218
0.479328442000635,0.940300044892115,15,1,785643218
0.46861122449187,0.339101419940585,15,1,785643218
0.038770614540784,0.666258207869004,15,1,785643218
0.431110662879239,0.29933121637552,15,1,785643218
0.425826243864283,0.58093793192233,15,1,785643218
0.853717896787964,0.455281057436691,15,1,785643218
0.588570394438344,0.793601316519889,15,1,785643218
0.576221638164941,0.00949217980225225,15,1,785643218
0.148639482980232,0.210473910310176,15,1,785643218
0.638960093869031,0.359096342674973,15,1,785643218
0.767226979583981,0.946791694541897,15,1,785643218
0.690402048882263,0.533555869366464,15,1,785643218
0.916198185126803,0.0872976503814435,15,1,785643218
0.770999774585726,0.901124338674048,15,1,785643218
0.487770131576445,0.547705791985106,15,1,785643218
0.442589127539126,0.0448017936118408,15,1,785643218
0.751455152665826,0.977594884268676,15,1,785643218
0.239862561592564,0.926586687075123,15,1,785643218
0.895204499029704,0.915248607728368,15,1,785643218
0.448577802649706,0.282801015876167,15,1,785643218
0.802136606165661,0.372734834728257,15,1,785643218
0.852697130697656,0.251226316519462,15,1,785643218
0.441692938314471,0.766733677636262,15,1,785643218
0.851845835285174,0.157346258824611,15,1,785643218
0.451770913342415,0.029682368740735,15,1,785643218
0.740285409464281,0.664112213030851,15,1,785643218
0.527412349987499,0.0564117213202779,15,1,785643218
0.16582644898232,0.0564327915384593,15,1,785643218
0.578482723911825,0.187891508092533,15,1,785643218
0.867193122982551,0.46790617319119,15,1,785643218
0.36010183920077,0.712900325418998,15,1,785643218
0.40140518430056,0.963678768906354,15,1,785643218
0.212780242296605,0.833025426438057,15,1,785643218
0.462709881111162,0.871477448126333,15,1,785643218
0.0576342998160539,0.824689875813106,15,1,785643218
0.686324341756657,0.33773968698824,15,1,785643218
0.96749191041459,0.839150702746108,15,1,785643218
0.784850174282167,0.374060158132905,15,1,785643218
0.398735261915886,0.916325061054305,15,1,785643218
0.0781747530933874,0.267270724183004,15,1,785643218
0.111582235077548,0.18903531482613,15,1,785643218
0.0588987324863721,0.971943920401536,15,1,785643218
0.454566119032006,0.0650830704309806,15,1,785643218
0.144599544546704,0.437179089032569,15,1,785643218
0.22676282001552,0.978645696723415,15,1,785643218
0.0782535674447917,0.985250665067132,15,1,785643218
0.944900785545592,0.273125210904164,15,1,785643218
0.53318005161982,0.908939039129604,15,1,785643218
0.304668570854212,0.482531118774173,15,1,785643218
0.447853555995957,0.470400522835341,15,1,785643218
0.239165605559789,0.240025827995546,15,1,785643218
0.0841329421450352,0.148412878532225,15,1,785643218
0.25136762266981,0.147241307348785,15,1,785643218
0.592162673047838,0.901728329229616,15,1,785643218
0.892970861316415,0.18647003774807,15,1,785643218
0.255284144730042,0.900946794747063,15,1,785643218
0.744872494926474,0.139786725943996,15,1,785643218
0.361808139411752,0.250949407992214,15,1,785643218
0.686060316924127,0.320009832306444,15,1,785643218
0.690391060215688,0.642729868938701,15,1,785643218
0.865878779786073,0.409335727517438,15,1,785643218
0.258178799575003,0.773951862262875,15,1,785643218
0.150599783300177,0.364308906058418,15,1,785643218
0.114595150835248,0.423274523710929,15,1,785643218
0.677189108308155,0.183115330996587,15,1,785643218
0.890078209301108,0.883279652293979,15,1,785643218
0.996398647592752,0.586252350525397,15,1,785643218
0.847064765423379,0.46162597983963,15,1,785643218
0.305338962502854,0.292574232006164,15,1,785643218
0.557897147624923,0.353499808641748,15,1,785643218
0.360487333898422,0.695459427430447,15,1,785643218
0.289105355618065,0.6680876077886,15,1,785643218
0.321794546885073,0.161823808928525,15,1,785643218
0.220703440595642,0.946604532472646,15,1,785643218
0.809572752096927,0.431355024554413,15,1,785643218
0.448071093244577,0.823854712360333,15,1,785643218
0.704464910953112,0.475025813991993,15,1,785643218
0.977090158892515,0.431330131523462,15,1,785643218
0.854457435195757,0.554491430929512,15,1,785643218
0.508576476798632,0.0363728067211873,15,1,785643218
0.764477434112124,0.248219091792037,15,1,785643218
0.928382452795783,0.165816694956842,15,1,785643218
0.256009868902338,0.987599811072809,15,1,785643218
0.611080269797974,0.0186286480647357,15,1,785643218
0.75308349943669,0.915003169753201,15,1,785643218
0.42008912560565,0.183583353062424,15,1,785643218
0.412446631297065,0.773325184325622,15,1,785643218
0.740618744110929,0.157041052654462,15,1,785643218
0.799171395402739,0.139556004074897,15,1,785643218
0.39843943315092,0.409210610809044,15,1,785643218
0.789494750492031,0.0878595718332511,15,1,785643218
0.557236425674682,0.56511186307291,15,1,785643218
0.932146053092409,0.0549500125327071,15,1,785643218
0.579228090213347,0.362792772542044,15,1,785643218
0.884465734662298,0.876220541186096,15,1,785643218
0.177972404554601,0.966436852428153,15,1,785643218
0.950119578547331,0.351026025988895,15,1,785643218
0.148111114287335,0.228695600742309,15,1,785643218
0.375813006117668,0.191690395980878,15,1,785643218
0.0990584114088664,0.700045653211482,15,1,785643218
0.644751128104039,0.481641832181338,15,1,785643218
0.878411038195132,0.176238851146362,15,1,785643218
0.722984493414315,0.909518962837237,15,1,785643218
0.599644728981293,0.643741480772455,15,1,785643218
0.387330329850212,0.00638244195339022,15,1,785643218
0.946045948359814,0.705389629944436,15,1,785643218
0.901456497958629,0.543207226908993,15,1,785643218
0.284159192199195,0.121128947673128,15,1,785643218
0.600080398312019,0.301153356525064,15,1,785643218
0.13419556735429,0.411891515748792,15,1,785643218
0.951963890681782,0.855356221095998,15,1,785643218
0.46554453684464,0.555556274906368,15,1,785643218
0.588900125014519,0.208181415287802,15,1,785643218
0.000828798665525987,0.197046786770328,15,1,785643218
0.32114179713557,0.0784706188665858,15,1,785643218
0.374911641226447,0.758905021781487,15,1,785643218
0.325997627879798,0.632677852653777,15,1,785643218
0.594262487687062,0.685261334556793,15,1,785643218
0.680504793219969,0.265366030362794,15,1,785643218
0.110918406870971,0.882414262667745,15,1,785643218
0.265353522462275,0.209540625301247,15,1,785643218
0.402507279186775,0.982879756001263,15,1,785643218
0.992539591676161,0.998072345875969,15,1,785643218
0.671772195341842,0.445203510123464,15,1,785643218
0.541861145539231,0.915616902377802,15,1,785643218
0.482576826908782,0.629910724115649,15,1,785643218
0.590760825211952,0.939568401061543,15,1,785643218
0.116292307025315,0.0337427626508822,15,1,785643218
0.416012569123958,0.338787755649572,15,1,785643218
0.273875073725359,0.230139831706744,15,1,785643218
0.792679552216084,0.834850724727368,15,1,785643218
0.353998970444311,0.0382176435591601,16,1,785643223
0.928919705939982,0.933583405286079,16,1,785643223
0.14610461655347,0.322256826570418,16,1,785643223
0.635032729483173,0.531787877933452,16,1,785643223
0.18914776952167,0.567324550336597,16,1,785643223
0.726265772392982,0.828632012377089,16,1,785643223
0.529526781371622,0.861037261443634,16,1,785643223
0.314590776771475,0.474813609155479,16,1,785643223
0.933186239130756,0.0324103460194083,16,1,785643223
0.137405951484159,0.998491456017101,16,1,785643223
0.925528498278293,0.796571074612078,16,1,785643223
0.614928812735958,0.585223306326199,16,1,785643223
0.711653276055351,0.390643665301298,16,1,785643223
0.196318559144754,0.244221491484728,16,1,785643223
0.516363095267971,0.21364741328831,16,1,785643223
0.3658331390995,0.535418408499322,16,1,785643223
0.935458984980199,0.0177994724277841,16,1,785643223
0.547026933426764,0.959528987927733,16,1,785643223
0.156364993897729,0.94328362251438,16,1,785643223
0.21475248318733,0.801627651137734,16,1,785643223
0.101692160639023,0.310895064241769,16,1,785643223
0.15015951922574,0.944123076470806,16,1,785643223
0.404632970384319,0.253969621153733,16,1,785643223
0.367133152718632,0.719290213843358,16,1,785643223
0.412367851488941,0.944118051076653,16,1,785643223
0.537159179522204,0.6139165759314,16,1,785643223
0.111159686105229,0.719678195799522,16,1,785643223
0.320825587736078,0.967217529654028,16,1,785643223
0.181647634707955,0.764491679898132,16,1,785643223
0.867478622376161,0.926428743378584,16,1,785643223
0.684683195299861,0.339639172581028,16,1,785643223
0.0475095218756096,0.596279073812915,16,1,785643223
0.739858389032053,0.216385534109791,16,1,785643223
0.92730288473834,0.825389319422916,16,1,785643223
0.00942336043941139,0.930539482578694,16,1,785643223
0.987077882564083,0.901371471521909,16,1,785643223
0.485091451360429,0.405315625657548,16,1,785643223
0.766155988462074,0.570869672190852,16,1,785643223
0.653631417786208,0.121465130428572,16,1,785643223
0.963862492611754,0.347922225813457,16,1,785643223
0.374451545249898,0.117943070681636,16,1,785643223
0.311265219170854,0.435056173827197,16,1,785643223
0.717428010873581,0.873938842763841,16,1,785643223
0.698858840202873,0.433309690510047,16,1,785643223
0.163783476041115,0.537011528659353,16,1,785643223
0.823735226327838,0.395904990278945,16,1,785643223
0.75276968144227,0.0949622858143071,16,1,785643223
0.73346488314236,0.482871223286566,16,1,785643223
0.556866559374225,0.537964394866052,16,1,785643223
0.47379899635496,0.0765942705533771,16,1,785643223
0.922446398598293,0.17618652292063,16,1,785643223
0.544593509332552,0.409540904722463,16,1,785643223
0.449497967551049,0.577609919705708,16,1,785643223
0.961588447231807,0.785746257653396,16,1,785643223
0.689074040720191,0.36158604822022,16,1,785643223
0.722905683423358,0.282141083828556,16,1,785643223
0.919310745374204,0.998817933188257,16,1,785643223
0.901611090067595,0.526651120518949,16,1,785643223
0.972580984404543,0.646877939049016,16,1,785643223
0.74142506363953,0.517560747604068,16,1,785643223
0.123468290620486,0.611407462798303,16,1,785643223
0.675746170268983,0.506501648126132,16,1,785643223
0.631038297660547,0.742238607743994,16,1,785643223
0.232180613809989,0.757520045672618,16,1,785643223
0.698113791988834,0.199759044551719,16,1,785643223
0.803676689124809,0.158061482350853,16,1,785643223
0.0108616973911309,0.519057501965277,16,1,785643223
0.543209687715501,0.215152546947625,16,1,785643223
0.828022895932984,0.785298255182004,16,1,785643223
0.375103023745905,0.315623261352212,16,1,785643223
0.37182094883215,0.162858312635074,16,1,785643223
0.969278239630789,0.0164428425796723,16,1,785643223
0.550178233599849,0.903530024268333,16,1,785643223
0.0228369302292191,0.831524179404761,16,1,785643223
0.0343326981901289,0.843377933478415,16,1,785643223
0.0970388196357046,0.388401414830929,16,1,785643223
0.202422808039979,0.414134012116746,16,1,785643223
0.65270958399327,0.211091314826526,16,1,785643223
0.199679160643349,0.578496290604575,16,1,785643223
0.156740704496226,0.225751014892515,16,1,785643223
0.0877625323678526,0.643371795108681,16,1,785643223
0.431469938276648,0.110909546906065,16,1,785643223
0.0742540032489618,0.728851698064786,16,1,785643223
0.192269948298925,0.130330293260884,16,1,785643223
0.693980259665341,0.31243673023555,16,1,785643223
0.928894088552196,0.551523875696063,16,1,785643223
0.51555488956609,0.052371889316178,16,1,785643223
0.850540242886743,0.880667640766765,16,1,785643223
0.551398720004174,0.0605518544519406,16,1,785643223
0.95807252910728,0.366365277581562,16,1,785643223
0.710816388033216,0.251589926185871,16,1,785643223
0.0824122359921065,0.0763433218269931,16,1,785643223
0.865376394020012,0.915854725685463,16,1,785643223
0.577320289165486,0.781524350978123,16,1,785643223
0.818876150498711,0.516966654969602,16,1,785643223
0.526493522321014,0.5868896698803,16,1,785643223
0.95186156049645,0.781958056824342,16,1,785643223
0.928468021354568,0.646061810407729,16,1,785643223
0.363769684827233,0.0229191583501027,16,1,785643223
0.0757336538790208,0.305242450176732,16,1,785643223
0.971466871099521,0.970617208010042,16,1,785643223
0.740604057946864,0.099658959152187,16,1,785643223
0.158798375323108,0.89530697652662,16,1,785643223
0.81970420514687,0.359832955420897,16,1,785643223
0.260237171087798,0.791241393661498,16,1,785643223
0.594915820848012,0.634652942927606,16,1,785643223
0.349313589271763,0.17398174403677,16,1,785643223
0.250479662978862,0.122034506322521,16,1,785643223
0.395670448250707,0.0389972647193784,16,1,785643223
0.439112359360783,0.918329454088633,16,1,785643223
0.680072532774619,0.767118905878013,16,1,785643223
0.118204529263289,0.545787956833681,16,1,785643223
0.145086760622462,0.889370577583198,16,1,785643223
0.433675794658082,0.956475257694852,16,1,785643223
0.160009282523291,0.390389129722907,16,1,785643223
0.598354031370584,0.998667166209198,16,1,785643223
0.840480359508853,0.332929030008936,16,1,785643223
0.824685492892815,0.222370565137991,16,1,785643223
0.177694216392186,0.0791662275298219,16,1,785643223
0.444344907488753,0.198654586864345,16,1,785643223
0.286413933528517,0.00323007926769758,16,1,785643223
0.493834138695023,0.805183521232735,16,1,785643223
0.410534741179729,0.260783075652882,16,1,785643223
0.329388389644619,0.426268524166157,16,1,785643223
0.476034154525774,0.123969762354408,16,1,785643223
0.416571115897196,0.61040060278291,16,1,785643223
0.641596195292358,0.433156944492163,16,1,785643223
0.487537678556772,0.932734879765427,16,1,785643223
0.705409805087045,0.778463865272789,16,1,785643223
0.426373411170732,0.166874536884293,16,1,785643223
0.277903411717238,0.270109679672753,16,1,785643223
0.946550925780092,0.351947703196273,16,1,785643223
0.779878689064147,0.0845280428475292,16,1,785643223
0.406314023986046,0.860283088300559,16,1,785643223
0.48539460704627,0.702154616366966,16,1,785643223
0.676272046888999,0.321960794791493,16,1,785643223
0.83045789643081,0.652497639666276,16,1,785643223
0.0178238676927078,0.801531919487809,16,1,785643223
0.951644774159749,0.806833735636803,16,1,785643223
0.846845624364867,0.664095747457705,16,1,785643223
0.180660587394482,0.127997972826465,16,1,785643223
0.564401780133559,0.45218169557729,16,1,785643223
0.12797500532213,0.867593762058869,16,1,785643223
0.311842126732399,0.702833520437065,16,1,785643223
0.659842114078454,0.194321122565921,16,1,785643223
0.421065193273839,0.441323126356643,16,1,785643223
0.0805758009136686,0.0448420903575593,16,1,785643223
0.833905979515882,0.396924940903299,16,1,785643223
0.605042011119474,0.423329558603146,16,1,785643223
0.0672983821035245,0.273939991160077,16,1,785643223
0.538168144187111,0.30831114070463,16,1,785643223
0.465908139498103,0.0671423540496567,16,1,785643223
0.816895327282283,0.89022060959315,16,1,785643223
0.354531556069073,0.0861506718651992,16,1,785643223
0.414691584934138,0.392213984367748,16,1,785643223
0.669445406371406,0.157972212700724,16,1,785643223
0.824151365559671,0.0185710482176207,16,1,785643223
0.736589244318239,0.539280760946503,16,1,785643223
0.152496777132551,0.328428811130665,16,1,785643223
0.552112686256745,0.911199091183567,16,1,785643223
0.768324173311197,0.327805628386852,16,1,785643223
0.57133651380303,0.174685272058309,16,1,785643223
0.00901097581729182,0.518378968530098,16,1,785643223
0.901007982058719,0.273806368959321,16,1,785643223
0.681101732459662,0.731687335921216,16,1,785643223
0.195928685790626,0.638951224158789,16,1,785643223
0.558381933688352,0.437923834691158,16,1,785643223
0.965516643208312,0.694868004509833,16,1,785643223
0.468307076004202,0.100040165299527,16,1,785643223
0.26563453501832,0.253062340208646,16,1,785643223
0.604692841012193,0.620912197440219,16,1,785643223
0.609013744288908,0.393067298006299,16,1,785643223
0.297994993821627,0.861978208303376,16,1,785643223
0.992270927712173,0.93523919473343,16,1,785643223
0.67722467494685,0.977961734601867,16,1,785643223
0.146145296638524,0.22488337906004,16,1,785643223
0.268841223413563,0.167738517701681,16,1,785643223
0.552453209761164,0.0523562080245057,16,1,785643223
0.647527855099694,0.941575255784728,16,1,785643223
0.95773268006703,0.19244172695463,16,1,785643223
0.282815825251946,0.166970496271645,16,1,785643223
0.696838593490364,0.29418935810324,16,1,785643223
0.48054912804066,0.314521018021912,16,1,785643223
0.807850804912368,0.773621870376177,16,1,785643223
0.304656095664221,0.266962392079067,16,1,785643223
0.854603575806987,0.101776166624481,16,1,785643223
0.366741008387583,0.28209873355152,16,1,785643223
0.577106884955964,0.935764706033861,16,1,785643223
0.418638323443544,0.782444540542085,16,1,785643223
0.636724348007961,0.722917241757149,16,1,785643223
0.404981781594056,0.0802736473190886,16,1,785643223
0.542941590045667,0.993248224113338,16,1,785643223
0.657668402743562,0.946342219512145,16,1,785643223
0.768481974459549,0.615202661430195,16,1,785643223
0.382134674351735,0.268533405383597,16,1,785643223
0.0660409964744608,0.770833206037217,16,1,785643223
0.962349722527321,0.436352246171722,16,1,785643223
0.797347736247196,0.113916546407733,16,1,785643223
0.118358798387645,0.0565701152949716,16,1,785643223
0.284813856596802,0.984684578197975,16,1,785643223
0.0420289097808455,0.783824778689705,16,1,785643223
0.729517151304838,0.588003979259885,16,1,785643223
0.812906600624417,0.234299337256668,16,1,785643223
0.370649796353482,0.218380316088199,16,1,785643223
0.815262661067868,0.333858660891434,16,1,785643223
0.345729104404331,0.0848558633502494,16,1,785643223
0.475204645789502,0.596431207732558,16,1,785643223
0.653876876454992,0.680035230170087,16,1,785643223
0.489689669258282,0.977144006103551,16,1,785643223
0.606966276542782,0.57103002668324,16,1,785643223
0.356975519934666,0.406544492001438,16,1,785643223
0.772055990838427,0.823098127868352,16,1,785643223
0.205726633544191,0.931563710953992,16,1,785643223
0.514742030495678,0.0853298001196681,16,1,785643223
0.00589817702862661,0.602028046456949,16,1,785643223
0.752217710934618,0.172449859345232,16,1,785643223
0.627144128650214,0.239380107832384,16,1,785643223
0.776359226543115,0.135247388681765,16,1,785643223
0.350148913594032,0.985224472405989,16,1,785643223
0.666905268009949,0.343080500854058,16,1,785643223
0.617004174033088,0.7419654361467,16,1,785643223
0.881684487860282,0.313796389778798,16,1,785643223
0.791394815767307,0.498557959815668,16,1,785643223
0.37576288813809,0.177455486295488,16,1,785643223
0.144795563295626,0.668971737384446,16,1,785643223
0.346221414563233,0.623221541796632,16,1,785643223
0.625629419988506,0.0757706121324688,16,1,785643223
0.857743414085766,0.3789701153949,16,1,785643223
0.773113820170044,0.356948711543264,16,1,785643223
0.762268786369787,0.986101717976157,16,1,785643223
0.664309271814587,0.491656672002286,16,1,785643223
0.817276510785136,0.705181017686209,16,1,785643223
0.572129486841842,0.821051813309451,16,1,785643223
0.664326709221388,0.0700793446997414,16,1,785643223
0.0450499549170051,0.279594626886962,16,1,785643223
0.0518186715519846,0.909253169638054,16,1,785643223
0.684388954183517,0.826957490950104,16,1,785643223
0.475232981114702,0.858440411273063,16,1,785643223
0.816415895714406,0.0699971305923288,16,1,785643223
0.81255050315419,0.616026429976297,16,1,785643223
0.504431274880137,0.0729107359220835,16,1,785643223
0.677081526473301,0.710219169115414,16,1,785643223
0.186205685868392,0.193424439130314,16,1,785643223
0.82123813764002,0.947440973558571,16,1,785643223
0.573698815926957,0.935671781407008,16,1,785643223
0.662081737782366,0.198449431460111,16,1,785643223
0.641030952526473,0.661991912714923,16,1,785643223
0.33044191642212,0.454933590422046,16,1,785643223
0.0472696265117856,0.16992033697674,16,1,785643223
0.883953044921725,0.256773522342193,16,1,785643223
0.136957036790134,0.240782799654007,16,1,785643223
0.993993953129476,0.641319323136271,16,1,785643223
0.0652945881940701,0.771363086940531,16,1,785643223
0.898401485478695,0.0160830869389095,16,1,785643223
0.720404093285283,0.119911510592225,16,1,785643223
0.782864826577192,0.970948789355374,16,1,785643223
0.569206044677832,0.129671523507157,16,1,785643223
0.115047505247368,0.561565722588896,16,1,785643223
0.976558060304725,0.674727846745041,16,1,785643223
0.551974254523392,0.257822113699979,16,1,785643223
0.742511061603704,0.223593454587252,16,1,785643223
0.659339005019556,0.47266013708015,16,1,785643223
0.644458129856189,0.540983964887036,16,1,785643223
0.801579160564731,0.672096603867272,16,1,785643223
0.668641158318559,0.796465776633398,16,1,785643223
0.394049619759822,0.919186359697317,16,1,785643223
0.770825521642704,0.0543396029220107,16,1,785643223
0.520928986714893,0.729070734218029,16,1,785643223
0.428672355392798,0.575487629380028,16,1,785643223
0.151411842677321,0.780835405632623,16,1,785643223
0.528493464121883,0.493362711265361,16,1,785643223
0.997829918637038,0.849585272841655,16,1,785643223
0.773746504690995,0.320677341520072,16,1,785643223
0.230769064519647,0.411176129653947,16,1,785643223
0.708174484972512,0.0205697144727166,16,1,785643223
0.961927187732676,0.140070152216666,16,1,785643223
0.239010757668967,0.000553980650097152,16,1,785643223
0.523159621517895,0.541348158506178,16,1,785643223
0.621628245514276,0.676294953025364,16,1,785643223
0.228599265607703,0.488343556720542,16,1,785643223
0.291598725484723,0.222768290649689,16,1,785643223
0.372238291424077,0.406457539152075,16,1,785643223
0.291942402889337,0.256619235141007,16,1,785643223
0.459610395192746,0.808330365062355,16,1,785643223
0.545565038719334,0.240329967781181,16,1,785643223
0.631098974611949,0.316044782892488,16,1,785643223
0.160294582126904,0.905028227390774,16,1,785643223
0.207004283043974,0.131032506565672,16,1,785643223
0.0197954391267434,0.398166066645399,16,1,785643223
0.674183458641169,0.457353801155029,16,1,785643223
0.529210448271948,0.32323977947499,16,1,785643223
0.359928319399108,0.595549778605976,16,1,785643223
0.736469819271025,0.0415341423723268,16,1,785643223
0.133052949008707,0.624513083552509,16,1,785643223
0.159365122065367,0.0830737167668314,16,1,785643223
0.0680659442338261,0.202788502511786,16,1,785643223
0.246773501754221,0.946842992438568,16,1,785643223
0.709285725304186,0.833592007990541,16,1,785643223
0.901878780624337,0.80081302394856,16,1,785643223
0.649728730382189,0.475819805775508,16,1,785643223
0.743841044965937,0.180398421887182,16,1,785643223
0.982538303608003,0.00832622759511903,16,1,785643223
0.359717165149623,0.295935932764618,16,1,785643223
0.208080146100976,0.855039918674206,16,1,785643223
0.584849332996916,0.510581455908137,16,1,785643223
0.220575551518165,0.887617863059358,16,1,785643223
0.537204715329228,0.710416996897732,16,1,785643223
0.00999562158084544,0.960311806011252,16,1,785643223
0.636060012310101,0.400775257531762,16,1,785643223
0.655057168376364,0.131317542721314,16,1,785643223
0.265951062017066,0.468784991639579,16,1,785643223
0.897247965827811,0.120029928154685,16,1,785643223
0.0341305529423519,0.990138169327171,16,1,785643223
0.40926635129222,0.390366081766818,16,1,785643223
0.223222041304565,0.949661425502533,16,1,785643223
0.87230185462185,0.834644201838433,16,1,785643223
0.141037420346769,0.821732074236725,16,1,785643223
0.812316034633087,0.460634435302735,16,1,785643223
0.958517730647475,0.552622717931455,16,1,785643223
0.829415849649277,0.501148486150012,16,1,785643223
0.415110327937062,0.755092144990636,16,1,785643223
0.695847739637538,0.826334604861517,16,1,785643223
0.85918853778507,0.0642896357266212,16,1,785643223
0.367002164405686,0.153779043863567,16,1,785643223
0.0611960073047231,0.450605534083145,16,1,785643223
0.0194876710632719,0.843892510019708,16,1,785643223
0.695427842212319,0.678676532871488,16,1,785643223
0.171594225299668,0.602303523258605,16,1,785643223
0.356813910572241,0.901752066866404,16,1,785643223
0.594017463169062,0.711754186286074,16,1,785643223
0.362002793518942,0.678884311422583,16,1,785643223
0.25459285926207,0.86954683116702,16,1,785643223
0.540743559716262,0.212461862418568,16,1,785643223
0.9965272859233,0.293746128933721,16,1,785643223
0.710142599695777,0.212303365057546,16,1,785643223
0.45254300917398,0.614942353543491,16,1,785643223
0.412302692087251,0.885395015334887,16,1,785643223
0.711851714673093,0.211698594046906,16,1,785643223
0.700958869717268,0.923994660218574,16,1,785643223
0.689132705619269,0.0619492667424373,16,1,785643223
0.496692766329959,0.108461451524712,16,1,785643223
0.268582578228572,0.636555105509821,16,1,785643223
0.480639978699188,0.622480216927176,16,1,785643223
0.903592361379182,0.65204251893334,16,1,785643223
0.00717565473589898,0.449852578193758,16,1,785643223
0.825283134622975,0.339264900622008,16,1,785643223
0.89457714947608,0.306902378116537,16,1,785643223
0.777213698894639,0.917109181417411,16,1,785643223
0.0272901060827357,0.399064299304345,16,1,785643223
0.463876341820764,0.234452249614674,16,1,785643223
0.4941256036116,0.148323132469956,16,1,785643223
0.53452043309866,0.358411152526905,16,1,785643223
0.806048311597383,0.0968482648090481,16,1,785643223
0.80136370489569,0.0598653425585791,16,1,785643223
0.235494501409282,0.812323698325025,16,1,785643223
0.172534511667625,0.38373507883798,16,1,785643223
0.900528746887253,0.03552843697577,16,1,785643223
0.145853624265484,0.551338217510173,16,1,785643223
0.512921393673668,0.768105603569495,16,1,785643223
0.56196429670326,0.958756625216226,16,1,785643223
0.0916811855846493,0.872428071258031,16,1,785643223
0.31942916076518,0.717244764978091,16,1,785643223
0.208657037824177,0.149531731324902,16,1,785643223
0.502792516107738,0.552200965568483,16,1,785643223
0.490860625128725,0.0835342080930377,16,1,785643223
0.0967625183874539,0.784439530141914,16,1,785643223
0.0362140256583894,0.916379015394577,16,1,785643223
0.601695873685334,0.747457725305793,16,1,785643223
0.85025656580042,0.152262642614731,16,1,785643223
0.92588529336326,0.794252046878162,16,1,785643223
0.575043993915407,0.913535954834398,16,1,785643223
0.301046251005488,0.0546896420001959,16,1,785643223
0.251861071889881,0.0324777105896477,16,1,785643223
0.600842733058685,0.397136694537248,16,1,785643223
0.234980557778859,0.778624979365129,16,1,785643223
0.818320335405692,0.673419302766502,16,1,785643223
0.495749691651875,0.366093381083939,16,1,785643223
0.116977573620319,0.735129951083415,16,1,785643223
0.528255244249465,0.402616929455961,16,1,785643223
0.635427756568503,0.275814908966757,16,1,785643223
0.983956965939964,0.974185891587239,16,1,785643223
0.939104729500642,0.707063373329754,16,1,785643223
0.00774242665686797,0.274187730368565,16,1,785643223
0.553941278682731,0.810312150792448,16,1,785643223
0.301332976565603,0.773526990922594,16,1,785643223
0.950578526958225,0.240223622181479,16,1,785643223
0.842031718840208,0.0658206701947623,16,1,785643223
0.544989927157489,0.660159700931263,16,1,785643223
0.808485596696745,0.56306554477456,16,1,785643223
0.955491405854752,0.690001904213646,16,1,785643223
0.332373549062888,0.300559828491708,16,1,785643223
0.0958054105455535,0.66592024325249,16,1,785643223
0.655808251925609,0.182023619374559,16,1,785643223
0.862508072223729,0.634485949240117,16,1,785643223
0.475859630385261,0.728672616934596,16,1,785643223
0.831054544648353,0.732612732140844,16,1,785643223
0.730939684251856,0.735361697283748,16,1,785643223
0.0363032922798263,0.889978682527266,16,1,785643223
0.0808913308409622,0.851183160898949,16,1,785643223
0.623502848620464,0.292037019085745,16,1,785643223
0.542184873613369,0.801747374596473,16,1,785643223
0.370445658437305,0.433667900537767,16,1,785643223
0.157977977524699,0.314046773522404,16,1,785643223
0.945342654789983,0.89871947284391,16,1,785643223
0.425213449712635,0.689239579179367,16,1,785643223
0.40144833699909,0.873766162484268,16,1,785643223
0.837631306885595,0.474720648644618,16,1,785643223
0.204801088229476,0.268878486395564,16,1,785643223
0.376896850142299,0.145545341246486,16,1,785643223
0.740571459290408,0.957306180087653,16,1,785643223
0.667450923888667,0.802068159709963,16,1,785643223
0.759827058017011,0.136755437393442,16,1,785643223
0.508156333525047,0.749354231220939,16,1,785643223
0.280127099387609,0.964220458030434,16,1,785643223
0.774874039596457,0.523924840039617,16,1,785643223
0.740716633638702,0.0629482777451966,16,1,785643223
0.506179546236005,0.267436671947846,16,1,785643223
0.515096347374191,0.265038491002982,16,1,785643223
0.545180659778603,0.567318915190651,16,1,785643223
0.629437088753678,0.691137918679897,16,1,785643223
0.611286846780462,0.755963393865383,16,1,785643223
0.175518064129844,0.827592264162824,16,1,785643223
0.346974268294614,0.907855045171841,16,1,785643223
0.371722834619264,0.0620380349833631,16,1,785643223
0.945393767543679,0.697668793085815,16,1,785643223
0.540022237679845,0.463764663713625,16,1,785643223
0.602592014233564,0.400465903264266,16,1,785643223
0.864098554484876,0.142223241738215,16,1,785643223
0.314698474961166,0.448048629037798,16,1,785643223
0.538109950581634,0.891626024249264,16,1,785643223
0.54265949499838,0.823318974592272,16,1,785643223
0.871135845307875,0.882810998413547,16,1,785643223
0.812162885906997,0.18996615814285,16,1,785643223
0.160948993148747,0.0097210575737896,16,1,785643223
0.80245009174272,0.0324775495693832,16,1,785643223
0.89615023450092,0.944505007969306,16,1,785643223
0.178400968241049,0.720043836363064,16,1,785643223
0.183348544961293,0.0643354042288564,16,1,785643223
0.346657180664466,0.632497542076008,16,1,785643223
0.571861802057865,0.408801814254082,16,1,785643223
0.922057833361635,0.736070200311503,16,1,785643223
0.846957422757253,0.977395774630372,16,1,785643223
0.151063562860953,0.913250098407146,16,1,785643223
0.958154298460422,0.746973330404796,16,1,785643223
0.0610109833395915,0.0379160104927907,16,1,785643223
0.698456954909646,0.42765846977227,16,1,785643223
0.832834670500339,0.326563665089618,16,1,785643223
0.86642836482331,0.910330099044764,16,1,785643223
0.31693249366088,0.772842877639439,16,1,785643223
0.880165062005545,0.478774340003837,16,1,785643223
0.886277581690673,0.684034209875076,16,1,785643223
0.390542288011132,0.758771589691915,16,1,785643223
0.702562690958281,0.28756899918388,16,1,785643223
0.409765343476827,0.253929802853278,16,1,785643223
0.874727086935385,0.958367848909296,16,1,785643223
0.402782051953938,0.325964145343004,16,1,785643223
0.157618744348638,0.579983462731446,16,1,785643223
0.83476040700548,0.506318876394289,16,1,785643223
0.256626089831681,0.187746882239463,16,1,785643223
0.236059669220833,0.0834091640044052,16,1,785643223
0.939993037607448,0.528177847462844,16,1,785643223
0.70536112425777,0.301421276247787,16,1,785643223
0.801301808667278,0.988402947523306,16,1,785643223
0.841595996813963,0.191407849809179,16,1,785643223
0.603415636289337,0.850065185732849,16,1,785643223
0.197741231664538,0.487475240631785,16,1,785643223
0.623785951494419,0.0868348160320302,16,1,785643223
0.641799924343076,0.795133752899464,16,1,785643223
0.341546551510853,0.206488107095798,16,1,785643223
0.954391445473259,0.129092105784301,16,1,785643223
0.575921501723725,0.193705110988947,16,1,785643223
0.632203665192141,0.399041603432882,16,1,785643223
0.469812394039412,0.956291006953544,16,1,785643223
0.43244040620011,0.122000879968485,16,1,785643223
0.373669154815578,0.0714659961835622,16,1,785643223
0.959859344577612,0.133469296139141,16,1,785643223
0.0221088119812212,0.321789016373719,16,1,785643223
0.763596002665013,0.428469425393941,16,1,785643223
0.235609738232031,0.735913979083005,16,1,785643223
0.691741745323673,0.672157977163221,16,1,785643223
0.98216756330298,0.333895688553897,16,1,785643223
0.0428859973819364,0.56601678326805,16,1,785643223
0.353128369794093,0.539183904563949,16,1,785643223
0.188826999070446,0.188222352847981,16,1,785643223
0.750326224263421,0.0986981778711455,16,1,785643223
0.78235877587655,0.941388498041827,16,1,785643223
0.977585630539735,0.678975884196824,16,1,785643223
0.00648650575824394,0.0196209076291973,16,1,785643223
0.956291071255406,0.280494847486052,16,1,785643223
0.63196554782909,0.178566765643914,16,1,785643223
0.483403023498943,0.95636070079583,16,1,785643223
0.194933535079735,0.223031116157801,16,1,785643223
0.324481569369173,0.739978259069839,16,1,785643223
0.362211591651369,0.945627232154086,16,1,785643223
0.288984963002863,0.883246705833367,16,1,785643223
0.452669143718545,0.242169958403655,16,1,785643223
0.74195493335264,0.613132313189586,16,1,785643223
0.0808366817412258,0.929314991015056,16,1,785643223
0.828606383820677,0.906994536513653,16,1,785643223
0.211673352035851,0.728081018673478,16,1,785643223
0.675023459452599,0.975971629747961,16,1,785643223
0.197888396593554,0.64565569368182,16,1,785643223
0.631659645945867,0.18846099772496,16,1,785643223
0.0924107974906541,0.0451779641418861,16,1,785643223
0.673465044147485,0.282062974055017,16,1,785643223
0.23646156125815,0.72360981595391,16,1,785643223
0.385738915461048,0.179539932833928,16,1,785643223
0.184498614464944,0.0274641077395876,16,1,785643223
0.416356845944459,0.485916765264929,16,1,785643223
0.426892624438797,0.755218528274407,16,1,785643223
0.918608863671817,0.79015329750034,16,1,785643223
0.148394635008325,0.774994483762911,16,1,785643223
0.440817205673251,0.919196042594953,16,1,785643223
0.775504163664837,0.707355744236704,16,1,785643223
0.544238322954113,0.110016768647509,16,1,785643223
0.321160361673819,0.275576805851545,16,1,785643223
0.460715325462868,0.721301935452298,16,1,785643223
0.888076701615569,0.646749347707176,16,1,785643223
0.200092485878941,0.741713351327954,16,1,785643223
0.808623745940781,0.92936446705244,16,1,785643223
0.977598591404506,0.399623320304312,16,1,785643223
0.801948435752621,0.28165219673676,16,1,785643223
0.168905305503428,0.381726557590606,16,1,785643223
0.831996076291018,0.482580360483363,16,1,785643223
0.105691300613481,0.62256509523675,16,1,785643223
0.788885617706817,0.400197138453797,16,1,785643223
0.981973692692718,0.501701846466063,16,1,785643223
0.499888334926247,0.292503914951174,16,1,785643223
0.731945505806045,0.882473705417126,16,1,785643223
0.888731880268254,0.627378101975053,16,1,785643223
0.692977685238928,0.801831813822263,16,1,785643223
0.474811310016625,0.893620030372783,16,1,785643223
0.835160597726915,0.464989387270741,16,1,785643223
0.251825659576093,0.182752948528821,16,1,785643223
0.873328650741887,0.278705396172923,16,1,785643223
0.570740579164458,0.83894064300018,16,1,785643223
0.8380172690461,0.586063185465588,16,1,785643223
0.739558050616642,0.673131676512249,16,1,785643223
0.00603722728526446,0.164248479851659,16,1,785643223
0.0165900210412095,0.1062355696724,16,1,785643223
0.755549905755205,0.312298038949171,16,1,785643223
0.985899078429278,0.61631195154122,16,1,785643223
0.322603037116513,0.216163206754159,16,1,785643223
0.0203531296803998,0.843015700469964,16,1,785643223
0.846124502739177,0.101214585086456,16,1,785643223
0.155517979472413,0.720597264399942,16,1,785643223
0.416967968013921,0.224605681367519,16,1,785643223
0.914838739084718,0.760455637037174,16,1,785643223
0.670026236285727,0.874131372074078,16,1,785643223
0.0910376232415491,0.142274153458139,16,1,785643223
0.0945653746011568,0.691964381665129,16,1,785643223
0.430526672814078,0.895346842980463,16,1,785643223
0.551411763299339,0.409394799691332,16,1,785643223
0.00640766418905292,0.282331162357972,16,1,785643223
0.365042957171191,0.611386033988941,16,1,785643223
0.954174177077092,0.838218212785127,16,1,785643223
0.745275730282528,0.965325110257888,16,1,785643223
0.763798699540313,0.2207772321307,16,1,785643223
0.157406616650224,0.823569621650436,16,1,785643223
0.711053168594231,0.41227586319757,16,1,785643223
0.0106760970619648,0.763550256489511,16,1,785643223
0.810627075351988,0.627590834829562,16,1,785643223
0.504210692721566,0.503585422793846,16,1,785643223
0.0185820812619506,0.422498452095275,16,1,785643223
0.382120524447433,0.915642173518723,16,1,785643223
0.575685712769865,0.112823841609061,16,1,785643223
0.989316668644608,0.0539539000197751,16,1,785643223
0.491291856232609,0.826963906017034,16,1,785643223
0.869456234981959,0.398837219685702,16,1,785643223
0.293100441166316,0.295174624392988,16,1,785643223
0.0649695829727912,0.000719595288647845,16,1,785643223
0.35157510349567,0.28364140237448,16,1,785643223
0.368972465285151,0.0967361838429097,16,1,785643223
0.208512893652154,0.00454244465214271,16,1,785643223
0.0534011216572117,0.116291104236597,16,1,785643223
0.400567730033959,0.273518389813302,16,1,785643223
0.134145006180435,0.631513931693232,16,1,785643223
0.540893039879639,0.687592471277172,16,1,785643223
0.716730698207371,0.736749652016765,16,1,785643223
0.143162214393306,0.707290822979812,16,1,785643223
0.115441086435935,0.0868199356017805,16,1,785643223
0.523670283222234,0.493674794245702,16,1,785643223
0.630759430196355,0.909462783577408,16,1,785643223
0.114215338741933,0.296430718323049,16,1,785643223
0.677657188309469,0.863691380802772,16,1,785643223
0.923597795426554,0.26964537900638,16,1,785643223
0.892280608858931,0.0732384427463444,16,1,785643223
0.0105507739047448,0.0617405950421368,16,1,785643223
0.291377279816242,0.924996801614433,16,1,785643223
0.629075519019499,0.0287447885400418,16,1,785643223
0.782638139335188,0.334670430914644,16,1,785643223
0.487504002777706,0.0254042584344445,16,1,785643223
0.522493610488458,0.280306379675061,16,1,785643223
0.278942948729269,0.135922526359487,16,1,785643223
0.265567637267046,0.63111231208999,16,1,785643223
0.170447885720648,0.471467577031623,16,1,785643223
0.0265628253605044,0.45669388731548,16,1,785643223
0.673549666504315,0.820056805563061,16,1,785643223
0.900830649506517,0.462259048337495,16,1,785643223
0.668855270549574,0.920688398432414,16,1,785643223
0.731417561951681,0.302951694129014,16,1,785643223
0.419141218749701,0.890426301539741,16,1,785643223
0.896721612547749,0.438939279832171,16,1,785643223
0.165447891042462,0.469228829957532,16,1,785643223
0.352883296087686,0.0647065117398853,16,1,785643223
0.843105215239199,0.25074752303371,16,1,785643223
0.668422624517054,0.0652405637927493,16,1,785643223
0.521202149542208,0.870345270128172,16,1,785643223
0.804807640605427,0.936988981971465,16,1,785643223
0.323486086971156,0.60105051537572,16,1,785643223
0.393131703195396,0.650278131648158,16,1,785643223
0.19303119502567,0.97640562383375,16,1,785643223
0.972841051999713,0.256981095786839,16,1,785643223
0.264801261674871,0.410145858749368,16,1,785643223
0.32869037646683,0.981061565020675,16,1,785643223
0.452534345781864,0.940316602502504,16,1,785643223
0.406447783649444,0.130867505317034,16,1,785643223
0.302388658510517,0.995967572618427,16,1,785643223
0.451995536993199,0.528208177742661,16,1,785643223
0.138702915917004,0.0683465262964082,16,1,785643223
0.111333950081212,0.455824692859175,16,1,785643223
0.383381820247628,0.744821569910753,16,1,785643223
0.7750746183247,0.772749029969396,16,1,785643223
0.0928297919369319,0.742002526735946,16,1,785643223
0.504554588265738,0.888109109971458,16,1,785643223
0.0771906195222725,0.577140159191952,16,1,785643223
0.444412210467982,0.514919431585651,16,1,785643223
0.266325909762159,0.429939958073674,16,1,785643223
0.340537557471822,0.228715043075109,16,1,785643223
0.73938596563667,0.366021087344502,16,1,785643223
0.13036584748767,0.51554143126329,16,1,785643223
0.483996878826253,0.89792343273268,16,1,785643223
0.424109053641805,0.375010520678972,16,1,785643223
0.690440047789597,0.667050344089241,16,1,785643223
0.345771351244654,0.85663146197802,16,1,785643223
0.106967748252861,0.887481526921645,16,1,785643223
0.676992084272541,0.129509853389641,16,1,785643223
0.772435402167327,0.298049522759332,16,1,785643223
0.433604448476609,0.341799126053961,16,1,785643223
0.662344977214801,0.0238414822906838,16,1,785643223
0.521330385163735,0.986088447564686,16,1,785643223
0.128777453378434,0.484983352603046,16,1,785643223
0.16462954784283,0.507498934708002,16,1,785643223
0.93686114908397,0.753554926016036,16,1,785643223
0.864536031668003,0.0608948380100109,16,1,785643223
0.318360394752474,0.686422041342422,16,1,785643223
0.279103821212081,0.235955728535285,16,1,785643223
0.397395710200582,0.252251240674489,16,1,785643223
0.789453297106177,0.662674142672769,16,1,785643223
0.494641528042343,0.530708393840872,16,1,785643223
0.63675325635398,0.51849235927394,16,1,785643223
0.0138101871353329,0.779653099029398,16,1,785643223
0.75360749975965,0.0302575473588151,16,1,785643223
0.7215354811614,0.027081406329402,16,1,785643223
0.553118704554366,0.796485882115539,16,1,785643223
0.369977361093054,0.868211545575635,16,1,785643223
0.395804001588358,0.653802543837032,16,1,785643223
0.566788197467267,0.88598183574443,16,1,785643223
0.0665617709915662,0.351486253010747,16,1,785643223
0.611473155531676,0.772637786550989,16,1,785643223
0.517399610878005,0.646417502850947,16,1,785643223
0.586824792975121,0.291943815612389,16,1,785643223
0.374968946695039,0.607646448899638,16,1,785643223
0.115517142461887,0.887537610299009,16,1,785643223
0.788121281505434,0.266733367896753,16,1,785643223
0.821679311401927,0.743741917742487,16,1,785643223
0.853337108735363,0.726422668899715,16,1,785643223
0.409770918446933,0.484447191368099,16,1,785643223
0.777736326951481,0.9652633591823,16,1,785643223
0.871073183392869,0.152364269733915,16,1,785643223
0.200748437516951,0.103300691179161,16,1,785643223
0.999222744162029,0.410852381694046,16,1,785643223
0.552258703768807,0.574544050805706,16,1,785643223
0.24631927030837,0.887768337532723,16,1,785643223
0.43824279103387,0.551007268202857,16,1,785643223
0.812773875236713,0.411299969952691,16,1,785643223
0.672165345500604,0.582130587274626,16,1,785643223
0.903538561310587,0.559023580671421,16,1,785643223
0.338568462609807,0.266889999002491,16,1,785643223
0.347397084173503,0.374006124064825,16,1,785643223
0.504878430246966,0.623198931506223,16,1,785643223
0.942146374531186,0.117013444774392,16,1,785643223
0.99312463337926,0.932374192154563,16,1,785643223
0.694285047914721,0.326166154847594,16,1,785643223
0.237592140558296,0.87166503522905,16,1,785643223
0.236795771271818,0.70128632087248,16,1,785643223
0.0466164887480911,0.703554026023982,16,1,785643223
0.203799694787082,0.216822060068443,16,1,785643223
0.577289608820512,0.776111531162645,16,1,785643223
0.617490113916596,0.115942211361031,16,1,785643223
0.596200755307613,0.102292312440278,16,1,785643223
0.210096042390838,0.735680086954825,16,1,785643223
0.884963719714609,0.188394722367072,16,1,785643223
0.130673473438305,0.271219137228592,16,1,785643223
0.0760454165587889,0.695452995807385,16,1,785643223
0.152661171715827,0.278279419291754,16,1,785643223
0.0448780188697362,0.981957082496668,16,1,785643223
0.354667720291349,0.693203726504445,16,1,785643223
0.164894881697364,0.968307854327125,16,1,785643223
0.659058186667828,0.28238688599474,16,1,785643223
0.00905560427255736,0.752905607677518,16,1,785643223
0.293571573484128,0.358259036613766,16,1,785643223
0.939560956798542,0.231588942740846,16,1,785643223
0.536075449770881,0.421257388197493,16,1,785643223
0.0633147256198345,0.881752560123994,16,1,785643223
0.0516229739233056,0.263647455176613,16,1,785643223
0.778081169170671,0.0772123117535246,16,1,785643223
0.854982923553175,0.28531114478672,16,1,785643223
0.169443313199418,0.854378499368932,16,1,785643223
0.413487654094499,0.156043640289223,16,1,785643223
0.0922558435097875,0.652453211615575,16,1,785643223
0.420604966487315,0.679291652704154,16,1,785643223
0.958892354768718,0.2572595461935,16,1,785643223
0.396844885486361,0.540842403307142,16,1,785643223
0.484734777604638,0.854416742810701,16,1,785643223
0.0988193638232771,0.578846213740898,16,1,785643223
0.476437584443249,0.731262348236378,16,1,785643223
0.761407128454276,0.725645613934012,16,1,785643223
0.621229902224141,0.54194760286883,16,1,785643223
0.660618991413086,0.140559143895654,16,1,785643223
0.739525394531215,0.592980544414545,16,1,785643223
0.870120424299173,0.999213666186277,16,1,785643223
0.893261925748284,0.43836401629435,16,1,785643223
0.163653647404868,0.99851812802692,16,1,785643223
0.626676794435007,0.189235793942093,16,1,785643223
0.455533332587078,0.931978573322249,16,1,785643223
0.938378515215472,0.443449113049428,16,1,785643223
0.00404607107392874,0.659640372514585,16,1,785643223
0.776363033689162,0.414349185247504,16,1,785643223
0.330445723299569,0.570170143478215,16,1,785643223
0.123040222694894,0.399440443353904,16,1,785643223
0.814511562760199,0.78792529137743,16,1,785643223
0.95747775689158,0.0957717264265412,16,1,785643223
0.87146430992627,0.790806688212589,16,1,785643223
0.299110676426419,0.408800538777739,16,1,785643223
0.777753052494992,0.428547614159296,16,1,785643223
0.933352345970427,0.630371823323739,16,1,785643223
0.0536450786279155,0.63750194971287,16,1,785643223
0.900356003621064,0.802014713994435,16,1,785643223
0.579420327863179,0.351758323357908,16,1,785643223
0.85973991776326,0.440791061865272,16,1,785643223
0.609503465653579,0.916807748832537,16,1,785643223
0.343814839014577,0.920011974888043,16,1,785643223
0.789077955908758,0.650117436339649,16,1,785643223
0.981716746678679,0.733755724040443,16,1,785643223
0.377549499889785,0.601362780278476,16,1,785643223
0.794252240410271,0.628141137672225,16,1,785643223
0.402688523543977,0.668585522573573,16,1,785643223
0.91931658887838,0.679623231050531,16,1,785643223
0.550127543581773,0.446443385892775,16,1,785643223
0.125062333229338,0.192958944207449,16,1,785643223
0.385710848574607,0.579946499868491,16,1,785643223
0.512686377059444,0.0041532020434909,16,1,785643223
0.011234347797914,0.407864026693837,16,1,785643223
0.840629675909809,0.6376150534842,16,1,785643223
0.692515100598991,0.169423130824041,16,1,785643223
0.025564875303413,0.202163243150141,16,1,785643223
0.717829692190165,0.446070676547812,16,1,785643223
0.705966902953603,0.968911790883987,16,1,785643223
0.148553295411348,0.760462643973254,16,1,785643223
0.730108443075195,0.847389144605794,16,1,785643223
0.515466822075529,0.744764086270557,16,1,785643223
0.986751031682171,0.764407639895171,16,1,785643223
0.355965444298976,0.769729239784309,16,1,785643223
0.664467700043317,0.971654870992909,16,1,785643223
