0.538220252351536,0.920088179668606,16,1,785643223
0.491377453574137,0.0161844432945699,16,1,785643223
0.406483344805504,0.883922752868335,16,1,785643223
0.708607888102486,0.623446357658522,16,1,785643223
0.927836840280013,0.45085260709099,16,1,785643223
0.608163225214251,0.421320538080621,16,1,785643223
0.941053426807423,0.442634426226169,16,1,785643223
0.918703988733505,0.112153148585557,16,1,785643223
0.500573079845921,0.0685808235879013,16,1,785643223
0.584815619552475,0.750883448960043,16,1,785643223
0.610580650480302,0.443467068103435,16,1,785643223
0.283020287405469,0.93253277882665,16,1,785643223
0.216546499952765,0.0542474233715238,16,1,785643223
0.765344214120631,0.269276823885363,16,1,785643223
0.7568163790698,0.136350427794867,16,1,785643223
0.390842705018074,0.752673639841879,16,1,785643223
0.677920527287267,0.276561230783741,16,1,785643223
0.716039625607143,0.463522253762488,16,1,785643223
0.698010334535694,0.632861307769516,16,1,785643223
0.980337058248434,0.988974447139987,16,1,785643223
0.786382229837979,0.154745539748785,16,1,785643223
0.0498040309922745,0.229609070802167,16,1,785643223
0.134175913099765,0.209448342329778,16,1,785643223
0.264122428216853,0.0765709770978127,16,1,785643223
0.852301097823229,0.988812454111406,16,1,785643223
0.332116023100845,0.97704311859012,16,1,785643223
0.921315707571392,0.619256669958503,16,1,785643223
0.709550018050856,0.942505961459845,16,1,785643223
0.438285763349183,0.425190896423191,16,1,785643223
0.874964027860635,0.180823785992658,16,1,785643223
0.28647306250244,0.0916044623001975,16,1,785643223
0.242134336539641,0.587661214124287,16,1,785643223
0.180945117124192,0.73020763436483,16,1,785643223
0.148446114165309,0.406109523098194,16,1,785643223
0.54851154074854,0.975031211375723,16,1,785643223
0.881202839910724,0.0235564776563142,16,1,785643223
0.46788332616631,0.635842886504532,16,1,785643223
0.659910468374401,0.673810448044086,16,1,785643223
0.255735991655016,0.227068219533511,16,1,785643223
0.548344745338315,0.702560553465633,16,1,785643223
0.244272323261641,0.787949373013769,16,1,785643223
0.076171127279179,0.141522375120324,16,1,785643223
0.341779498830737,0.78874139312638,16,1,785643223
0.590964489497636,0.631870304687866,16,1,785643223
0.105455833692135,0.882724600132488,16,1,785643223
0.568378255571826,0.868495525344056,16,1,785643223
0.970567543557304,0.280526333712898,16,1,785643223
0.680035876060924,0.222223894097151,16,1,785643223
0.757971190912376,0.274383382701143,16,1,785643223
0.7012885090154,0.200334531501849,16,1,785643223
0.83120730985595,0.192462454413397,16,1,785643223
0.556742492879657,0.274284355685711,16,1,785643223
0.845186616607339,0.102119997401107,16,1,785643223
0.517017961165638,0.535519893416468,16,1,785643223
0.828948956698448,0.532213279171265,16,1,785643223
0.170033391146907,0.897777681164005,16,1,785643223
0.046923304605976,0.31521715825602,16,1,785643223
0.367163495582452,0.638648045044358,16,1,785643223
0.443624993496249,0.564721655213084,16,1,785643223
0.0955060839856152,0.0197185616835265,16,1,785643223
0.082147671181473,0.767561072459757,16,1,785643223
0.207920456807021,0.881367740322769,16,1,785643223
0.870897685136549,0.491439172510686,16,1,785643223
0.736597899698802,0.0818275544215314,16,1,785643223
0.978209762483855,0.888674601360694,16,1,785643223
0.618405714583091,0.0960785211766106,16,1,785643223
0.130094222286721,0.512346290856106,16,1,785643223
0.0392284795663054,0.538667571869119,16,1,785643223
0.285400161470059,0.342578959381758,16,1,785643223
0.253539113314846,0.400604145445517,16,1,785643223
0.164641924955343,0.808337983583733,16,1,785643223
0.988341106369816,0.936461822008543,16,1,785643223
0.409065076966803,0.349651098860001,16,1,785643223
0.16012943280305,0.455237919888047,16,1,785643223
0.355403782746232,0.116227093588635,16,1,785643223
0.756651379800625,0.861697138723346,16,1,785643223
0.479875849354431,0.376460233249688,16,1,785643223
0.735670333110306,0.484847597769031,16,1,785643223
0.0694795369819845,0.606297361051737,16,1,785643223
0.938473045931304,0.324815279663908,16,1,785643223
0.217866034914708,0.167320600215932,16,1,785643223
0.431330049401328,0.047985393256968,16,1,785643223
0.815924505715695,0.678323346904435,16,1,785643223
0.783254317924445,0.915040594652738,16,1,785643223
0.0142614665651237,0.794015129905295,16,1,785643223
0.999038404747027,0.627822144478457,16,1,785643223
0.704154073842949,0.812121348254307,16,1,785643223
0.458448383490255,0.0385687519677886,16,1,785643223
0.950116164631182,0.956710455001274,16,1,785643223
0.78589715755194,0.371669120199613,16,1,785643223
0.159497536553385,0.677044048680115,16,1,785643223
0.291321426618734,0.665530850892643,16,1,785643223
0.0737629849007932,0.00303855966005884,16,1,785643223
0.824307910505654,0.684864932437923,16,1,785643223
0.0583742188713945,0.257054789042382,16,1,785643223
0.157442824338385,0.988554385902524,16,1,785643223
0.823612040552571,0.442923655704733,16,1,785643223
0.268062306338628,0.286994048515885,16,1,785643223
0.423969072990651,0.229410433609826,16,1,785643223
0.702646322766053,0.818337090160473,16,1,785643223
0.306738778894097,0.499558101457722,16,1,785643223
0.171155513955812,0.335388193605289,16,1,785643223
0.15035697857721,0.607526947358334,16,1,785643223
0.0135250400572935,0.277761719509269,16,1,785643223
0.386376130450302,0.0860082407032099,16,1,785643223
0.321543621308272,0.945318622813586,16,1,785643223
0.723882969695723,0.553365013620262,16,1,785643223
0.518462412216724,0.0403841378443057,16,1,785643223
0.691096625365423,0.0891445269755438,16,1,785643223
0.659335305076342,0.548176780351572,16,1,785643223
0.291150999451173,0.390073766642407,16,1,785643223
0.147392374972962,0.145254581844179,16,1,785643223
0.159098931950081,0.402303999922879,16,1,785643223
0.00311989218254904,0.332383737807235,16,1,785643223
0.709487331052317,0.984444448384539,16,1,785643223
0.913360502778358,0.0173879849749596,16,1,785643223
0.799188759234277,0.364622814689498,16,1,785643223
0.576799088773043,0.849221327414417,16,1,785643223
0.945670548634674,0.355874816971634,16,1,785643223
0.158268650026937,0.0480063052642059,16,1,785643223
0.567564027272722,0.717918199787673,16,1,785643223
0.776232522273316,0.329524723296389,16,1,785643223
0.45997347682216,0.217597044597976,16,1,785643223
0.344878765169385,0.999720233616578,16,1,785643223
0.686300215563269,0.784813780170714,16,1,785643223
0.436931278335815,0.144644947986122,16,1,785643223
0.547638486975479,0.292512412764562,16,1,785643223
0.0697448005842816,0.569512175806051,16,1,785643223
0.607480577602481,0.339317323106856,16,1,785643223
0.0216598501211287,0.958971701303992,16,1,785643223
0.213405095361038,0.522017325228586,16,1,785643223
0.198865258433192,0.0180139608488992,16,1,785643223
0.1493492729136,0.956862141605032,16,1,785643223
0.0905966299619596,0.0823200243631135,16,1,785643223
0.173257782542682,0.879441008441234,16,1,785643223
0.937430184947876,0.712095895387628,16,1,785643223
0.0386634145307376,0.361126640489249,16,1,785643223
0.330805797320498,0.0862822068241631,16,1,785643223
0.769104113697698,0.978913321157949,16,1,785643223
0.368517827106984,0.75363189128584,16,1,785643223
0.543015435947154,0.664039021822667,16,1,785643223
0.677401481413958,0.983146638059747,16,1,785643223
0.231929296134546,0.367525882831774,16,1,785643223
0.188934068658366,0.643407296601509,16,1,785643223
0.680312392732956,0.215902681212001,16,1,785643223
0.476489949497389,0.693431354149189,16,1,785643223
0.574071078815771,0.666936140002973,16,1,785643223
0.292606337188563,0.0337112761032128,16,1,785643223
0.0602709498963148,0.309984145188592,16,1,785643223
0.29710383840846,0.71545894140221,16,1,785643223
0.738579437086697,0.796619620254803,16,1,785643223
0.868117700316113,0.296133972437906,16,1,785643223
0.145119411237707,0.380346107055614,16,1,785643223
0.282905993909044,0.81525128566717,16,1,785643223
0.846173993448745,0.896787572161268,16,1,785643223
0.892952627308785,0.827723330292574,16,1,785643223
0.179913045818628,0.599307599809848,16,1,785643223
0.834082001725221,0.0538029063961583,16,1,785643223
0.655455077188545,0.170581902119504,16,1,785643223
0.39618538399375,0.367045818334295,16,1,785643223
0.347983781632931,0.691591732309414,16,1,785643223
0.91303001326221,0.428064448860966,16,1,785643223
0.27522551156345,0.345271255443536,16,1,785643223
0.0793632761676006,0.302919447295824,16,1,785643223
0.0353772476400804,0.144273953024452,16,1,785643223
0.498124464180165,0.146552584453432,16,1,785643223
0.776537965681591,0.667424253171185,16,1,785643223
0.488336146147942,0.838354441554404,16,1,785643223
0.469943235224355,0.512027607609651,16,1,785643223
0.765735505462451,0.0760291828007116,16,1,785643223
0.102959217668611,0.041247394822669,16,1,785643223
0.719668537070294,0.779741489643422,16,1,785643223
0.359858706888196,0.539401841684971,16,1,785643223
0.842507100611376,0.504284596498013,16,1,785643223
0.390442634379164,0.235643202102662,16,1,785643223
0.00701566828821054,0.274768246919381,16,1,785643223
0.0903947741493418,0.758222104645293,16,1,785643223
0.757503277514459,0.835976107916659,16,1,785643223
0.91516465701773,0.809353800494149,16,1,785643223
0.396923283047363,0.0240445674567615,16,1,785643223
0.326376179540408,0.0947940781390944,16,1,785643223
0.715764991575252,0.104597109252432,16,1,785643223
0.0881504704091749,0.82365662913909,16,1,785643223
0.431669300506582,0.443348011605714,16,1,785643223
0.0356925338910714,0.809406568536667,16,1,785643223
0.011104344337669,0.884858402989487,16,1,785643223
0.059507213417612,0.662013331348055,16,1,785643223
0.487929102206773,0.275486330102168,16,1,785643223
0.204612193715316,0.599882191065102,16,1,785643223
0.56173451980704,0.869211303916598,16,1,785643223
0.0143555388293963,0.232739192745784,16,1,785643223
0.258749530759584,0.561901757130265,16,1,785643223
0.915444317822386,0.945660689832303,16,1,785643223
0.192216201164913,0.497948289592283,16,1,785643223
0.804024265011964,0.668120232880447,16,1,785643223
0.0236151186523468,0.327641975750915,16,1,785643223
0.588920273969329,0.73038665585794,16,1,785643223
0.300534354341143,0.191263073752703,16,1,785643223
0.0460678122484319,0.839837939294676,16,1,785643223
0.826594425293767,0.158098499686594,16,1,785643223
0.759911502730755,0.769263460048804,16,1,785643223
0.241423651401506,0.150719804394395,16,1,785643223
0.813332153677543,0.68331153939034,16,1,785643223
0.400014897459779,0.963618239279216,16,1,785643223
0.0462873048967114,0.0509783222491533,16,1,785643223
0.152605211440495,0.0622219778028401,16,1,785643223
0.476278126257296,0.219353021097124,16,1,785643223
0.67921293005397,0.760318474387235,16,1,785643223
0.526770621363825,0.396895529978148,16,1,785643223
0.216337124096838,0.180151656076181,16,1,785643223
0.307134479064412,0.68325138715654,16,1,785643223
0.0746092840292327,0.379969773184627,16,1,785643223
0.633510484375172,0.926222481167984,16,1,785643223
0.393540893809299,0.872858336270826,16,1,785643223
0.961090977894053,0.439320057834578,16,1,785643223
0.372461503710773,0.608824073146864,16,1,785643223
0.570514570273896,0.919933639404849,16,1,785643223
0.457271503434397,0.245391077010964,16,1,785643223
0.272872346503995,0.389003810686052,16,1,785643223
0.117450860712342,0.140167232276861,16,1,785643223
0.64613986653833,0.0930308632450596,16,1,785643223
0.415632350774094,0.28600097169172,16,1,785643223
0.316484096153689,0.902508398760002,16,1,785643223
0.954810141203105,0.202530690226351,16,1,785643223
0.936309260949962,0.944147985385927,16,1,785643223
0.648786291602978,0.489020199481594,16,1,785643223
0.0603964063680076,0.330560600415844,16,1,785643223
0.824287303208725,0.155423092912313,16,1,785643223
0.69880880929996,0.703272267118996,16,1,785643223
0.552273763213586,0.67325459266985,16,1,785643223
0.361166121148947,0.529137228243746,16,1,785643223
0.330653854517808,0.474085544162147,16,1,785643223
0.277313724139237,0.847329457998041,16,1,785643223
0.370725606660088,0.956178690821988,16,1,785643223
0.907044517127405,0.426687224603678,16,1,785643223
0.323158862448251,0.815116076848291,16,1,785643223
0.876081655730711,0.613115299515093,16,1,785643223
0.224038522046448,0.480953534684345,16,1,785643223
0.788296218547314,0.893593264095895,16,1,785643223
0.73347902125278,0.869958615830337,16,1,785643223
0.533243584351657,0.443544403754134,16,1,785643223
0.34393483439008,0.642546382601604,16,1,785643223
0.946905275195935,0.140809523470139,16,1,785643223
0.342490166633332,0.693533248504111,16,1,785643223
0.790524704440443,0.833447731017693,16,1,785643223
0.337620586511464,0.447530889627832,16,1,785643223
0.162935670228856,0.945392547523245,16,1,785643223
0.880206501782374,0.780345821954746,16,1,785643223
0.764439053063212,0.0991785735685973,16,1,785643223
0.904816127462376,0.212359384710512,16,1,785643223
0.940734023068095,0.465743645952439,16,1,785643223
0.142106130437792,0.0391529848882399,16,1,785643223
0.535178268358028,0.963293681096155,16,1,785643223
0.414788883820215,0.497990375437579,16,1,785643223
0.169893058803248,0.178173723576044,16,1,785643223
0.178470900778184,0.089000519475122,16,1,785643223
0.640222357932952,0.879672229704004,16,1,785643223
0.200449707075885,0.297860827644808,16,1,785643223
0.139479260048823,0.185400488507878,16,1,785643223
0.119065623153065,0.0856781909795377,16,1,785643223
0.859478533508715,0.386008367196039,16,1,785643223
0.126026233354639,0.889394692629947,16,1,785643223
0.304147959006893,0.338042273635837,16,1,785643223
0.250107686978344,0.781545077553112,16,1,785643223
0.384558149219761,0.943845204411027,16,1,785643223
0.364108992497329,0.488549249483309,16,1,785643223
0.484118437083092,0.317612271340941,16,1,785643223
0.0306962176727348,0.529764546534246,16,1,785643223
0.847377528833081,0.956939685112254,16,1,785643223
0.389599719720662,0.969290960043043,16,1,785643223
0.65695851320605,0.803903602362273,16,1,785643223
0.873792485044013,0.707271436597276,16,1,785643223
0.275217254325296,0.675772335345414,16,1,785643223
0.974486383989859,0.712368785149764,16,1,785643223
0.883339929448971,0.450279440222479,16,1,785643223
0.349765831268046,0.669582291402465,16,1,785643223
0.891437646035775,0.183890777942878,16,1,785643223
0.389005901044764,0.0195297490570669,16,1,785643223
0.67961560928766,0.177515607519342,16,1,785643223
0.479283872254338,0.598591427931614,16,1,785643223
0.190275372262086,0.976201418655922,16,1,785643223
0.871942698366906,0.991979244160421,16,1,785643223
0.135654417131539,0.467943099678972,16,1,785643223
0.303833126542798,0.639698982039266,16,1,785643223
0.992698677512975,0.531614470480156,16,1,785643223
0.586293574652185,0.711094786361783,16,1,785643223
0.794352317132589,0.313469957937581,16,1,785643223
0.118792190979179,0.0275061122753302,16,1,785643223
0.799553544820851,0.778371075670349,16,1,785643223
0.00579274308946687,0.762667817575245,16,1,785643223
0.561904102450362,0.425916631801468,16,1,785643223
0.756740986407965,0.324213819529421,16,1,785643223
0.900978922405577,0.559490261301799,16,1,785643223
0.398524967983207,0.0658655153136678,16,1,785643223
0.585074387426368,0.0410481150770545,16,1,785643223
0.793017792935917,0.7089238063687,16,1,785643223
0.543424180494747,0.543824001720982,16,1,785643223
0.797543479871502,0.144634074114824,16,1,785643223
0.65952320440525,0.265276296835234,16,1,785643223
0.532277333658769,0.858989455154102,16,1,785643223
0.920328784087085,0.502770361780436,16,1,785643223
0.442890884376538,0.128024133433649,16,1,785643223
0.75211911289969,0.610602699069009,16,1,785643223
0.256311859636745,0.119225035795762,16,1,785643223
0.678081608157768,0.827057917608046,16,1,785643223
0.300133742025356,0.393288683742012,16,1,785643223
0.245811116855787,0.257346568412953,16,1,785643223
0.825403058604723,0.0177912169594729,16,1,785643223
0.175315123813317,0.910270289892166,16,1,785643223
0.327527363652062,0.451300802192638,16,1,785643223
0.16180528933845,0.453055213826564,16,1,785643223
0.691208907703607,0.447963180648909,16,1,785643223
0.892617119647468,0.907821029344653,16,1,785643223
0.973885252204935,0.116789217920492,16,1,785643223
0.217644744423205,0.876021025563473,16,1,785643223
0.573429794574557,0.509021917574126,16,1,785643223
0.126126771570908,0.594175904186181,16,1,785643223
0.370572988336779,0.85481476041508,16,1,785643223
0.720113909089412,0.148427241102957,16,1,785643223
0.924713993525832,0.711709294204102,16,1,785643223
0.099311456913399,0.296452810908081,16,1,785643223
0.464436228124251,0.623476559432897,16,1,785643223
0.476688011896817,0.744377089250072,16,1,785643223
0.53488889302412,0.952009926480283,16,1,785643223
0.645338093359997,0.558842056246478,16,1,785643223
0.00282688847657653,0.5895261484872,16,1,785643223
0.531478522626216,0.8863447037179,16,1,785643223
0.889608449984909,0.193206866162685,16,1,785643223
0.778420608143616,0.733627629125603,16,1,785643223
0.469690933715223,0.554849216180036,16,1,785643223
0.531294540488493,0.620393062105331,16,1,785643223
0.847715209174737,0.292383329122134,16,1,785643223
0.392799130987578,0.839757966087859,16,1,785643223
0.68835074946641,0.581981382409439,16,1,785643223
0.478696661540243,0.612725057712356,16,1,785643223
0.713444895535775,0.895156443828625,16,1,785643223
0.735694821508813,0.57877785354198,16,1,785643223
0.888979680443299,0.954878742476484,16,1,785643223
0.856472446271612,0.541777373053264,16,1,785643223
0.195911124625651,0.586755759028805,16,1,785643223
0.57214162076924,0.517269580590622,16,1,785643223
0.801772618394685,0.426220612913623,16,1,785643223
0.996645135376121,0.385254579850829,16,1,785643223
0.087460189425504,0.817884183925177,16,1,785643223
0.175841409448559,0.789171080629418,16,1,785643223
0.272516616750218,0.34120842825646,16,1,785643223
0.669044678553524,0.715289236412481,16,1,785643223
0.573382073074984,0.403146300671119,16,1,785643223
0.474362374134116,0.347709886016387,16,1,785643223
0.109708940084985,0.454327272721489,16,1,785643223
0.656258329911494,0.540605850773606,16,1,785643223
0.468363377960544,0.131295698931209,16,1,785643223
0.656502390751035,0.0967981602286658,16,1,785643223
0.0481377556024987,0.34181501107063,16,1,785643223
0.509955837381556,0.448437631716173,16,1,785643223
0.354309891770622,0.769713989194137,16,1,785643223
0.566218869444143,0.541499546076341,16,1,785643223
0.120807594180228,0.624532312879255,16,1,785643223
0.498807364387544,0.344943738440018,16,1,785643223
0.70970506335457,0.000863520478840751,16,1,785643223
0.0218637330065183,0.90808838263428,16,1,785643223
0.357587083743633,0.674360610838074,16,1,785643223
0.690548931857399,0.132315398607816,16,1,785643223
0.227607806590987,0.380754140959199,16,1,785643223
0.323015007248083,0.0278954349018368,16,1,785643223
0.843194628327535,0.147647614392223,16,1,785643223
0.0299089557121333,0.492673382165736,16,1,785643223
0.475307412500524,0.741522051660416,16,1,785643223
0.257725726954774,0.791292831581802,16,1,785643223
0.581584246155446,0.767836623559312,16,1,785643223
0.00462479906212909,0.478742641947712,16,1,785643223
0.441920193557901,0.854034551600646,16,1,785643223
0.516679313302921,0.018572723347891,16,1,785643223
0.960633514374488,0.534662961097188,16,1,785643223
0.706389031104677,0.48302278029737,16,1,785643223
0.713240068237779,0.0920191297567925,16,1,785643223
0.871587262998258,0.657713008843587,16,1,785643223
0.58995276017655,0.00926438284705533,16,1,785643223
0.595452339125004,0.963969599779618,16,1,785643223
0.905809113990274,0.194871067272303,16,1,785643223
0.300483972882836,0.532296030436014,16,1,785643223
0.137905119298557,0.505864402306776,16,1,785643223
0.491055394523195,0.558631415939434,16,1,785643223
0.170842895980525,0.338308488919698,16,1,785643223
0.782067357111241,0.306183414119284,16,1,785643223
0.739554899877196,0.246153816270026,16,1,785643223
0.819206860912168,0.88205831860017,16,1,785643223
0.863487615121244,0.403594587733481,16,1,785643223
0.373780498279284,0.611359120924057,16,1,785643223
0.172370996756016,0.86463590947701,16,1,785643223
0.119719302055432,0.378154427135935,16,1,785643223
0.476849818838522,0.575056663493292,16,1,785643223
0.945950300993595,0.638885673352141,16,1,785643223
0.206605875396717,0.474314682007161,16,1,785643223
0.197382768484567,0.194635263173009,16,1,785643223
0.266642896944514,0.557804582865256,16,1,785643223
0.639760935596142,0.712538969541315,16,1,785643223
0.693968539808904,0.594571870327353,16,1,785643223
0.181514830791148,0.0907426799959881,16,1,785643223
0.880575736920249,0.34273185389757,16,1,785643223
0.122471480446113,0.402595831938675,16,1,785643223
0.0419209380903673,0.949944685325687,16,1,785643223
0.140577230992074,0.062191006404686,16,1,785643223
0.601354314178545,0.572357957457455,16,1,785643223
0.240390622460709,0.480025748284501,16,1,785643223
0.880639991325924,0.362504767735169,16,1,785643223
0.620921661662806,0.661013039492974,16,1,785643223
0.0368462211859653,0.0210747760722232,16,1,785643223
0.360493763802489,0.965891710186201,16,1,785643223
0.110022550728362,0.778535297513183,16,1,785643223
0.728149015915892,0.60846711080318,16,1,785643223
0.101605550538769,0.139098631944941,16,1,785643223
0.127504084836031,0.404863396301638,16,1,785643223
0.104682873780383,0.0908300445039056,16,1,785643223
0.865830664185085,0.833470197219361,16,1,785643223
0.761582092614194,0.758729299778212,16,1,785643223
0.863992955999386,0.980515901787136,16,1,785643223
0.300722689331967,0.874053583384204,16,1,785643223
0.646922454141525,0.0759752971277932,16,1,785643223
0.279503374689705,0.39133647119889,16,1,785643223
0.714678870261334,0.595457290159737,16,1,785643223
0.705870365542171,0.825537424643273,16,1,785643223
0.874145940133111,0.959531040756342,16,1,785643223
0.929410971417354,0.367134413514308,16,1,785643223
0.479454766807771,0.914099642224612,16,1,785643223
0.902120679379594,0.0321079403742663,16,1,785643223
0.0446168130317215,0.074830438839232,16,1,785643223
0.113208699178974,0.441047588734567,16,1,785643223
0.688738535658707,0.581271288912482,16,1,785643223
0.657631056827312,0.69618926226342,16,1,785643223
0.689812743995763,0.886412966629808,16,1,785643223
0.525616210551075,0.446533908248862,16,1,785643223
0.36527802832376,0.273910032718469,16,1,785643223
0.342832463676669,0.917567990121608,16,1,785643223
0.331546097002497,0.188394978207828,16,1,785643223
0.568527926094889,0.889571360947201,16,1,785643223
0.184528936095329,0.994688517316761,16,1,785643223
0.044332834196446,0.280074776611107,16,1,785643223
0.378490513013863,0.247867398331779,16,1,785643223
0.478518851269419,0.165115343892297,16,1,785643223
0.765519880553351,0.821716694203598,16,1,785643223
0.2913217419769,0.961042509153531,16,1,785643223
0.0376791638396439,0.141809581481489,16,1,785643223
0.331660845426111,0.22739000581742,16,1,785643223
0.247261292774951,0.351688784538821,16,1,785643223
0.651890329622375,0.980025957171569,16,1,785643223
0.226771386535907,0.684620104475642,16,1,785643223
0.517789821731643,0.0953260284442248,16,1,785643223
0.42618867806497,0.788601518677876,16,1,785643223
0.598903433993936,0.542139891672559,16,1,785643223
0.376839209376613,0.789658901473444,16,1,785643223
0.17342090953417,0.94614484818484,16,1,785643223
0.739156533069221,0.650906875239539,16,1,785643223
0.846006360062164,0.683249072596327,16,1,785643223
0.976000564691355,0.657148455322907,16,1,785643223
0.381333242851649,0.388025647030098,16,1,785643223
0.548014279763723,0.0225015031271083,16,1,785643223
0.371413585416228,0.0632089291412532,16,1,785643223
0.544240691335785,0.152176051200836,16,1,785643223
0.369393933904837,0.913849884173638,16,1,785643223
0.00399319494155925,0.701067643495096,16,1,785643223
0.194380726820369,0.178514642900197,16,1,785643223
0.131154674432223,0.709277185507122,16,1,785643223
0.431335496977407,0.163506879808191,16,1,785643223
0.642424897311241,0.346963389207472,16,1,785643223
0.600990150448991,0.275962921265133,16,1,785643223
0.342719385926964,0.0175646634967954,16,1,785643223
0.853496094284823,0.291703201507528,16,1,785643223
0.287520323048088,0.521861487029186,16,1,785643223
0.126256317349994,0.458813767192735,16,1,785643223
0.331471253224211,0.897619092847106,16,1,785643223
0.365712837002391,0.601595691370393,16,1,785643223
0.478106389468899,0.607162946303215,16,1,785643223
0.330868234755119,0.618611424037913,16,1,785643223
0.565652686194064,0.506259230762135,16,1,785643223
0.00348237856838773,0.110482186605441,16,1,785643223
0.716989730821366,0.416749446174805,16,1,785643223
0.678694289200138,0.0990708208174578,16,1,785643223
0.99871369079198,0.219577967764528,16,1,785643223
0.252215828749102,0.782893557815857,16,1,785643223
0.693717892828932,0.312094067534917,16,1,785643223
0.594604916555505,0.952634248913152,16,1,785643223
0.368692965172404,0.441846580218105,16,1,785643223
0.954433779055652,0.66047697520768,16,1,785643223
0.169782699394299,0.458072999544598,16,1,785643223
0.814852922914757,0.920688217212752,16,1,785643223
0.693657410154336,0.615679618831026,16,1,785643223
0.590433645333351,0.741966778208813,16,1,785643223
0.0089121869029789,0.825444594772997,16,1,785643223
0.790117907971862,0.539486336758936,16,1,785643223
0.0760639368750917,0.741936126957789,16,1,785643223
0.723141681598009,0.755998839116964,16,1,785643223
0.14047542009181,0.174601776620968,16,1,785643223
0.666610095854199,0.742300402197419,16,1,785643223
0.277470057927449,0.953744570132774,16,1,785643223
0.787651236433689,0.727557590674147,16,1,785643223
0.892276518738702,0.56565770074815,16,1,785643223
0.151930023137309,0.681532968428248,16,1,785643223
0.197334640376164,0.370113688169003,16,1,785643223
0.359106496178788,0.324302391497241,16,1,785643223
0.29802748069709,0.0863412588719197,16,1,785643223
0.510830368446452,0.482368265648601,16,1,785643223
0.209307984011926,0.74462353378045,16,1,785643223
0.213519526260829,0.0452505106355909,16,1,785643223
0.57789387968849,0.261984108733698,16,1,785643223
0.210495375799974,0.346588528205775,16,1,785643223
0.730331316301839,0.957215554525182,16,1,785643223
0.850196719909081,0.0587893928174659,16,1,785643223
0.690610299736498,0.0342069236431584,16,1,785643223
0.960844689603306,0.63452424892182,16,1,785643223
0.855524259023644,0.693761412378046,16,1,785643223
0.972884292509077,0.692501608051883,16,1,785643223
0.105059503480631,0.642822280808878,16,1,785643223
0.705852508091787,0.0359789928732859,16,1,785643223
0.228827481034937,0.670303158606093,16,1,785643223
0.600699964069874,0.645421362754999,16,1,785643223
0.474339072326908,0.299717600722311,16,1,785643223
0.862017238515922,0.564833159473303,16,1,785643223
0.715184449198776,0.388426523406864,16,1,785643223
0.636500781286448,0.0483353969388776,16,1,785643223
0.511964536639695,0.905104878466633,16,1,785643223
0.135244999056946,0.42320468969799,16,1,785643223
0.272525731717395,0.58454062132632,16,1,785643223
0.227169248363349,0.631200111879975,16,1,785643223
0.626965270842791,0.428617722277258,16,1,785643223
0.181499659194702,0.0816114413404598,16,1,785643223
0.0231531358838688,0.430029661932382,16,1,785643223
0.749009265105945,0.612770471272692,16,1,785643223
0.828279248229478,0.150160523549791,16,1,785643223
0.31807988620013,0.399018806111608,16,1,785643223
0.92010732522438,0.898823643116518,16,1,785643223
0.274556103087338,0.0634781569602425,16,1,785643223
0.953287141673476,0.176041592127733,16,1,785643223
0.876227010657534,0.384244010200415,16,1,785643223
0.576558365309122,0.236728443753428,16,1,785643223
0.178142914231166,0.03440606308369,16,1,785643223
0.91198782534664,0.398426262041414,16,1,785643223
0.650685657326578,0.741567383288128,16,1,785643223
0.509774645242434,0.397154565677554,16,1,785643223
0.420495149337181,0.941464247772547,16,1,785643223
0.99072233063882,0.207567842658051,16,1,785643223
0.104643999032497,0.581411349467874,16,1,785643223
0.520593079829065,0.955553588930339,16,1,785643223
0.717404371616234,0.44991036966281,16,1,785643223
0.406347907895717,0.340036386526543,16,1,785643223
0.388571765010949,0.169378440795217,16,1,785643223
0.15758736188013,0.270579472379675,16,1,785643223
0.806890715994786,0.32045432510418,16,1,785643223
0.703341717581435,0.719259217654312,16,1,785643223
0.446794946972877,0.870765804457156,16,1,785643223
0.887903182240201,0.60455404883356,16,1,785643223
0.661765905316836,0.546454953045722,16,1,785643223
0.0715920946063602,0.702045322011073,16,1,785643223
0.352455336058855,0.549765282980911,16,1,785643223
0.357609245009689,0.042419874648556,16,1,785643223
0.180548201270154,0.855165059089187,16,1,785643223
0.266507827206437,0.974454087276821,16,1,785643223
0.84447478446589,0.0534899250125263,16,1,785643223
0.0313471124843521,0.105434226398009,16,1,785643223
0.865321217183971,0.0782809017903112,16,1,785643223
0.800073377607065,0.657649301526554,16,1,785643223
0.341985537715753,0.543485606525464,16,1,785643223
0.675198178861005,0.26597145279395,16,1,785643223
0.472947825189093,0.274010796856871,16,1,785643223
0.463320676481028,0.855767945007129,16,1,785643223
0.208547696878227,0.712543229217125,16,1,785643223
0.119576254988897,0.0681304552136091,16,1,785643223
0.365537881218682,0.0576446350634701,16,1,785643223
0.69244227097613,0.0208333225006028,16,1,785643223
0.638449736827951,0.294784887239423,16,1,785643223
0.880845906673667,0.472163040415119,16,1,785643223
0.472621240905488,0.225921105485129,16,1,785643223
0.253607275124719,0.221971914882015,16,1,785643223
0.784258318510987,0.621995032366432,16,1,785643223
0.401612247856703,0.653392424010585,16,1,785643223
0.442443135280179,0.153618363004483,16,1,785643223
0.0930413151495308,0.961128197834044,16,1,785643223
0.78929061186314,0.414971585633841,16,1,785643223
0.697518279047969,0.256280744444779,16,1,785643223
0.0112782937263181,0.413092539636491,16,1,785643223
0.250561464130391,0.955628569767754,16,1,785643223
0.986706940500016,0.322185886913722,16,1,785643223
0.793039180500454,0.53764053168074,16,1,785643223
0.209333320574085,0.727791010936575,16,1,785643223
0.487975635584474,0.908284740753806,16,1,785643223
0.859290682528233,0.0664267507906438,16,1,785643223
0.020489212082281,0.602598778586954,16,1,785643223
0.91930445135737,0.725478588012289,16,1,785643223
0.504303836778856,0.322481890630269,16,1,785643223
0.16438598238882,0.00766433134705768,16,1,785643223
0.0414910620023929,0.0297913016545941,16,1,785643223
0.971518060706265,0.195611029534857,16,1,785643223
0.349934420623404,0.293732933468435,16,1,785643223
0.35250067248943,0.99365741163755,16,1,785643223
0.470341268324941,0.457452759649208,16,1,785643223
0.0197901993868372,0.52414749456551,16,1,785643223
0.63170935229999,0.318599723947876,16,1,785643223
0.836373506155645,0.666611742551286,16,1,785643223
0.788854938226608,0.0866959299436916,16,1,785643223
0.832258038796401,0.0792564775609552,16,1,785643223
0.750824593686313,0.0275024777970314,16,1,785643223
0.185101224839712,0.236283767915523,16,1,785643223
0.309667302549931,0.309079547720487,16,1,785643223
0.29329566986586,0.47794933223445,16,1,785643223
0.643212795389555,0.411723059766358,16,1,785643223
0.991139927918718,0.512441459817946,16,1,785643223
0.236835182215484,0.680579869941392,16,1,785643223
0.711113392823822,0.158889181252095,16,1,785643223
0.083658368714012,0.162051880204414,16,1,785643223
0.898522694275117,0.707064254583502,16,1,785643223
0.244506347006422,0.494877646847222,16,1,785643223
0.420962499651504,0.004304488268013,16,1,785643223
0.0375321009575256,0.595702077501041,16,1,785643223
0.872687528935721,0.478961315576591,16,1,785643223
0.209949215509803,0.923210957925982,16,1,785643223
0.300395774730799,0.0598801339655166,16,1,785643223
0.0197432693057191,0.996128134137173,16,1,785643223
0.207627168384062,0.607148979046308,16,1,785643223
0.832900101632041,0.671370780305578,16,1,785643223
0.478855528161974,0.632903594194778,16,1,785643223
0.495121059683405,0.311341979207103,16,1,785643223
0.113113731178224,0.0380252501998157,16,1,785643223
0.00974282344328348,0.821115794851066,16,1,785643223
0.00705937128258816,0.298956757408975,16,1,785643223
0.860535157042575,0.494136212499998,16,1,785643223
0.350023283808718,0.0426923495277691,16,1,785643223
0.946205437923882,0.71004039381762,16,1,785643223
0.128276455943615,0.0438485397456594,16,1,785643223
0.619479980502414,0.0125013580676274,16,1,785643223
0.517371356199498,0.916169108812944,16,1,785643223
0.524670499398835,0.227955074737479,16,1,785643223
0.534075761365555,0.846802355192946,16,1,785643223
0.143475900447168,0.24464999232498,16,1,785643223
0.0540268930867347,0.429405730916264,16,1,785643223
0.48465993738521,0.657502738239284,16,1,785643223
0.688126743699377,0.810686748679953,16,1,785643223
0.129894546744795,0.183788156685653,16,1,785643223
0.612192955384567,0.213851477772901,16,1,785643223
0.426963452488937,0.164512980593675,16,1,785643223
0.425004650982066,0.418237617494961,16,1,785643223
0.838683016987957,0.786065641334292,16,1,785643223
0.284980526684693,0.90327129538336,16,1,785643223
0.454862362837077,0.28826762667356,16,1,785643223
0.887637867939573,0.816057873159504,16,1,785643223
0.912127225585982,0.713600249406149,16,1,785643223
0.18023379516971,0.188852224389645,16,1,785643223
0.607830653458548,0.772315200188503,16,1,785643223
0.0216159233861855,0.912262645717381,16,1,785643223
0.86301817665959,0.272427260561506,16,1,785643223
0.378540332520485,0.37159083703526,16,1,785643223
0.704763814094645,0.382180407796629,16,1,785643223
0.447374994763153,0.984903768692873,16,1,785643223
0.230406512647393,0.711686493141934,16,1,785643223
0.677567228990145,0.296799490536356,16,1,785643223
0.785830223124601,0.919576834092203,16,1,785643223
0.730225535055339,0.156254175052883,16,1,785643223
0.79361186405976,0.137572280394669,16,1,785643223
0.0792798516570754,0.24425600523363,16,1,785643223
0.182415772944831,0.728093274328604,16,1,785643223
0.766613939512616,0.0363048247098918,16,1,785643223
0.52479991447341,0.089881081996487,16,1,785643223
0.728861405678831,0.794779785814828,16,1,785643223
0.408567059704614,0.132578190969757,16,1,785643223
0.77928219631696,0.336953850273767,16,1,785643223
0.836368058042348,0.621530309747686,16,1,785643223
0.423935152431762,0.666979854597599,16,1,785643223
0.399432642825349,0.779688555336393,16,1,785643223
0.962656652759265,0.900912643508141,16,1,785643223
0.401056328111508,0.393229481373597,16,1,785643223
0.507564007743555,0.716253663837982,16,1,785643223
0.654483866177046,0.562702655244217,16,1,785643223
0.219540158051421,0.610686134017937,16,1,785643223
0.0349132890806514,0.3353706899883,16,1,785643223
0.745731789599699,0.372371133268762,16,1,785643223
0.539167266452125,0.917851143421808,16,1,785643223
0.99635246742663,0.896214767737706,16,1,785643223
0.26114333225469,0.241848902792671,16,1,785643223
0.135774465529211,0.920865417718195,16,1,785643223
0.809288892479578,0.105102404548723,16,1,785643223
0.56354538507082,0.3883422028205,16,1,785643223
0.846787391440902,0.2781690788583,16,1,785643223
0.743559892508988,0.136028222172963,16,1,785643223
0.223790230571149,0.327696312964356,16,1,785643223
0.450433385950906,0.0428149411205736,16,1,785643223
0.812594987744478,0.336620983613954,16,1,785643223
0.0843055895815583,0.875575153294476,16,1,785643223
0.0757540649503028,0.634898233753235,16,1,785643223
0.869713498896707,0.644998088945332,16,1,785643223
0.492361325931584,0.422376024654668,16,1,785643223
0.146584345029153,0.658450076408372,16,1,785643223
0.891643697373516,0.262480086769932,16,1,785643223
0.152876681452899,0.190831807704469,16,1,785643223
0.16638160755224,0.242115483616413,16,1,785643223
0.659083268971462,0.0647984011005009,16,1,785643223
0.896724812122428,0.711502260030075,16,1,785643223
0.836068990978856,0.482486560049346,16,1,785643223
0.594591157826371,0.497527603543696,16,1,785643223
0.873431272909137,0.633764156633604,16,1,785643223
0.425101938337023,0.6585469514477,16,1,785643223
0.990114964719418,0.677853965480554,16,1,785643223
0.485583727133005,0.0207033754452299,16,1,785643223
0.343107359521746,0.562137631532132,16,1,785643223
0.242791428106612,0.102866124983517,16,1,785643223
0.0490371789147501,0.669049527500839,16,1,785643223
0.684566091819341,0.0434427622507281,16,1,785643223
0.891512228082447,0.174284479510773,16,1,785643223
0.982587720586851,0.674828306170546,16,1,785643223
0.0752546493699016,0.14647834003445,16,1,785643223
0.6868945764322,0.0722788795473743,16,1,785643223
0.546599051137414,0.341170652905162,16,1,785643223
0.646502697848958,0.472809724119085,16,1,785643223
0.180155022739094,0.324857774213567,16,1,785643223
0.184895244698861,0.545646691145847,16,1,785643223
0.711507867348462,0.276473789886278,16,1,785643223
0.400535798519695,0.47179761534137,16,1,785643223
0.188062827797547,0.861374221861412,16,1,785643223
0.203557268015858,0.532220606123981,16,1,785643223
0.118357245884326,0.181594828728241,16,1,785643223
0.245573500822275,0.989639281261214,16,1,785643223
0.322715695491236,0.160993990285749,16,1,785643223
0.235529665537745,0.389501361556055,16,1,785643223
0.26142264130835,0.0585716735186725,16,1,785643223
0.630947844472145,0.802121165050899,16,1,785643223
0.720958310901258,0.235315836108435,16,1,785643223
0.507174686645708,0.614883067467046,16,1,785643223
0.299776693658031,0.524579267782721,16,1,785643223
0.710080359922398,0.799124748485533,16,1,785643223
0.0656150478257267,0.309287283290263,16,1,785643223
0.494387822023528,0.0353062765072967,16,1,785643223
0.699158615153093,0.473006498125402,16,1,785643223
0.804133834885673,0.54021990166289,16,1,785643223
0.170762769962903,0.938438887447025,16,1,785643223
0.741762303207008,0.467543043970418,16,1,785643223
0.717476079086405,0.0371922892753416,16,1,785643223
0.870755032605593,0.398324986014714,16,1,785643223
0.819994163514568,0.444887340791665,16,1,785643223
0.0829060615118906,0.117632202539546,16,1,785643223
0.216436063453571,0.476505937526557,16,1,785643223
0.25121887625372,0.68924796548382,16,1,785643223
0.695863958725369,0.269254472677684,16,1,785643223
0.736465276147162,0.408064873720427,16,1,785643223
0.29166210473486,0.386533956571826,16,1,785643223
0.937183066762794,0.97091338866027,16,1,785643223
0.813732754117253,0.931231810529934,16,1,785643223
0.272129154426341,0.48171756418611,16,1,785643223
0.0660150468577441,0.128905655148556,16,1,785643223
0.815704742508698,0.749113002615626,16,1,785643223
0.656965738139676,0.00337300110528305,16,1,785643223
0.753225874967443,0.648756541050122,16,1,785643223
0.410534244303021,0.0541037743872863,16,1,785643223
0.0679626587522746,0.971217184516179,16,1,785643223
0.223319053393658,0.45105607675183,16,1,785643223
0.888621393050492,0.0888821467167136,16,1,785643223
0.49307928773363,0.0645805972770157,16,1,785643223
0.431047654305027,0.120113757003582,16,1,785643223
0.58072851107418,0.407982892912429,16,1,785643223
0.6647867206763,0.964790640064719,16,1,785643223
0.662453576073908,0.622120974037009,16,1,785643223
0.633420166330204,0.305659460638669,16,1,785643223
0.519598654204833,0.868405234360741,16,1,785643223
0.135140032242057,0.593827626070383,16,1,785643223
0.163381321114669,0.106554372432043,16,1,785643223
0.515942148411578,0.642830028918632,16,1,785643223
0.50643827159946,0.224045179546378,16,1,785643223
0.491935144768227,0.0809074798610316,16,1,785643223
0.185094706168982,0.620821037176257,16,1,785643223
0.15948475925962,0.0717539372221321,16,1,785643223
0.584452312993199,0.439085977045305,16,1,785643223
0.763605834313104,0.828520832531479,16,1,785643223
0.390665961495944,0.747136114870104,16,1,785643223
0.741693150971497,0.654905366742121,16,1,785643223
0.966498203629439,0.852484761404562,16,1,785643223
0.409793900136646,0.745895823957097,16,1,785643223
0.0613617096543511,0.317495844584574,16,1,785643223
0.731404003386247,0.949112304046499,16,1,785643223
0.992591647311921,0.670489221219874,16,1,785643223
0.456875865923986,0.906558822906138,16,1,785643223
0.887895045969792,0.421230723604937,16,1,785643223
0.96278540365248,0.759511084226967,16,1,785643223
0.878649025188943,0.442061862191342,16,1,785643223
0.329777557342988,0.637731748479917,16,1,785643223
0.660206425220063,0.598665069499691,16,1,785643223
0.540552708823912,0.572025030811654,16,1,785643223
0.124558595864492,0.827063238278908,16,1,785643223
0.96735220314298,0.584392634901544,16,1,785643223
0.921689618040096,0.467062758255018,16,1,785643223
0.45349658220381,0.955003907352265,16,1,785643223
0.445617965496367,0.309980306282872,16,1,785643223
0.201403804356509,0.856005063484445,16,1,785643223
0.296011805947881,0.0289389595492331,16,1,785643223
0.219338949173215,0.231338109147484,16,1,785643223
0.749062057645784,0.953221943765114,16,1,785643223
0.541205568238232,0.147304776419684,16,1,785643223
0.91348226272513,0.996273245528255,16,1,785643223
0.259638119925509,0.751146384346609,16,1,785643223
0.00972788328860497,0.187755861279121,16,1,785643223
0.777347343512472,0.654729206426667,16,1,785643223
0.0126773557044979,0.777222141485984,16,1,785643223
0.803125052081772,0.947915894611355,16,1,785643223
0.808585810644379,0.474738706059119,16,1,785643223
0.0465062839695771,0.750366460743774,16,1,785643223
0.126348649493365,0.715984200551955,16,1,785643223
0.49601647900065,0.206511849651763,16,1,785643223
0.554891684185318,0.192166864002171,16,1,785643223
0.484638146952971,0.910353067212064,16,1,785643223
0.877333217143215,0.877934962761407,16,1,785643223
0.794163836817501,0.57635748292877,16,1,785643223
0.559663514428696,0.450660020797311,16,1,785643223
0.12931019038635,0.564914619104437,16,1,785643223
0.333569062622457,0.152613146066815,16,1,785643223
0.654497916057859,0.258804813905826,16,1,785643223
0.866562276368476,0.398864163475426,16,1,785643223
0.109927088757708,0.372036570556996,16,1,785643223
0.754598969062484,0.443736659358045,16,1,785643223
0.643283962082386,0.698657193615483,16,1,785643223
0.0805987062210713,0.0169043147641714,16,1,785643223
0.0442830535180794,0.280657228379361,16,1,785643223
0.0869509311935319,0.931963708658523,16,1,785643223
0.118362684470844,0.565595876436315,16,1,785643223
0.160815289410104,0.330698473701396,16,1,785643223
0.469612574161586,0.510700602020284,16,1,785643223
0.479768562644867,0.351872783931994,16,1,785643223
0.678632701192225,0.906197292850873,16,1,785643223
0.623046957116304,0.243621042925483,16,1,785643223
0.395211227865568,0.699685499647934,16,1,785643223
0.565213773158864,0.80551246396718,16,1,785643223
0.763164589626885,0.736126257738026,16,1,785643223
0.283149505459239,0.990127828587072,16,1,785643223
0.593399618443823,0.448985015384767,16,1,785643223
0.0597147548110561,0.303720138211332,16,1,785643223
0.886594470014758,0.260205491712027,16,1,785643223
0.1598181821934,0.809892810045958,16,1,785643223
0.00571001891619716,0.432047002327085,16,1,785643223
0.727626786416967,0.291170907781965,16,1,785643223
0.0819097736036634,0.54098330052893,16,1,785643223
0.886324990768182,0.974493268134696,16,1,785643223
0.624392723851387,0.199722218543982,16,1,785643223
0.897747089665278,0.924736537764233,16,1,785643223
0.828234106014715,0.921965657599039,16,1,785643223
0.609355337896478,0.858194683041137,16,1,785643223
0.22334443342581,0.175201651432073,16,1,785643223
0.0178770509140942,0.343934192018297,16,1,785643223
0.553405912326999,0.860965308869008,16,1,785643223
0.425792801129012,0.284658191705195,16,1,785643223
0.997919601853346,0.676372928362193,16,1,785643223
0.106717678294711,0.570472580278166,16,1,785643223
0.00932396043058148,0.139550778390699,16,1,785643223
0.480590537430556,0.112825038369267,16,1,785643223
0.668753187987706,0.416473250841449,16,1,785643223
0.421552698935383,0.310372503401864,16,1,785643223
0.437240883105399,0.827886393505159,16,1,785643223
0.350504486120082,0.668877195683323,16,1,785643223
0.749868456248185,0.58217258028346,16,1,785643223
0.467093228240816,0.928863916401922,16,1,785643223
0.252463517886042,0.598734890584575,16,1,785643223
0.0088603821238511,0.934251003662181,16,1,785643223
0.418469604845986,0.610625339628377,16,1,785643223
0.62770450123243,0.495741311886662,16,1,785643223
0.835165504037893,0.938477088285032,16,1,785643223
0.419279020694397,0.893902208462821,16,1,785643223
0.441028281579491,0.950451723954089,16,1,785643223
0.646781570360136,0.89398827678681,16,1,785643223
0.515329757653654,0.795318580575584,16,1,785643223
0.790909321461169,0.816097129639009,16,1,785643223
0.721227041284889,0.285631150311281,16,1,785643223
0.396206845085006,0.613461812923592,16,1,785643223
0.0919880419082322,0.165393301971851,16,1,785643223
0.781188677457203,0.0724355027950589,16,1,785643223
0.763997074852861,0.425772117895059,16,1,785643223
0.721335569421933,0.939595369943587,16,1,785643223
0.821305681569354,0.420277775397555,16,1,785643223
0.0249681150370815,0.549180518661932,16,1,785643223
0.696537352528555,0.193368007980888,16,1,785643223
0.296500282507373,0.10516751135778,16,1,785643223
0.902297834840899,0.52447037452271,16,1,785643223
0.963371535408644,0.223017377062367,16,1,785643223
0.538290999226323,0.506723135004115,16,1,785643223
0.660823631959151,0.819328645445925,16,1,785643223
0.305173884146855,0.636239982524249,16,1,785643223
0.982090977432927,0.838999022281141,16,1,785643223
0.492176289283033,0.722572148661575,16,1,785643223
0.196527325672079,0.447628286851653,16,1,785643223
0.132158188823586,0.638932939356599,16,1,785643223
0.488916006361991,0.705188028302467,16,1,785643223
0.223964854446757,0.99928476812513,16,1,785643223
0.41724848476702,0.639608234972292,16,1,785643223
0.201783684230253,0.660973498747992,16,1,785643223
0.499229004753842,0.679633092144268,16,1,785643223
0.636987627749591,0.492036126754821,16,1,785643223
0.904441680946928,0.185293061921587,16,1,785643223
0.903990278883911,0.322615872252001,16,1,785643223
0.419421755137572,0.128743732405213,16,1,785643223
0.0190589039461486,0.131727738430876,16,1,785643223
0.209988032287529,0.572409908479347,16,1,785643223
0.150118126619163,0.97577095776384,16,1,785643223
0.929544494874546,0.105622690489399,16,1,785643223
0.81866357156063,0.958033929081189,16,1,785643223
0.0258994998522741,0.217951385394422,16,1,785643223
0.286309797503203,0.425305631212352,16,1,785643223
0.14996902871461,0.36353793971029,16,1,785643223
0.595470835555354,0.830971965737923,16,1,785643223
0.913086994534503,0.684417318866595,16,1,785643223
0.795335088694707,0.680918061398335,16,1,785643223
0.279058068663027,0.911922943437997,16,1,785643223
0.267566762821953,0.490939689946555,16,1,785643223
0.81675010879678,0.00253460811395856,16,1,785643223
0.172142561977019,0.987922382753732,16,1,785643223
0.178054337313916,0.14351821477685,16,1,785643223
0.603262517867727,0.595032731886391,16,1,785643223
0.0503687642998032,0.0578872459429798,16,1,785643223
0.470448881074189,0.279755957196917,16,1,785643223
0.329622047636521,0.9246362876965,16,1,785643223
0.909344995121166,0.774690450034336,16,1,785643223
0.0950659859659055,0.516227558033902,16,1,785643223
0.181718480668793,0.748559056468515,16,1,785643223
0.195803293811579,0.166928914609949,16,1,785643223
0.705066245902179,0.681148216464645,16,1,785643223
0.76164910304334,0.647397906812181,16,1,785643223
0.698399168762719,0.0499341448908206,16,1,785643223
0.286401126944616,0.671923521872129,16,1,785643223
0.411629264907315,0.0524503291735732,16,1,785643223
0.218114242050787,0.173359226904799,16,1,785643223
0.93598622197832,0.632217151744521,16,1,785643223
0.611483263634835,0.0535710368897597,16,1,785643223
0.516236614593711,0.00989057625503875,16,1,785643223
0.782658062248271,0.926774878410179,16,1,785643223
0.499473766064213,0.895454921080015,16,1,785643223
0.402919086192383,0.346178978999607,16,1,785643223
0.0602370753815062,0.539621692611125,16,1,785643223
0.277309799752171,0.676788188030622,16,1,785643223
0.623385236302659,0.0904699355192145,16,1,785643223
0.0891315337244096,0.528846734426427,16,1,785643223
0.749749906349833,0.476882704421884,16,1,785643223
0.982941710260921,0.743298585636974,16,1,785643223
0.908451554797931,0.185287203718708,16,1,785643223
0.67094598609737,0.528352974189766,16,1,785643223
0.257177404751997,0.858333682195477,16,1,785643223
0.409910368987392,0.668994254014996,16,1,785643223
0.28372752642588,0.579782513435988,16,1,785643223
0.627642875915726,0.208645579602949,16,1,785643223
0.106365489795671,0.0394756409724684,16,1,785643223
0.871165263213244,0.432269236715493,16,1,785643223
0.21022224632359,0.318603853064145,16,1,785643223
0.239055509693176,0.826987903414923,16,1,785643223
0.767326908281076,0.0356058762174467,16,1,785643223
0.00365986025825293,0.17195070165109,16,1,785643223
0.133992935456937,0.434635293073196,16,1,785643223
0.432828679184921,0.705396023861621,16,1,785643223
0.982663876474292,0.839094271886485,16,1,785643223
0.230727076881045,0.663474003346678,16,1,785643223
0.0709688563456918,0.378861159068526,16,1,785643223
0.329056302382899,0.299652148564387,16,1,785643223
0.994312755364375,0.226020060235182,16,1,785643223
0.903136227138025,0.552799426579189,16,1,785643223
0.711016175488876,0.162446393154136,16,1,785643223
0.811236491787122,0.447376195312146,16,1,785643223
0.72001900172412,0.675612020680917,16,1,785643223
0.551864517268698,0.168570588916941,16,1,785643223
0.433347678296729,0.421004257805392,16,1,785643223
0.786135897682073,0.89439024539082,16,1,785643223
0.909058237368496,0.121549513399896,16,1,785643223
0.308957484908211,0.182530854673589,16,1,785643223
0.48328741906319,0.827893328333796,16,1,785643223
0.994786516423585,0.920749805971416,16,1,785643223
0.426343563776482,0.860716737764472,16,1,785643223
0.250637467289448,0.264513708132301,16,1,785643223
0.504299774150465,0.884914594632818,16,1,785643223
0.493736621618497,0.331853716684425,16,1,785643223
0.79095269959793,0.39509451697022,16,1,785643223
0.108978395349991,0.153593543910953,16,1,785643223
0.299764610600319,0.524886108496155,16,1,785643223
0.687666193221913,0.0329919276418105,16,1,785643223
0.158060074389898,0.520834327728163,16,1,785643223
0.275780545017144,0.987518803717727,16,1,785643223
0.0682074697302157,0.751752310904186,16,1,785643223
0.529837539215173,0.0893793552593385,16,1,785643223
0.655372116677782,0.620598100181313,16,1,785643223
0.406431475143429,0.807395100797794,16,1,785643223
0.0115158391978754,0.1255146315481,16,1,785643223
0.059176445930728,0.902378936521798,16,1,785643223
0.354776303731779,0.0688972123419012,16,1,785643223
0.310895240333278,0.875237567586016,16,1,785643223
0.382887964406406,0.486325445196987,16,1,785643223
0.542193415296414,0.891363368070085,16,1,785643223
0.381185591932838,0.359945949923208,16,1,785643223
0.257465591021888,0.156735280391386,16,1,785643223
0.233372705943056,0.820002746082455,16,1,785643223
0.578409150149492,0.415110020192235,16,1,785643223
0.881775238951714,0.66213609716541,16,1,785643223
0.496816833109096,0.611070939439958,16,1,785643223
0.14391575625735,0.955037421827541,16,1,785643223
0.643303663109606,0.188268744168611,16,1,785643223
0.109321328011097,0.0840887337547453,16,1,785643223
0.586483195591186,0.199678676527014,16,1,785643223
0.385507880104739,0.0496629951477097,16,1,785643223
0.0397413634300277,0.867581464738319,16,1,785643223
0.816216262414544,0.228516732913888,16,1,785643223
0.0421027638734301,0.661780445404457,16,1,785643223
0.291865372570755,0.586756891501674,16,1,785643223
0.251113129303844,0.251706399929392,16,1,785643223
