0.0215245838977991,0.68586273613168,16,1,785643223
0.774520424186412,0.708801000839886,16,1,785643223
0.535958956419868,0.909835899563085,16,1,785643223
0.829253163885723,0.076409140045663,16,1,785643223
0.765328674713164,0.747168648256702,16,1,785643223
0.578262447368464,0.387125141429767,16,1,785643223
0.836276703173882,0.378523101580574,16,1,785643223
0.86687445619479,0.396217798637517,16,1,785643223
0.477786231390591,0.0516943302994575,16,1,785643223
0.416890246559525,0.799992728035605,16,1,785643223
0.256707738826371,0.571220435614493,16,1,785643223
0.775400101385885,0.219751599636515,16,1,785643223
0.704141399967036,0.130273634653107,16,1,785643223
0.619434115848923,0.111302540388592,16,1,785643223
0.0815410114534654,0.465234696525429,16,1,785643223
0.899508952552693,0.177377224095881,16,1,785643223
0.706676242277346,0.360255722491871,16,1,785643223
0.621187703578425,0.88591443209542,16,1,785643223
0.925264933717973,0.777585804593278,16,1,785643223
0.366891014674604,0.128639340639946,16,1,785643223
0.379275653372376,0.730640217246273,16,1,785643223
0.260861330343973,0.601225743680105,16,1,785643223
0.984670939151111,0.324870174293816,16,1,785643223
0.674420564904945,0.662927102976816,16,1,785643223
0.781570646775286,0.761944733051944,16,1,785643223
0.589114702188915,0.387896828661484,16,1,785643223
0.356321447216379,0.223206023255761,16,1,785643223
0.254330231065176,0.729649495236337,16,1,785643223
0.74338833459798,0.255709519236508,16,1,785643223
0.645598906086918,0.30502353408851,16,1,785643223
0.396383874566293,0.0461162275645246,16,1,785643223
0.580871311111548,0.525689807881585,16,1,785643223
0.601800685721838,0.887577113660639,16,1,785643223
0.566539613149598,0.216469056264621,16,1,785643223
0.76101633310296,0.0687779291111674,16,1,785643223
0.307819484308768,0.00543346330407934,16,1,785643223
0.349601235427053,0.240553985238633,16,1,785643223
0.157894872475647,0.260150437238299,16,1,785643223
0.183350343799782,0.927571399389298,16,1,785643223
0.860732662617072,0.746996940456777,16,1,785643223
0.799284903430587,0.63899430174857,16,1,785643223
0.809463878578265,0.882227744640161,16,1,785643223
0.184243712212697,0.0464085381752009,16,1,785643223
0.343832513837228,0.595652785508187,16,1,785643223
0.818969216412345,0.889806189538735,16,1,785643223
0.464387245822196,0.712602929571512,16,1,785643223
0.281563077424839,0.0171169570450167,16,1,785643223
0.501281035105483,0.922227366523142,16,1,785643223
0.151600351161874,0.861949999904645,16,1,785643223
0.167290516773348,0.87993956194576,16,1,785643223
0.309118198468803,0.203276376257481,16,1,785643223
0.361895139271295,0.624582731751379,16,1,785643223
0.524201159906496,0.397231234743296,16,1,785643223
0.412114913019767,0.383002455150662,16,1,785643223
0.331292598748421,0.677599949841536,16,1,785643223
0.546895649371696,0.658457368373403,16,1,785643223
0.197159215187427,0.0469469819626687,16,1,785643223
0.809342686120596,0.779644796645415,16,1,785643223
0.258769880959475,0.175235810835721,16,1,785643223
0.97486637747989,0.674460732620803,16,1,785643223
0.909297983366022,0.100794755728331,16,1,785643223
0.0205011498347893,0.980502232417077,16,1,785643223
0.0199863619656686,0.239131113684526,16,1,785643223
0.0797711609549498,0.846319194764357,16,1,785643223
0.368440091464516,0.73255272804802,16,1,785643223
0.674971074580662,0.514284562360076,16,1,785643223
0.403734583732091,0.36204533948493,16,1,785643223
0.835560895354854,0.194456072428483,16,1,785643223
0.47543686249534,0.638598264342813,16,1,785643223
0.682005438495933,0.917695363015938,16,1,785643223
0.828341578398595,0.0132931567360695,16,1,785643223
0.723284183493295,0.000337639804771861,16,1,785643223
0.25966123168878,0.12341893117663,16,1,785643223
0.612407116381182,0.95768861263278,16,1,785643223
0.77484737880786,0.3337824810711,16,1,785643223
0.717225625051947,0.356004877426713,16,1,785643223
0.495490797391561,0.318412060458884,16,1,785643223
0.236728476286703,0.0151908076903482,16,1,785643223
0.421830746762176,0.0184977438056109,16,1,785643223
0.385287907684898,0.0474709581084491,16,1,785643223
0.0549091764581089,0.710673100716326,16,1,785643223
0.124890678814456,0.480817933314241,16,1,785643223
0.744734204608205,0.569736496547772,16,1,785643223
0.131599608472377,0.989470038737363,16,1,785643223
0.266607928393616,0.0428167136774409,16,1,785643223
0.809658304091003,0.298121411308951,16,1,785643223
0.737970467892871,0.86896639617607,16,1,785643223
0.0108083732490094,0.858686409652869,16,1,785643223
0.545830746299734,0.705636570106402,16,1,785643223
0.709697884327203,0.602911913088612,16,1,785643223
0.892069935083125,0.976247887622855,16,1,785643223
0.0854150342752806,0.629123192920925,16,1,785643223
0.749778922031678,0.542353161534159,16,1,785643223
0.918894964222619,0.359558721591261,16,1,785643223
0.929847572941906,0.234659230244858,16,1,785643223
0.451841203586755,0.968642724678059,16,1,785643223
0.546498883277628,0.0850623956511305,16,1,785643223
0.103645122728371,0.511362069529969,16,1,785643223
0.195287332769196,0.161365839026445,16,1,785643223
0.556430084480868,0.00741649050484128,16,1,785643223
0.102226242719159,0.147908377119616,16,1,785643223
0.973278944720299,0.153902724690631,16,1,785643223
0.951802814207871,0.677363503332679,16,1,785643223
0.530454901201616,0.942866934695443,16,1,785643223
0.328519497794211,0.518997562913572,16,1,785643223
0.576655564721291,0.14567035414169,16,1,785643223
0.514232918198719,0.176931210967692,16,1,785643223
0.0414028483727016,0.817859736052881,16,1,785643223
0.0514411049528194,0.57558048142867,16,1,785643223
0.578569269105675,0.856874166103506,16,1,785643223
0.664521974964581,0.550159370098952,16,1,785643223
0.0190322576501192,0.0555042274793855,16,1,785643223
0.990377813887963,0.85408481770838,16,1,785643223
0.0752636713687878,0.870270919460198,16,1,785643223
0.766620328703329,0.127383567671056,16,1,785643223
0.494393643261604,0.771400742160147,16,1,785643223
0.894456209491748,0.110366548401921,16,1,785643223
0.154899179326824,0.221209973412114,16,1,785643223
0.41939115144247,0.0887981161982234,16,1,785643223
0.732981911155433,0.542371211710493,16,1,785643223
0.695115433720939,0.40699902982224,16,1,785643223
0.0321153010241595,0.307935090618744,16,1,785643223
0.124333508002728,0.81286039405008,16,1,785643223
0.67688352355182,0.791351222433147,16,1,785643223
0.719830408908688,0.957679973475239,16,1,785643223
0.868419569537493,0.463440439724859,16,1,785643223
0.408002084456786,0.256482944026224,16,1,785643223
0.421870925013973,0.986234369066644,16,1,785643223
0.206954145197699,0.735944951593596,16,1,785643223
0.710580899711585,0.150074703520854,16,1,785643223
0.458114132409052,0.817996517402866,16,1,785643223
0.436932345178862,0.904429486498197,16,1,785643223
0.0801717979113814,0.932097775555138,16,1,785643223
0.0877653353818673,0.211748999277916,16,1,785643223
0.938011243086888,0.615250055691562,16,1,785643223
0.903032480424778,0.768587425014931,16,1,785643223
0.683626143675878,0.364508772883312,16,1,785643223
0.273605982932436,0.814881653581001,16,1,785643223
0.988761926873822,0.272709008349376,16,1,785643223
0.59122521566095,0.0675793458538365,16,1,785643223
0.182744252617364,0.868134128387421,16,1,785643223
0.972095657864422,0.0962981808645815,16,1,785643223
0.0426852134029638,0.628127307105807,16,1,785643223
0.77784525222811,0.00406122153038613,16,1,785643223
0.924747462797619,0.981455073519312,16,1,785643223
0.931882033973053,0.954506562967388,16,1,785643223
0.505135386615629,0.590650797731161,16,1,785643223
0.176834019043849,0.950544701654782,16,1,785643223
0.0764644340606353,0.9845977015383,16,1,785643223
0.577607809388508,0.825631318000862,16,1,785643223
0.0742153055347714,0.660205827079622,16,1,785643223
0.849155153430219,0.400213289700361,16,1,785643223
0.834678109627794,0.830893770174816,16,1,785643223
0.0455779478295355,0.925557149053346,16,1,785643223
0.0798083212460901,0.556157451277619,16,1,785643223
0.922997299223916,0.85336443205359,16,1,785643223
0.397277369835608,0.152319118031111,16,1,785643223
0.128250173243949,0.430672392127838,16,1,785643223
0.332330334659122,0.977325233827554,16,1,785643223
0.256891722511102,0.578794739967162,16,1,785643223
0.804669653182714,0.0420806047736186,16,1,785643223
0.0872200180375249,0.722647863793659,16,1,785643223
0.985427077705891,0.141091010194322,16,1,785643223
0.601197681999297,0.251643864243935,16,1,785643223
0.0902677036135837,0.558006340677001,16,1,785643223
0.681585836629391,0.678631978064113,16,1,785643223
0.00182049163181697,0.174497613590932,16,1,785643223
0.692349105083072,0.461743320131743,16,1,785643223
0.255525403668447,0.0644374255498281,16,1,785643223
0.741079168359287,0.27584376485343,16,1,785643223
0.083935227029504,0.0348277803503194,16,1,785643223
0.910992587130446,0.552328936659117,16,1,785643223
0.650284164501559,0.876428386798421,16,1,785643223
0.705018446316333,0.120778388572595,16,1,785643223
0.0380657412157346,0.377483131887335,16,1,785643223
0.903260115844925,0.458072545804401,16,1,785643223
0.424488360903757,0.373589975173569,16,1,785643223
0.0926427729535819,0.941980517835383,16,1,785643223
0.215857209417563,0.343713008692824,16,1,785643223
0.324657957127855,0.125634288988506,16,1,785643223
0.257281239415914,0.588977165643107,16,1,785643223
0.568687820267957,0.0507349174445899,16,1,785643223
0.0603630017668424,0.503548050706899,16,1,785643223
0.497962630930431,0.60390098400948,16,1,785643223
0.792845113236611,0.372569368033164,16,1,785643223
0.677060466338349,0.142924554543823,16,1,785643223
0.46944830491915,0.0865994017277096,16,1,785643223
0.128455499399117,0.00463518428344045,16,1,785643223
0.46512865459349,0.766933448284274,16,1,785643223
0.585845412251155,0.111276919157283,16,1,785643223
0.780007237426802,0.920566235459047,16,1,785643223
0.585712293983891,0.322572423336383,16,1,785643223
0.9565991509082,0.433361545253647,16,1,785643223
0.132928989263628,0.350530567633082,16,1,785643223
0.441554256044216,0.963273593861804,16,1,785643223
0.821966540263828,0.649077628620285,16,1,785643223
0.491048871114705,0.984972145846357,16,1,785643223
0.136653760408248,0.391623388795495,16,1,785643223
0.741923891908389,0.765649979962864,16,1,785643223
0.990596519845491,0.929976420174866,16,1,785643223
0.854434457812544,0.785124813739269,16,1,785643223
0.898057164540279,0.544218444353629,16,1,785643223
0.900037721201408,0.904721844353306,16,1,785643223
0.683871791544957,0.741973593229171,16,1,785643223
0.340921643961904,0.470490307847943,16,1,785643223
0.118952238924679,0.691147212916116,16,1,785643223
0.960650988795331,0.683772002125823,16,1,785643223
0.877010843939654,0.497338404371476,16,1,785643223
0.380158346798631,0.332553303475448,16,1,785643223
0.744234569209991,0.68519109377609,16,1,785643223
0.719095064626618,0.244554425498834,16,1,785643223
0.417082184534919,0.373487557675324,16,1,785643223
0.989590673684371,0.51230242222584,16,1,785643223
0.317347160141491,0.528951398808542,16,1,785643223
0.0649607900343603,0.570706875729214,16,1,785643223
0.990351481936909,0.372409503237019,16,1,785643223
0.633634062533786,0.0590451790788598,16,1,785643223
0.644026943447104,0.689676159089831,16,1,785643223
0.968954388052165,0.271540953139677,16,1,785643223
0.891707777739775,0.613009640772106,16,1,785643223
0.7564629169114,0.298441818430692,16,1,785643223
0.164446606209574,0.602865553576024,16,1,785643223
0.331736616460331,0.253258172838825,16,1,785643223
0.350229331261558,0.136576929531834,16,1,785643223
0.227377809178953,0.947370902263234,16,1,785643223
0.0400126873045785,0.578470805180446,16,1,785643223
0.311352376904259,0.393326368976342,16,1,785643223
0.793605860987793,0.39089715920344,16,1,785643223
0.0470492092379351,0.916110923546418,16,1,785643223
0.806091562066571,0.756328563661895,16,1,785643223
0.364092801551283,0.353601688980993,16,1,785643223
0.398356084232459,0.322791188128942,16,1,785643223
0.797956423774428,0.726528509723065,16,1,785643223
0.702977287007915,0.685791273124908,16,1,785643223
0.505401415217583,0.012622250051332,16,1,785643223
0.00971228403503677,0.238947831237586,16,1,785643223
0.728798125662468,0.434464029599249,16,1,785643223
0.0781889560398021,0.50746948787571,16,1,785643223
0.982336467214696,0.850982842775083,16,1,785643223
0.3872574063348,0.994941679151756,16,1,785643223
0.590647528211046,0.76948425524088,16,1,785643223
0.589011578622679,0.950836815945675,16,1,785643223
0.174357403266207,0.244801412111558,16,1,785643223
0.689123720721182,0.910449097466549,16,1,785643223
0.948305834212368,0.430804722314936,16,1,785643223
0.38277563987583,0.288652235137571,16,1,785643223
0.660867678620163,0.176587328214168,16,1,785643223
0.11158690918236,0.182872393753841,16,1,785643223
0.420923476086482,0.709038223993806,16,1,785643223
0.12374924934849,0.655941601566638,16,1,785643223
0.382667927575238,0.299783279398524,16,1,785643223
0.664126909808224,0.949336578804805,16,1,785643223
0.102135572108724,0.408205807390261,16,1,785643223
0.376903588216932,0.00891142599426464,16,1,785643223
0.600765549753781,0.496400225456209,16,1,785643223
0.890969922946441,0.873118317809876,16,1,785643223
0.0313732746053086,0.922982692353667,16,1,785643223
0.199520310060209,0.805612482695823,16,1,785643223
0.13482509610621,0.777084033996779,16,1,785643223
0.84744587708809,0.454441360040414,16,1,785643223
0.817066339678451,0.733576940867065,16,1,785643223
0.740530703157368,0.399743436565735,16,1,785643223
0.428961639019282,0.512091276027184,16,1,785643223
0.556188481484953,0.587742617200584,16,1,785643223
0.957131474083448,0.365828073118915,16,1,785643223
0.505933703418668,0.769899258936412,16,1,785643223
0.556518935197431,0.415250409257179,16,1,785643223
0.254689769056411,0.0456008460294748,16,1,785643223
0.168646124719701,0.189616405259081,16,1,785643223
0.00287340240812384,0.449019812575721,16,1,785643223
0.496540891774816,0.089280599005257,16,1,785643223
0.852290606804402,0.0434016338499563,16,1,785643223
0.318303512123549,0.0951519238911205,16,1,785643223
0.851562789361885,0.378214029738247,16,1,785643223
0.899916979328953,0.494390681677284,16,1,785643223
0.586586662447079,0.0531017963896048,16,1,785643223
0.0221859066544661,0.236050167949451,16,1,785643223
0.924213184590404,0.167177604346135,16,1,785643223
0.0286728361649984,0.233016442684209,16,1,785643223
0.383759164400456,0.791724317264907,16,1,785643223
0.918265735487518,0.979899818110313,16,1,785643223
0.698859299976585,0.538671517725846,16,1,785643223
0.350754143801924,0.0378615909468307,16,1,785643223
0.484437762630068,0.934966951374171,16,1,785643223
0.549316758619343,0.0637567259866394,16,1,785643223
0.759662765127265,0.336281023283921,16,1,785643223
0.0760859584990214,0.931545279039975,16,1,785643223
0.291945970783529,0.974436830309517,16,1,785643223
0.173289832487274,0.779948499486222,16,1,785643223
0.00413922301953207,0.704397950806397,16,1,785643223
0.413099032021558,0.093214122394919,16,1,785643223
0.872883419542233,0.429503868365892,16,1,785643223
0.865952355790922,0.76471020259889,16,1,785643223
0.0853068465187825,0.750015432796395,16,1,785643223
0.837463517351515,0.0196289076294685,16,1,785643223
0.334506152554116,0.580617069877595,16,1,785643223
0.57492827042494,0.378128373685825,16,1,785643223
0.479285706142226,0.368658167861041,16,1,785643223
0.819249105661976,0.742442239111854,16,1,785643223
0.796770291730278,0.0597057950992366,16,1,785643223
0.0155123936559349,0.974238261070937,16,1,785643223
0.914977060375011,0.792556656653034,16,1,785643223
0.0256990217052704,0.859463007529459,16,1,785643223
0.271224394382713,0.868414544245312,16,1,785643223
0.743516288885482,0.5158720898709,16,1,785643223
0.387151288835811,0.497174053276221,16,1,785643223
0.476033863013785,0.605332695542693,16,1,785643223
0.225986135547149,0.134363768923074,16,1,785643223
0.648491476128084,0.744088992491198,16,1,785643223
0.702896495266415,0.00217365170237027,16,1,785643223
0.958289933612152,0.125755729989397,16,1,785643223
0.863673558948052,0.938955881148802,16,1,785643223
0.214101898598467,0.670177140338875,16,1,785643223
0.507573676233283,0.801127759283496,16,1,785643223
0.0110726027959984,0.385695959125777,16,1,785643223
0.350467407409512,0.990278016222062,16,1,785643223
0.0176403742691997,0.941506721084372,16,1,785643223
0.60907650509266,0.00426534749790974,16,1,785643223
0.657789883878811,0.668518172312976,16,1,785643223
0.251205228829089,0.459407109206615,16,1,785643223
0.00636809591526011,0.997558924838135,16,1,785643223
0.961889849343017,0.605708467247415,16,1,785643223
0.521685680086077,0.259747779648305,16,1,785643223
0.717327240493284,0.61775281314572,16,1,785643223
0.888221169147513,0.38353500054596,16,1,785643223
0.59115059388284,0.247897823157943,16,1,785643223
0.952356004956425,0.34805923472631,16,1,785643223
0.494944007906845,0.562934506732631,16,1,785643223
0.402684168580729,0.526976136604461,16,1,785643223
0.378733370586581,0.233474981027333,16,1,785643223
0.00986848263315476,0.396302191919092,16,1,785643223
0.00885206121895799,0.282652372142139,16,1,785643223
0.00858283318559683,0.309810217497164,16,1,785643223
0.318052995647469,0.909627696534087,16,1,785643223
0.00726606434284527,0.651734307231532,16,1,785643223
0.83595301777132,0.493607468967679,16,1,785643223
0.024651346551134,0.430532666962536,16,1,785643223
0.666744630284176,0.307685173094593,16,1,785643223
0.845065411626656,0.39894854525452,16,1,785643223
0.548665722425361,0.940558378521382,16,1,785643223
0.632092953636278,0.899615862299181,16,1,785643223
0.179869114804708,0.43879283356609,16,1,785643223
0.653567837379076,0.425577780261897,16,1,785643223
0.962098805374466,0.153084439867169,16,1,785643223
0.264746473886058,0.524582642589103,16,1,785643223
0.53632977608353,0.748352216495484,16,1,785643223
0.869547196968566,0.263384385278486,16,1,785643223
0.997621474222913,0.0665763128848731,16,1,785643223
0.549967460282987,0.358753382478992,16,1,785643223
0.178318774872238,0.310687114748574,16,1,785643223
0.839983249598229,0.612408994604845,16,1,785643223
0.920425422416828,0.696894699292625,16,1,785643223
0.0751046363270875,0.700648825571536,16,1,785643223
0.767783744592642,0.527618275146945,16,1,785643223
0.52453233359436,0.709845938019676,16,1,785643223
0.0599890523111415,0.377902862137995,16,1,785643223
0.597079773418446,0.936604733248004,16,1,785643223
0.402394924466076,0.792433357084558,16,1,785643223
0.479514737089048,0.643338946276787,16,1,785643223
0.56237435292838,0.0234810522690412,16,1,785643223
0.802403776251252,0.262983675469706,16,1,785643223
0.233216058825965,0.810934264400319,16,1,785643223
0.059553248640305,0.347681536580732,16,1,785643223
0.365095268047354,0.518276546109178,16,1,785643223
0.963349288563084,0.365345510004617,16,1,785643223
0.248622838373674,0.0216527892062768,16,1,785643223
0.515775758952488,0.425412595287326,16,1,785643223
0.933483665127852,0.663769888430118,16,1,785643223
0.309657362864466,0.867679349285735,16,1,785643223
0.0601301566690524,0.927958088127529,16,1,785643223
0.0752332767622805,0.630689701798166,16,1,785643223
0.00373028333543801,0.436339600690127,16,1,785643223
0.139096232667919,0.311173223839847,16,1,785643223
0.405012843207589,0.351119807197563,16,1,785643223
0.363575309987241,0.25762076311061,16,1,785643223
0.0155389503397267,0.271806303309083,16,1,785643223
0.872963628785443,0.878515581483011,16,1,785643223
0.491451183392071,0.177960567713878,16,1,785643223
0.611658951311091,0.155782275465927,16,1,785643223
0.783022238399946,0.47595134025606,16,1,785643223
0.820511415515013,0.333849358845783,16,1,785643223
0.331215211026873,0.917971504994687,16,1,785643223
0.315587112312846,0.717515923855853,16,1,785643223
0.227090700546882,0.0962484515541862,16,1,785643223
0.952004315890046,0.629850241170347,16,1,785643223
0.203768088242361,0.846337785351691,16,1,785643223
0.597318239638664,0.0437919504623896,16,1,785643223
0.0152520144402375,0.267594430624685,16,1,785643223
0.292554853112653,0.372195411984985,16,1,785643223
0.382048516692479,0.18822137202654,16,1,785643223
0.583968445676811,0.086640154762895,16,1,785643223
0.905276826372491,0.156970936594404,16,1,785643223
0.411451404676387,0.344592881183782,16,1,785643223
0.144782198467308,0.651497938326682,16,1,785643223
0.923185706544416,0.923744258884783,16,1,785643223
0.0326829906599899,0.989039940551389,16,1,785643223
0.880623041410801,0.284846806253618,16,1,785643223
0.0341203286257201,0.782085148341943,16,1,785643223
0.6502421285759,0.497465704564531,16,1,785643223
0.026860920380396,0.914228964917374,16,1,785643223
0.675939842945809,0.207244579263478,16,1,785643223
0.0173749922142505,0.864228417996012,16,1,785643223
0.243146623474401,0.368926420300258,16,1,785643223
0.997289134416641,0.817236386052241,16,1,785643223
0.445135254043058,0.483678754722293,16,1,785643223
0.0288479659892413,0.394103407014479,16,1,785643223
0.495744551073745,0.887773085150066,16,1,785643223
0.901228143235978,0.626436624993223,16,1,785643223
0.575582657284731,0.466189103487408,16,1,785643223
0.477826537607442,0.377610191880731,16,1,785643223
0.281698279037053,0.278609721494911,16,1,785643223
0.466142383711571,0.516302948042482,16,1,785643223
0.42125610376269,0.282269216095154,16,1,785643223
0.759803616762869,0.787205474306902,16,1,785643223
0.21842250965578,0.410875151191932,16,1,785643223
0.163583557046721,0.213455033349251,16,1,785643223
0.470271958314685,0.945874284456508,16,1,785643223
0.937454797766436,0.00646394281477658,16,1,785643223
0.809068442535003,0.333833488152496,16,1,785643223
0.935319307272641,0.152992151064254,16,1,785643223
0.755117522325851,0.571304304238766,16,1,785643223
0.624278013717497,0.256448604778657,16,1,785643223
0.742486458903622,0.788989490099524,16,1,785643223
0.798886639470294,0.674121345515574,16,1,785643223
0.388427790240911,0.344137886179004,16,1,785643223
0.308939975347046,0.674969051983753,16,1,785643223
0.0552499519447318,0.21940625182343,16,1,785643223
0.905523646804419,0.58681089872106,16,1,785643223
0.818369641702578,0.33375885907236,16,1,785643223
0.845190830997361,0.549344961133809,16,1,785643223
0.751609250948136,0.660029838036536,16,1,785643223
0.85583007523597,0.387660099764494,16,1,785643223
0.60036060933851,0.079054524011607,16,1,785643223
0.011640714148391,0.972074673273764,16,1,785643223
0.853087169154668,0.682768400338817,16,1,785643223
0.881376705943428,0.0442914978317885,16,1,785643223
0.152887035967935,0.478775244888132,16,1,785643223
0.492554595990258,0.0793244994021285,16,1,785643223
0.397532571202517,0.105323084317251,16,1,785643223
0.97002681562473,0.209044881885944,16,1,785643223
0.777631941613935,0.810658810692517,16,1,785643223
0.223355767775608,0.942013546615033,16,1,785643223
0.751907256833571,0.209022443936277,16,1,785643223
0.888768428672315,0.0314084645648771,16,1,785643223
0.409295243759395,0.491650909830971,16,1,785643223
0.239867935279689,0.018907932499018,16,1,785643223
0.666929052472519,0.0307383620241439,16,1,785643223
0.801643544472134,0.624288921360653,16,1,785643223
0.187685839640163,0.737304320424692,16,1,785643223
0.546005834081132,0.661676474464775,16,1,785643223
0.299104035878678,0.438901262049838,16,1,785643223
0.989953631434749,0.891318253821859,16,1,785643223
0.355999491383053,0.362282819357217,16,1,785643223
0.545793948419413,0.420993360930675,16,1,785643223
0.296636367476803,0.43066928386218,16,1,785643223
0.544136418268757,0.889569013062874,16,1,785643223
0.942561123152181,0.784208233371245,16,1,785643223
0.990464037097802,0.604440880622866,16,1,785643223
0.829863736705172,0.357198871322348,16,1,785643223
0.22456444099899,0.975785713345183,16,1,785643223
0.808222541912716,0.670518027286551,16,1,785643223
0.0226873149267521,0.361273183625447,16,1,785643223
0.884960227006299,0.76498463334614,16,1,785643223
0.891482066671148,0.531284614538211,16,1,785643223
0.0510385483406495,0.46628763687072,16,1,785643223
0.754492146766495,0.736411246652045,16,1,785643223
0.116950589495636,0.975641051979735,16,1,785643223
0.983630156534574,0.261948576430526,16,1,785643223
0.589388214274464,0.534176139226405,16,1,785643223
0.140881303321538,0.701744541760983,16,1,785643223
0.239387756789712,0.329714464626808,16,1,785643223
0.969199375868129,0.650293506117133,16,1,785643223
0.438929296794811,0.967499599074008,16,1,785643223
0.500167283438556,0.590298358036706,16,1,785643223
0.210234765164172,0.971376719228943,16,1,785643223
0.658175189873524,0.920634286327369,16,1,785643223
0.465664058006317,0.273877820883619,16,1,785643223
0.905513022136163,0.815219565193548,16,1,785643223
0.53166293888977,0.32095933707014,16,1,785643223
0.704546957138936,0.987575522596083,16,1,785643223
0.328619123404867,0.636394040614337,16,1,785643223
0.626752166694496,0.795899013027125,16,1,785643223
0.339321785967321,0.125426808404906,16,1,785643223
0.995047201494965,0.695616025540576,16,1,785643223
0.802350594700815,0.845691661947157,16,1,785643223
0.242389262754564,0.169577405927613,16,1,785643223
0.491846510788325,0.437338237068221,16,1,785643223
0.617391303208074,0.318270009314787,16,1,785643223
0.561588745530765,0.635828880986879,16,1,785643223
0.473052392629004,0.967730995413666,16,1,785643223
0.269586183123679,0.0731696475227908,16,1,785643223
0.0958492921997849,0.409805802787176,16,1,785643223
0.867681477422708,0.130439424434936,16,1,785643223
0.923002620764978,0.280018115827144,16,1,785643223
0.926631967326847,0.559501734316301,16,1,785643223
0.943743844617297,0.765954786293132,16,1,785643223
0.204846336883477,0.727583590645217,16,1,785643223
0.760232880692463,0.522566310991331,16,1,785643223
0.960530453462846,0.821818663525347,16,1,785643223
0.912664744598706,0.297588781073149,16,1,785643223
0.712315813228384,0.170602590226697,16,1,785643223
0.398505800157465,0.602912708287173,16,1,785643223
0.0729498718366051,0.489739717931459,16,1,785643223
0.14400259246272,0.68732487839047,16,1,785643223
0.98996951138081,0.464858295479815,16,1,785643223
0.622083110291952,0.299377854158595,16,1,785643223
0.277707348241522,0.872641140961761,16,1,785643223
0.32448777937683,0.489601757717251,16,1,785643223
0.41613578331761,0.310267976984654,16,1,785643223
0.357044523253339,0.345906305821957,16,1,785643223
0.599595082552661,0.899718482646767,16,1,785643223
0.127699466993308,0.883694175667431,16,1,785643223
0.281538633483373,0.802825517207232,16,1,785643223
0.564870891065193,0.927514287224533,16,1,785643223
0.0568524546394951,0.869333495739765,16,1,785643223
0.299807199296088,0.3524602330092,16,1,785643223
0.956030351950649,0.172743031012861,16,1,785643223
0.931121465736533,0.857409859331876,16,1,785643223
0.221751581207163,0.472209505590016,16,1,785643223
0.889943281456837,0.111399795811253,16,1,785643223
0.703891259861232,0.482666635845959,16,1,785643223
0.225588699917865,0.0531408845715577,16,1,785643223
0.860939174207632,0.59420404805799,16,1,785643223
0.900121565073283,0.215895534565759,16,1,785643223
0.442681923736314,0.0913331585944155,16,1,785643223
0.551765681886208,0.130895332968584,16,1,785643223
0.417465188819394,0.380122732168453,16,1,785643223
0.121211662409376,0.467158269636265,16,1,785643223
0.400506380278493,0.63806069626823,16,1,785643223
0.777487439437988,0.323053519341097,16,1,785643223
0.920228652868198,0.852301085396121,16,1,785643223
0.119013672714376,0.0131568378748463,16,1,785643223
0.397478206813347,0.50658431398788,16,1,785643223
0.210821405971809,0.465431930171536,16,1,785643223
0.544358814622082,0.223088251282031,16,1,785643223
0.405895050573209,0.909792036663118,16,1,785643223
0.699470466403201,0.108661308171143,16,1,785643223
0.863001368614185,0.575796984358437,16,1,785643223
0.854540615623727,0.167488804634381,16,1,785643223
0.735476135125119,0.471938943736957,16,1,785643223
0.378551694606423,0.29537396306229,16,1,785643223
0.991766417479123,0.801207429569346,16,1,785643223
0.0455905349476051,0.0443420204740295,16,1,785643223
0.160786891775153,0.35231864995504,16,1,785643223
0.381022165658655,0.639784770585344,16,1,785643223
0.625797061826725,0.725094307450726,16,1,785643223
0.274808517428273,0.0251322014130251,16,1,785643223
0.48330180053223,0.220539481753512,16,1,785643223
0.848248191215807,0.338441006799348,16,1,785643223
0.703973100828811,0.589863101488489,16,1,785643223
0.856837263825913,0.169022547363522,16,1,785643223
0.0357863954460047,0.6046010227338,16,1,785643223
0.509507529150786,0.332360061115084,16,1,785643223
0.694972272763979,0.708369596360678,16,1,785643223
0.493341566122282,0.626785327844182,16,1,785643223
0.725656682036245,0.115829290884047,16,1,785643223
0.431031132022902,0.626120537014546,16,1,785643223
0.923841567113841,0.162310443138168,16,1,785643223
0.121088992289881,0.999930941381335,16,1,785643223
0.919937398072911,0.247479557680952,16,1,785643223
0.306772873562432,0.422440420387592,16,1,785643223
0.63034952598868,0.0621081169393367,16,1,785643223
0.916421295292866,0.432505542216892,16,1,785643223
0.650918417929458,0.299824592948927,16,1,785643223
0.150055301232468,0.63959627091971,16,1,785643223
0.768843211007367,0.172581465029716,16,1,785643223
0.491708892354284,0.911832043893368,16,1,785643223
0.998528110244148,0.0038665198745127,16,1,785643223
0.947477741681165,0.485648739951893,16,1,785643223
0.547138040568785,0.57062882299524,16,1,785643223
0.344109045015976,0.916647436582085,16,1,785643223
0.641191364784338,0.805055438773121,16,1,785643223
0.440516330586555,0.821079818047368,16,1,785643223
0.877839264133136,0.0448137598046641,16,1,785643223
0.140277871657967,0.911405362072152,16,1,785643223
0.601244432225389,0.927843292085265,16,1,785643223
0.687999869952868,0.619275056852753,16,1,785643223
0.840426063091731,0.760027485702729,16,1,785643223
0.935598853432998,0.597670807164939,16,1,785643223
0.593424633810585,0.0775713033715659,16,1,785643223
0.60738650499978,0.899809717581469,16,1,785643223
0.861754602129716,0.384943158352507,16,1,785643223
0.403861204514111,0.00728437122296111,16,1,785643223
0.695322766190726,0.0253684140931867,16,1,785643223
0.506125522483626,0.786344668662357,16,1,785643223
0.0558116651488838,0.724685795090863,16,1,785643223
0.794146089950802,0.386914419350057,16,1,785643223
0.351346112639097,0.00132422498495366,16,1,785643223
0.935397186202347,0.0726121815491529,16,1,785643223
0.850590410718417,0.530657193238742,16,1,785643223
0.297290496197614,0.839379805543901,16,1,785643223
0.710802013024395,0.703552862308295,16,1,785643223
0.538096455368899,0.82391520524795,16,1,785643223
0.681581665060269,0.616716232554091,16,1,785643223
0.884764332552904,0.839778959564314,16,1,785643223
0.880074127993245,0.798365052180013,16,1,785643223
0.27132409111611,0.310256761931543,16,1,785643223
0.0181691252464611,0.743431826097641,16,1,785643223
0.348905237329387,0.0953963315610844,16,1,785643223
0.0557719356207189,0.888705841458086,16,1,785643223
0.175476029797811,0.614053353162838,16,1,785643223
0.957863039073893,0.684731540578917,16,1,785643223
0.217893484735384,0.153316409246854,16,1,785643223
0.625294172428381,0.648616827746202,16,1,785643223
0.0153350972887205,0.625503557836063,16,1,785643223
0.10489213172547,0.336371921252899,16,1,785643223
0.870073759342572,0.896286441224481,16,1,785643223
0.207267694059897,0.582630054532654,16,1,785643223
0.733848674283345,0.970701371219644,16,1,785643223
0.651234415123118,0.0476407856013186,16,1,785643223
0.345665336359169,0.592302372011853,16,1,785643223
0.991225582519161,0.682739797517094,16,1,785643223
0.54265616909139,0.465184663459206,16,1,785643223
0.242405882912472,0.601948877695689,16,1,785643223
0.0931100357565477,0.682051983710356,16,1,785643223
0.807734237281175,0.588491988054789,16,1,785643223
0.235093746908075,0.607268640136929,16,1,785643223
0.504811907551327,0.422516872344392,16,1,785643223
0.783641410037176,0.724704853135724,16,1,785643223
0.652464161352324,0.699018838918511,16,1,785643223
0.737092120207826,0.559733011796201,16,1,785643223
0.234243590789101,0.434044492584381,16,1,785643223
0.39746676895351,0.249986341755113,16,1,785643223
0.945351799386434,0.386643214520139,16,1,785643223
0.0589255423646078,0.214629756395032,16,1,785643223
0.326080358070948,0.429389625229726,16,1,785643223
0.89964171632289,0.99427767895439,16,1,785643223
0.141479515346433,0.17535599443852,16,1,785643223
0.276630326592184,0.965187933066157,16,1,785643223
0.391737679331608,0.1433979759445,16,1,785643223
0.193372119880252,0.846869035355676,16,1,785643223
0.791741996855398,0.280704783296043,16,1,785643223
0.335182471348025,0.425802536936498,16,1,785643223
0.991138868063582,0.130173139812775,16,1,785643223
0.330197246202586,0.545298358412994,16,1,785643223
0.879786324274659,0.886905831533516,16,1,785643223
0.340049904591539,0.961129652961815,16,1,785643223
0.482334015133088,0.130186829354877,16,1,785643223
0.269017857976354,0.0978650529481921,16,1,785643223
0.892561280198345,0.413901933701474,16,1,785643223
0.331426213052396,0.097055294974826,16,1,785643223
0.374582851274556,0.361155369934089,16,1,785643223
0.0893752024722554,0.146272884197926,16,1,785643223
0.605420568063636,0.281870446901042,16,1,785643223
0.638266843676623,0.480984400729956,16,1,785643223
0.41226480352695,0.699988854165136,16,1,785643223
0.379028959534392,0.235266672825563,16,1,785643223
0.95105602682846,0.445803565040976,16,1,785643223
0.78098730044965,0.426837616300589,16,1,785643223
0.318737776440248,0.918193124177042,16,1,785643223
0.0656049404136749,0.431926353318672,16,1,785643223
0.661198827188845,0.401962497155787,16,1,785643223
0.836461391238295,0.272918812900469,16,1,785643223
0.0207257841596604,0.690356828206794,16,1,785643223
0.540025356792229,0.550119047615331,16,1,785643223
0.732677875297813,0.0430180490336289,16,1,785643223
0.39738851933169,0.281343095508293,16,1,785643223
0.915800015819926,0.999917777490365,16,1,785643223
0.955103581275593,0.431176750876789,16,1,785643223
0.0683032696258303,0.0663081490193473,16,1,785643223
0.201940190263524,0.864136890561096,16,1,785643223
0.339163346365617,0.155119114585538,16,1,785643223
0.682446267181359,0.206961631046097,16,1,785643223
0.170713498164236,0.339345106222215,16,1,785643223
0.871597243292427,0.132752109172022,16,1,785643223
0.663652993331306,0.628900185357799,16,1,785643223
0.191284213100854,0.490217947945472,16,1,785643223
0.350424128310138,0.310223309982177,16,1,785643223
0.913454045376622,0.515513483904917,16,1,785643223
0.826503028265308,0.854930274027504,16,1,785643223
0.410359429580568,0.661175265449397,16,1,785643223
0.806443526299153,0.347392226768314,16,1,785643223
0.868497487891183,0.387638437614893,16,1,785643223
0.665667451066027,0.60638013898779,16,1,785643223
0.338640082953213,0.00991458953733604,16,1,785643223
0.78233905991045,0.587809313032043,16,1,785643223
0.415898623073532,0.0419862304781016,16,1,785643223
0.500488564436166,0.0389885281494942,16,1,785643223
0.397875817473799,0.372932330016562,16,1,785643223
0.31118280468424,0.443306939739354,16,1,785643223
0.412155338130463,0.960778100827021,16,1,785643223
0.560139223976639,0.506784969508169,16,1,785643223
0.877216613552499,0.856407806467987,16,1,785643223
0.70647151251894,0.997970480362394,16,1,785643223
0.821291549101141,0.167035338298577,16,1,785643223
0.358256217321386,0.932690134076287,16,1,785643223
0.218275004279944,0.558428825356635,16,1,785643223
0.651204761647207,0.467545394415684,16,1,785643223
0.269925940591299,0.830860726662597,16,1,785643223
0.876310042242467,0.0322184274143273,16,1,785643223
0.384503850662103,0.333539155793364,16,1,785643223
0.796065472227301,0.0903096817121301,16,1,785643223
0.355791231978206,0.796448254574083,16,1,785643223
0.688912714947222,0.451017212259153,16,1,785643223
0.715652574552052,0.765273096087278,16,1,785643223
0.306791444574146,0.440692379698656,16,1,785643223
0.812231904515122,0.932456027331476,16,1,785643223
0.708285158866577,0.640274156690004,16,1,785643223
0.168494297831978,0.555705563211659,16,1,785643223
0.0265284964882826,0.871705312931109,16,1,785643223
0.134767399556718,0.770718779465935,16,1,785643223
0.901634742931138,0.645492687487361,16,1,785643223
0.134926485918193,0.104810358690099,16,1,785643223
0.597845455204597,0.798600256779719,16,1,785643223
0.416558617295314,0.163774922326413,16,1,785643223
0.311561816143068,0.627572107896007,16,1,785643223
0.0812595028403953,0.999693623605347,16,1,785643223
0.198107451747682,0.431815813545269,16,1,785643223
0.18975534388474,0.476345285801805,16,1,785643223
0.654555258126548,0.243867816452781,16,1,785643223
0.154765266112464,0.121167338966889,16,1,785643223
0.86137105608126,0.615486936277972,16,1,785643223
0.717809530088348,0.870474257724744,16,1,785643223
0.60127357142645,0.776250589786768,16,1,785643223
0.884313617235406,0.966219678671909,16,1,785643223
0.704917091022314,0.779843511002956,16,1,785643223
0.574998423027868,0.815689211180763,16,1,785643223
0.403498221956586,0.312301607662635,16,1,785643223
0.842315757047724,0.3829818143268,16,1,785643223
0.841229779394209,0.260620192413389,16,1,785643223
0.450090335056574,0.997431484975954,16,1,785643223
0.942572658171583,0.68076705285495,16,1,785643223
0.0627944965148499,0.320906944685452,16,1,785643223
0.890587448694477,0.58106636421075,16,1,785643223
0.338497559989825,0.380354186363448,16,1,785643223
0.926342249057818,0.793015052477046,16,1,785643223
0.450602189235647,0.930789688177676,16,1,785643223
0.897091514612172,0.212225151910008,16,1,785643223
0.535480238405435,0.112360031136345,16,1,785643223
0.23790292468632,0.975195964692533,16,1,785643223
0.164875599087067,0.0883879013356745,16,1,785643223
0.493574986272225,0.584404829539373,16,1,785643223
0.558003426948904,0.712340191108217,16,1,785643223
0.912453455558179,0.698684008140318,16,1,785643223
0.578798378519214,0.170783922656096,16,1,785643223
0.321909769372608,0.361468250795278,16,1,785643223
0.580242053066271,0.186101910166914,16,1,785643223
0.0243340886491756,0.56642330450701,16,1,785643223
0.394597852437192,0.492291627226054,16,1,785643223
0.544248643013673,0.26136291599834,16,1,785643223
0.936730533165254,0.985938308510335,16,1,785643223
0.544910257245819,0.691238547144293,16,1,785643223
0.0762685028894154,0.682577671017544,16,1,785643223
0.287169481698549,0.69586873957464,16,1,785643223
0.337301987534377,0.0266668394820986,16,1,785643223
0.225188415200026,0.652121454219983,16,1,785643223
0.86737627424661,0.717919561149887,16,1,785643223
0.7300111666439,0.693553789512859,16,1,785643223
0.629737431265994,0.816579271198622,16,1,785643223
0.188326812197594,0.63688925797815,16,1,785643223
0.982095933262142,0.152690130604746,16,1,785643223
0.545651744346788,0.763564373037846,16,1,785643223
0.0937018787937913,0.67348884233577,16,1,785643223
0.531182025833475,0.720143824688638,16,1,785643223
0.816677271823247,0.58968001823276,16,1,785643223
0.66022686542875,0.32855558386772,16,1,785643223
0.441403253137881,0.55877189656849,16,1,785643223
0.671919278362189,0.963087317181402,16,1,785643223
0.169242481227729,0.516680816459685,16,1,785643223
0.369365907137427,0.629758100795833,16,1,785643223
0.967485058458271,0.0135212207824873,16,1,785643223
0.467324841423546,0.0706407909505469,16,1,785643223
0.613161110839022,0.47012615096181,16,1,785643223
0.904437280760176,0.623741511746759,16,1,785643223
0.563144777348601,0.961433521811321,16,1,785643223
0.892708252954309,0.901374698538797,16,1,785643223
0.128322691838055,0.00986823952612337,16,1,785643223
0.883281772918262,0.384284484547642,16,1,785643223
0.479434937440752,0.0119687097341252,16,1,785643223
0.587923889049016,0.818994621004179,16,1,785643223
0.0935951863500577,0.727899626808888,16,1,785643223
0.451003020948726,0.203013381708672,16,1,785643223
0.253612986814418,0.947132181998333,16,1,785643223
0.121595017654455,0.809423547725368,16,1,785643223
0.20672513574228,0.854912195165997,16,1,785643223
0.486465204456057,0.0475389830057793,16,1,785643223
0.813161807252325,0.565659583813915,16,1,785643223
0.517913226404024,0.229714881242496,16,1,785643223
0.466916134004944,0.880966269748754,16,1,785643223
0.00576579725740523,0.400333909237333,16,1,785643223
0.431334065276149,0.0837131307562569,16,1,785643223
0.0373567713310221,0.160215799948826,16,1,785643223
0.149823649297453,0.167073046762977,16,1,785643223
0.241887427893898,0.565715819620694,16,1,785643223
0.196049029379076,0.182387606626632,16,1,785643223
0.879371195093286,0.455717581824598,16,1,785643223
0.410453370467421,0.478004091594842,16,1,785643223
0.580800354527831,0.238078368149526,16,1,785643223
0.102797549082545,0.740364854812903,16,1,785643223
0.906364044637663,0.775576766666372,16,1,785643223
0.932066692021866,0.488444331714166,16,1,785643223
0.0776037305067048,0.267118772257319,16,1,785643223
0.0739122461111794,0.524804519895782,16,1,785643223
0.696813352527094,0.681821288111001,16,1,785643223
0.67122165063537,0.522245424130133,16,1,785643223
0.471774792924901,0.984073363103033,16,1,785643223
0.727388067562721,0.316588761281406,16,1,785643223
0.944625590515886,0.240610835738183,16,1,785643223
0.0460857579444924,0.74871196463604,16,1,785643223
0.0874872933314683,0.551969447121887,16,1,785643223
0.147165069987496,0.477427170995552,16,1,785643223
0.249623873847089,0.855292879388954,16,1,785643223
0.282560517413477,0.287207925215011,16,1,785643223
0.297522411024559,0.488777146682094,16,1,785643223
0.211428401478973,0.700915921447465,16,1,785643223
0.999659420437615,0.119397561181784,16,1,785643223
0.865156993239481,0.735566142215978,16,1,785643223
0.164226366558731,0.128449036005574,16,1,785643223
0.0530619146037319,0.740900118795705,16,1,785643223
0.577611209306336,0.677589276417526,16,1,785643223
0.205309868587039,0.986410667190945,16,1,785643223
0.0039640442654949,0.914987307792419,16,1,785643223
0.70781571296763,0.00903040484559359,16,1,785643223
0.46574166786215,0.649618929263307,16,1,785643223
0.162975599494119,0.276187434206051,16,1,785643223
0.732534355560811,0.744026931089878,16,1,785643223
0.822192884929953,0.616713559802636,16,1,785643223
0.517049681577047,0.721037002929549,16,1,785643223
0.286584107649786,0.929518789719451,16,1,785643223
0.305033210681085,0.129689316373322,16,1,785643223
0.0815323818341902,0.112261421073104,16,1,785643223
0.129004994894681,0.0552107624451468,16,1,785643223
0.0167885033261799,0.528866255478727,16,1,785643223
0.119192148186786,0.874217379754884,16,1,785643223
0.599751602328372,0.866388253082931,16,1,785643223
0.643919947219288,0.300255714949615,16,1,785643223
0.277667038722754,0.19768863669542,16,1,785643223
0.792101702406428,0.261800192632478,16,1,785643223
0.266380361668163,0.34621830259958,16,1,785643223
0.34686966556078,0.293091087950891,16,1,785643223
0.354288297195735,0.550362210228131,16,1,785643223
0.511317455555726,0.366016747685157,16,1,785643223
0.291887183889419,0.760361567977525,16,1,785643223
0.69491005260455,0.3643535834027,16,1,785643223
0.473126624542989,0.134067544868453,16,1,785643223
0.720818137955332,0.986058220708418,16,1,785643223
0.665586311936304,0.65169680922736,16,1,785643223
0.699345628476883,0.807227946953121,16,1,785643223
0.418055142608952,0.785458709244801,16,1,785643223
0.0973344699286409,0.561897645490294,16,1,785643223
0.868203146148645,0.102917898081448,16,1,785643223
0.95859034016822,0.561266694817355,16,1,785643223
0.334517738504617,0.965179327596406,16,1,785643223
0.835301298247855,0.519150939892588,16,1,785643223
0.38740209088744,0.412305078489291,16,1,785643223
0.707364285630543,0.480804466201252,16,1,785643223
0.532310745878577,0.537029899204822,16,1,785643223
0.676941169356605,0.144799494139422,16,1,785643223
0.801263788139083,0.0913122554371126,16,1,785643223
0.0183307130893295,0.0649159462100855,16,1,785643223
0.00934612894322662,0.578617306114941,16,1,785643223
0.696883565677578,0.204147220803747,16,1,785643223
0.593080401320747,0.881370823401621,16,1,785643223
0.823460535694482,0.147422073109024,16,1,785643223
0.172964314539794,0.263877476063344,16,1,785643223
0.573530141192784,0.493014697248732,16,1,785643223
0.818545589330651,0.663151049738013,16,1,785643223
0.633309268784125,0.585195692804829,16,1,785643223
0.765397356867247,0.960743972790573,16,1,785643223
0.745799664076347,0.003328971892814,16,1,785643223
0.47975638224797,0.7241816041302,16,1,785643223
0.894643598017675,0.11798203990726,16,1,785643223
0.471722827511183,0.646576209880478,16,1,785643223
0.359197905094104,0.732059014739081,16,1,785643223
0.0405368152712382,0.644980991425864,16,1,785643223
0.397077424183279,0.562612806374399,16,1,785643223
0.294842007033259,0.218131827895694,16,1,785643223
0.497032316286788,0.440059440173508,16,1,785643223
0.500321534730355,0.438622514881575,16,1,785643223
0.584009828054445,0.225249228646132,16,1,785643223
0.185583232617866,0.849008290046401,16,1,785643223
0.24935839175089,0.255173957876745,16,1,785643223
0.93184317838983,0.748022628945298,16,1,785643223
0.531917734329734,0.441684939813067,16,1,785643223
0.116669186885436,0.555796956926858,16,1,785643223
0.65692647138457,0.747724314270971,16,1,785643223
0.338356024459739,0.9931298418087,16,1,785643223
0.67217383982196,0.997016635074053,16,1,785643223
0.92348115710363,0.45685059052305,16,1,785643223
0.399380096000093,0.769983020290481,16,1,785643223
0.0666620268956148,0.614860386003644,16,1,785643223
0.700899824317471,0.731670426751772,16,1,785643223
0.387942014464818,0.837255899477588,16,1,785643223
0.525890868584011,0.531879488727947,16,1,785643223
0.749673219584837,0.240965708936034,16,1,785643223
0.547601728992463,0.282110827953202,16,1,785643223
0.743845449591547,0.770548616073528,16,1,785643223
0.789996925328249,0.293287529306933,16,1,785643223
0.892138434054401,0.352278064390582,16,1,785643223
0.812473514247157,0.561994264557293,16,1,785643223
0.426867960894163,0.485293402935222,16,1,785643223
0.932266360289976,0.458519132452325,16,1,785643223
0.928040364973966,0.650474444044131,16,1,785643223
0.824924341807749,0.452623967871579,16,1,785643223
0.406430513528115,0.563389919394632,16,1,785643223
0.666480023634375,0.347767651033408,16,1,785643223
0.655540613868409,0.538772259165257,16,1,785643223
0.0226964724987293,0.566688490879784,16,1,785643223
0.0941107117565911,0.152951390622302,16,1,785643223
0.487628900921293,0.780914153166963,16,1,785643223
0.0784290970622843,0.510481558978803,16,1,785643223
0.708992981130965,0.461977809471272,16,1,785643223
0.634684355524504,0.457991281804935,16,1,785643223
0.707243737925613,0.397262505999186,16,1,785643223
0.906296270120745,0.90034829794982,16,1,785643223
0.842011017329691,0.903500898257766,16,1,785643223
0.154826653858575,0.669513303370407,16,1,785643223
0.281966700101421,0.00267925188735418,16,1,785643223
0.897020077381528,0.352196246582831,16,1,785643223
0.264743940733895,0.242045472906955,16,1,785643223
0.00426760400024317,0.210255794427297,16,1,785643223
0.0217976634707835,0.655368567673163,16,1,785643223
0.186171418963646,0.866973461856751,16,1,785643223
0.40259536967504,0.847495233655779,16,1,785643223
0.565522275070076,0.991150460486343,16,1,785643223
0.696012188342035,0.301127111780004,16,1,785643223
0.14661536555717,0.678632359074353,16,1,785643223
0.513524112400612,0.648613933583246,16,1,785643223
0.992055307885579,0.703299075465721,16,1,785643223
0.350559345075143,0.123179843752791,16,1,785643223
0.654349719223931,0.342746791130148,16,1,785643223
0.178021953680473,0.832641811421214,16,1,785643223
0.996285221982066,0.228686533873898,16,1,785643223
0.728979147439138,0.528966443488714,16,1,785643223
0.612466277125151,0.27944043646059,16,1,785643223
0.264107465964876,0.266835300658424,16,1,785643223
0.283628162983505,0.921886090097802,16,1,785643223
0.31086080362731,0.44539867467504,16,1,785643223
0.142853454395538,0.248477946800642,16,1,785643223
0.182686247606727,0.740197320389482,16,1,785643223
0.72736255648735,0.482561899714802,16,1,785643223
0.320505947183601,0.958806561638967,16,1,785643223
4.45971134448442E-05,0.339899217317486,16,1,785643223
0.368461109401371,0.834688315611555,16,1,785643223
0.107421666659825,0.49436232932963,16,1,785643223
0.338134757069961,0.666674843922151,16,1,785643223
0.548490400156286,0.40441597390554,16,1,785643223
0.938962876849104,0.806479717794099,16,1,785643223
0.229216237832711,0.281065377527187,16,1,785643223
0.0279372017477479,0.271815896718977,16,1,785643223
0.208206105027754,0.264924142632436,16,1,785643223
0.644147461494117,0.385686428605587,16,1,785643223
0.219901091221302,0.717834040826306,16,1,785643223
0.777525433330339,0.0547540119317327,16,1,785643223
0.652940256764092,0.351084511813409,16,1,785643223
0.580966651291974,0.33890200597695,16,1,785643223
0.184163705466885,0.546634865457928,16,1,785643223
0.338887287153159,0.603398475376558,16,1,785643223
0.964611342705218,0.930970459715701,16,1,785643223
0.0248648584376667,0.639829077369099,16,1,785643223
0.253550034205663,0.991913604316701,16,1,785643223
0.797766509039591,0.465566163865004,16,1,785643223
0.812953313157128,0.00700352029587403,16,1,785643223
0.247890029340786,0.75701869652379,16,1,785643223
0.958177263441081,0.69830369648442,16,1,785643223
0.986467426343096,0.837809462181022,16,1,785643223
0.312920594808887,0.349629313172957,16,1,785643223
0.794947848003826,0.752289313353958,16,1,785643223
0.820689801514363,0.787698394093387,16,1,785643223
0.491801176476395,0.999906967176419,16,1,785643223
0.238323538383872,0.699683957086032,16,1,785643223
0.863528126656877,0.243994625737403,16,1,785643223
0.567134908229533,0.561434471583922,16,1,785643223
0.415839817805789,0.682385500547697,16,1,785643223
0.329021683112452,0.359612121231069,16,1,785643223
0.639400084410159,0.562745426118383,16,1,785643223
0.595506735731687,0.732921205576134,16,1,785643223
0.854110100582853,0.169328500174632,16,1,785643223
0.351757278331738,0.0746815806074181,16,1,785643223
0.349720744930935,0.506042717110803,16,1,785643223
0.280236853703989,0.899530800416533,16,1,785643223
0.107587880127711,0.0230905686482989,16,1,785643223
0.224156396932921,0.230795411660927,16,1,785643223
0.568166502584421,0.63897839114683,16,1,785643223
0.786308999653675,0.814282359014338,16,1,785643223
0.984214582566223,0.8507679551873,16,1,785643223
0.333657061802,0.415965705196749,16,1,785643223
0.246305102295116,0.304523253139581,16,1,785643223
0.462662750401322,0.312101640113983,16,1,785643223
0.261579974398992,0.550100113724466,16,1,785643223
0.646632938384033,0.794069954428553,16,1,785643223
0.738586940595847,0.0289762199357071,16,1,785643223
0.0736292571227182,0.973557277421926,16,1,785643223
0.748899761160111,0.149777726440514,16,1,785643223
0.617095783249526,0.544994454185165,16,1,785643223
0.685535246148014,0.444685196089673,16,1,785643223
0.0773400304664245,0.745670413050029,16,1,785643223
0.0468242403296162,0.522744724808169,16,1,785643223
0.0353516161955914,0.21203966234961,16,1,785643223
0.383238962417503,0.772261658922899,16,1,785643223
0.963662005125531,0.778249928807386,16,1,785643223
0.633177981175861,0.3962709243774,16,1,785643223
0.796053648974459,0.926191245916705,16,1,785643223
0.155816319798027,0.355710097391573,16,1,785643223
0.967329339076242,0.475862854168462,16,1,785643223
0.65212465806355,0.858337233005562,16,1,785643223
0.103453831418732,0.465005826963604,16,1,785643223
0.824835981717492,0.833555468718583,16,1,785643223
0.149712958794762,0.787190229956463,16,1,785643223
0.676419588861987,0.0375692547963542,16,1,785643223
