0.0864610760709381,0.0786195830636629,16,1,785643223
0.221596778112782,0.349396505869046,16,1,785643223
0.227338951933659,0.276987278768085,16,1,785643223
0.900575946509942,0.701520648015723,16,1,785643223
0.806998188446851,0.000759029904693342,16,1,785643223
0.817350661818901,0.747694715618887,16,1,785643223
0.673803980594068,0.0153741095375253,16,1,785643223
0.485976535589091,0.636138889674395,16,1,785643223
0.671557132994582,0.786531021190417,16,1,785643223
0.68220532973775,0.318906524713406,16,1,785643223
0.559484438231436,0.904796993000053,16,1,785643223
0.662208843757655,0.552788196524673,16,1,785643223
0.773415646352078,0.981672673645201,16,1,785643223
0.675896195583979,0.690063076212779,16,1,785643223
0.608961190154063,0.395194301800635,16,1,785643223
0.125574355452013,0.928571774015198,16,1,785643223
0.753741542923609,0.240153311672591,16,1,785643223
0.607303532538109,0.128918579711807,16,1,785643223
0.279016200761873,0.534988875119404,16,1,785643223
0.324250987954843,0.641944063612526,16,1,785643223
0.703990481773316,0.0775244241180877,16,1,785643223
0.90106577238971,0.937500435702507,16,1,785643223
0.518628296504565,0.227342468414467,16,1,785643223
0.342354915389727,0.474785466141066,16,1,785643223
0.666468261883311,0.106220343538714,16,1,785643223
0.048682369234208,0.543418393674987,16,1,785643223
0.0105106835346671,0.860092727221314,16,1,785643223
0.0973990019543134,0.46201984213939,16,1,785643223
0.534034194196405,0.504600601286307,16,1,785643223
0.358560986900293,0.00470654028898609,16,1,785643223
0.172278378521182,0.516352206123659,16,1,785643223
0.495600853564969,0.243158520418243,16,1,785643223
0.332456661675038,0.285981388007824,16,1,785643223
0.323915655251982,0.766725809954192,16,1,785643223
0.58641437520323,0.490033262820285,16,1,785643223
0.677432437382872,0.237492326867712,16,1,785643223
0.160707895107762,0.0143225137421037,16,1,785643223
0.998292607796711,0.190327382419843,16,1,785643223
0.270391313545765,0.788753305586787,16,1,785643223
0.107980996142643,0.907304976660715,16,1,785643223
0.701679478070279,0.793334889946284,16,1,785643223
0.703278726422308,0.473902036764045,16,1,785643223
0.515508022552332,0.241404754939432,16,1,785643223
0.976654561078519,0.401862486937416,16,1,785643223
0.595193125833104,0.72421443671768,16,1,785643223
0.718975307419269,0.565305246434509,16,1,785643223
0.711254759732871,0.338748025758822,16,1,785643223
0.867221943796983,0.919560644070154,16,1,785643223
0.417652810645653,0.38917629324911,16,1,785643223
0.821908808643489,0.0382752297439994,16,1,785643223
0.521728845700287,0.651205063327895,16,1,785643223
0.207669390997869,0.988172300248887,16,1,785643223
0.346949816395341,0.45731094997195,16,1,785643223
0.757813667725452,0.68128479457985,16,1,785643223
0.834644903324279,0.92970805181109,16,1,785643223
0.556715288343852,0.44903435141104,16,1,785643223
0.528753906780347,0.410503021130674,16,1,785643223
0.932676658202241,0.533107868202765,16,1,785643223
0.444945594482852,0.155175298286269,16,1,785643223
0.431026256156829,0.836129698850533,16,1,785643223
0.891147781723685,0.0898594650813171,16,1,785643223
0.694881835141231,0.116061550720063,16,1,785643223
0.129735651220018,0.779634338204619,16,1,785643223
0.156881596126294,0.644122597497272,16,1,785643223
0.015847132035165,0.963951211406184,16,1,785643223
0.174313048830387,0.344630956255056,16,1,785643223
0.327969107007434,0.766842393560668,16,1,785643223
0.431512411296946,0.613324295967985,16,1,785643223
0.247608783719446,0.403820732161962,16,1,785643223
0.0554727847356036,0.641549016061881,16,1,785643223
0.532975549831387,0.954345917441305,16,1,785643223
0.893117311224325,0.2490968224165,16,1,785643223
0.373800881107284,0.101132092057481,16,1,785643223
0.863723767487232,0.579392094681961,16,1,785643223
0.221105261050965,0.819547558602773,16,1,785643223
0.135795582671051,0.966404802739549,16,1,785643223
0.864585495440576,0.837606660876163,16,1,785643223
0.493427533653532,0.252273953678734,16,1,785643223
0.533978054083591,0.280546365260522,16,1,785643223
0.15914877712409,0.513467726933392,16,1,785643223
0.465736229235857,0.487568005983086,16,1,785643223
0.870979499646864,0.0904830115147188,16,1,785643223
0.160690327266457,0.0894549980374455,16,1,785643223
0.402821737537992,0.244114724646097,16,1,785643223
0.713315020199245,0.45228607194557,16,1,785643223
0.878164549658967,0.162022183648713,16,1,785643223
0.127651647546206,0.774093662929869,16,1,785643223
0.426361506151721,0.9688441901981,16,1,785643223
0.431487461167056,0.250870722894741,16,1,785643223
0.0484580742669261,0.243065581377069,16,1,785643223
0.125088810566351,0.139392638454429,16,1,785643223
0.251201362291708,0.954089764579158,16,1,785643223
0.598052400010509,0.818084462456543,16,1,785643223
0.803542409668586,0.335183018098523,16,1,785643223
0.0791376710938687,0.647759893208925,16,1,785643223
0.231618107101668,0.135262787957593,16,1,785643223
0.341091270455918,0.137415006966377,16,1,785643223
0.224839671208377,0.398427515873196,16,1,785643223
0.48230820628381,0.762161023706301,16,1,785643223
0.625692211538378,0.885717566775469,16,1,785643223
0.301725617895517,0.0351818196001412,16,1,785643223
0.624030411218407,0.256080590089189,16,1,785643223
0.178592824459419,0.0997822233265415,16,1,785643223
0.0229032649558132,0.526856082065676,16,1,785643223
0.943505255166891,0.0806059609086296,16,1,785643223
0.466469215352271,0.571793405022301,16,1,785643223
0.545182959279959,0.340107593879146,16,1,785643223
0.268987883792669,0.808852693072617,16,1,785643223
0.93993682081656,0.826379727945032,16,1,785643223
0.508091282349318,0.403843504730705,16,1,785643223
0.35707905959471,0.216479204933459,16,1,785643223
0.465878578865229,0.58632708331492,16,1,785643223
0.215937401808654,0.29578519047076,16,1,785643223
0.904619474438939,0.360491881567453,16,1,785643223
0.759339842656415,0.0458931826713558,16,1,785643223
0.800227834571798,0.220974468433599,16,1,785643223
0.878337828431762,0.427591257554657,16,1,785643223
0.911044283293273,0.786373456743982,16,1,785643223
0.517420893183036,0.349294742715872,16,1,785643223
0.0912900594851642,0.111753517002214,16,1,785643223
0.508241349398615,0.386746896734565,16,1,785643223
0.801932843392383,0.0970035625513272,16,1,785643223
0.93398980573858,0.693864143544385,16,1,785643223
0.0552274966656601,0.897366726088831,16,1,785643223
0.568444370725705,0.995908540890698,16,1,785643223
0.446718366360179,0.924189224300274,16,1,785643223
0.400366523368862,0.0569307599209332,16,1,785643223
0.387002448696808,0.612293581995339,16,1,785643223
0.199680555653444,0.954845066962016,16,1,785643223
0.454802486384797,0.554794362326121,16,1,785643223
0.872937851486882,0.822924087710728,16,1,785643223
0.996952473336342,0.444909082630294,16,1,785643223
0.0294442042671275,0.433726676857954,16,1,785643223
0.762556529367746,0.794723135750116,16,1,785643223
0.0147334366520901,0.433842218595171,16,1,785643223
0.185892850538846,0.0275160053986616,16,1,785643223
6.00563278132515E-05,0.551586372965335,16,1,785643223
0.159928575237639,0.224598429912731,16,1,785643223
0.714657590016431,0.428417285359147,16,1,785643223
0.181822856755001,0.025847825690553,16,1,785643223
0.16548415271245,0.11531179603406,16,1,785643223
0.809530731890985,0.137311453317747,17,1,652132542
0.90214583752093,0.0338954400992169,17,1,652132542
0.273018462971106,0.67433055275914,17,1,652132542
0.63256160290147,0.838774052296678,17,1,652132542
0.473303116036399,0.729893540486764,17,1,652132542
0.546533848572838,0.693299858522108,17,1,652132542
0.470775209514515,0.586849367393419,17,1,652132542
0.455168646844115,0.880548357782221,17,1,652132542
0.00241087559995212,0.96397251221966,17,1,652132542
0.915433587698031,0.266468399192187,17,1,652132542
0.135931899179241,0.337105151135236,17,1,652132542
0.0350454456985636,0.244450920982947,17,1,652132542
0.868961479358053,0.793881119876239,17,1,652132542
0.00551183988787196,0.913123635969786,17,1,652132542
0.0180143597961708,0.870011148532202,17,1,652132542
0.855941589393187,0.528568248618025,17,1,652132542
0.0862176120923079,0.820137691432573,17,1,652132542
0.541265936940396,0.88235314465757,17,1,652132542
0.0352411483153432,0.077201191112926,17,1,652132542
0.677804656786122,0.0323633860808181,17,1,652132542
0.997613573901145,0.675562964066959,17,1,652132542
0.148705022980059,0.536546859095438,17,1,652132542
0.675584756030995,0.855399323117426,17,1,652132542
0.219974906547088,0.262602640295503,17,1,652132542
0.963193854897784,0.716956391170381,17,1,652132542
0.696908698970099,0.743540690570652,17,1,652132542
0.0418624225053863,0.145332322014972,17,1,652132542
0.397732643881716,0.715604413288433,17,1,652132542
0.229820075213157,0.0794940102270711,17,1,652132542
0.152651925335973,0.241291730366725,17,1,652132542
0.0653852333673752,0.278414891611532,17,1,652132542
0.576257860563439,0.202202631617042,17,1,652132542
0.541607480523602,0.971135791614558,17,1,652132542
0.715785741823465,0.31542757241037,17,1,652132542
0.515573477986345,0.0871760691532222,17,1,652132542
0.127173431456601,0.792678556794005,17,1,652132542
0.153809098627162,0.656091818142092,17,1,652132542
0.795624892037201,0.00909341370516792,17,1,652132542
0.301452893320325,0.202997297043654,17,1,652132542
0.305646446879118,0.809193194367836,17,1,652132542
0.324909476925236,0.0345416151299371,17,1,652132542
0.163277010398448,0.0228397806266747,17,1,652132542
0.427437213668908,0.118894075050092,17,1,652132542
0.896327630005217,0.661072400836791,17,1,652132542
0.6324682517399,0.731656142383974,17,1,652132542
0.185066647162092,0.527840616703476,17,1,652132542
0.66542385276867,0.321122943564901,17,1,652132542
0.587643869885217,0.940214977706242,17,1,652132542
0.114351323071764,0.658343254673481,17,1,652132542
0.177331285508709,0.612590136072348,17,1,652132542
0.140527178285184,0.832751220632861,17,1,652132542
0.958080475130831,0.868639779362032,17,1,652132542
0.0494380881284695,0.6466351476951,17,1,652132542
0.765830402043022,0.200200469751199,17,1,652132542
0.436287803429215,0.276784476755269,17,1,652132542
0.463610402316875,0.717614357841962,17,1,652132542
0.895616099980287,0.99105067339088,17,1,652132542
0.97109165766017,0.246492579007273,17,1,652132542
0.976488944245317,0.179435320401182,17,1,652132542
0.136912664376084,0.896247212560431,17,1,652132542
0.195335438499258,0.111398581191079,17,1,652132542
0.759603935145211,0.00358270750254253,17,1,652132542
0.126071103325302,0.594676597580769,17,1,652132542
0.138991768947316,0.963616242016435,17,1,652132542
0.230632383615141,0.206136419287985,17,1,652132542
0.518590087656262,0.335384045325416,17,1,652132542
0.0520331306425892,0.216069069385758,17,1,652132542
0.639763153322107,0.97383431729761,17,1,652132542
0.129884481086217,0.189782533555831,17,1,652132542
0.0585222287740919,0.974981824626778,17,1,652132542
0.821322702697475,0.567934884379399,17,1,652132542
0.777875262544661,0.860278246476137,17,1,652132542
0.93005063625067,0.929047777391439,17,1,652132542
0.690333835226086,0.605024360258548,17,1,652132542
0.992142196095276,0.365472071147549,17,1,652132542
0.148899480843374,0.65706447721313,17,1,652132542
0.339156950332163,0.352873358448382,17,1,652132542
0.627663335384212,0.628214862152342,17,1,652132542
0.118647983304726,0.13650643035308,17,1,652132542
0.74062374867891,0.35742423381565,17,1,652132542
0.110894062030455,0.812910460078106,17,1,652132542
0.997561338294031,0.032269449872671,17,1,652132542
0.46510561386315,0.672261098789843,17,1,652132542
0.390059122689651,0.542742691767586,17,1,652132542
0.422855498492026,0.270821898554451,17,1,652132542
0.559589142131297,0.22426162969958,17,1,652132542
0.38456622034229,0.0210799670050479,17,1,652132542
0.807734479664707,0.0761522778985144,17,1,652132542
0.808093097183101,0.0556976467975794,17,1,652132542
0.549547420079614,0.957807997632711,17,1,652132542
0.677750261884698,0.919534901180727,17,1,652132542
0.948100476494219,0.211970690711375,17,1,652132542
0.182405994247072,0.152667521394656,17,1,652132542
0.676329385438067,0.741591648303493,17,1,652132542
0.418349740917186,0.285988272911105,17,1,652132542
0.170140375797083,0.352952602517813,17,1,652132542
0.468208855458166,0.523776372022854,17,1,652132542
0.302649848458902,0.34544525838971,17,1,652132542
0.169545525721939,0.297492791516043,17,1,652132542
0.457238635862656,0.341729482272482,17,1,652132542
0.8910169037025,0.972302066350102,17,1,652132542
0.193628014564076,0.371279257297775,17,1,652132542
4.80230594737119E-05,0.0479875516506114,17,1,652132542
0.631927900823033,0.570845414106197,17,1,652132542
0.410050943637788,0.109266434239336,17,1,652132542
0.372027884326174,0.453013025416117,17,1,652132542
0.995906220301777,0.00259075471617543,17,1,652132542
0.087828018979816,0.852932263128468,17,1,652132542
0.635312729780666,0.111840875138711,17,1,652132542
0.31090561682138,0.825630334986713,17,1,652132542
0.0576984849819464,0.155804632636079,17,1,652132542
0.286199646306124,0.393166036771703,17,1,652132542
0.0511354976605665,0.243130434603286,17,1,652132542
0.37645414866154,0.0265182533455208,17,1,652132542
0.484164128765993,0.7948094360403,17,1,652132542
0.424897014602192,0.336739862174331,17,1,652132542
0.122672188006732,0.0237820703407099,17,1,652132542
0.63132219855615,0.403351103218853,17,1,652132542
0.995421496274125,0.705936505287569,17,1,652132542
0.983956440575661,0.226343777524212,17,1,652132542
0.718105923337641,0.770384282636711,17,1,652132542
0.220714219180487,0.790128342835398,17,1,652132542
0.143685312195504,0.593911933158461,17,1,652132542
0.947008719963646,0.39054982284556,17,1,652132542
0.015850931784084,0.474553383173003,17,1,652132542
0.10246390418748,0.539926380106511,17,1,652132542
0.17932129648368,0.583328490620484,17,1,652132542
0.803626410153033,0.724192203776063,17,1,652132542
0.500377141895264,0.947597346185938,17,1,652132542
0.495967883107356,0.482848198827837,17,1,652132542
0.396112180260297,0.40178319692746,17,1,652132542
0.717214756188564,0.896763925592269,17,1,652132542
0.159397184180473,0.717930995000591,17,1,652132542
0.117833691719225,0.971032657633673,17,1,652132542
0.0571318132280751,0.0495108773638582,17,1,652132542
0.430933081030545,0.684736403731306,17,1,652132542
0.825645391535141,0.998378052589664,17,1,652132542
0.475103004370407,0.0819736484986049,17,1,652132542
0.711027299290519,0.662953529114366,17,1,652132542
0.332024046443974,0.841513135029813,17,1,652132542
0.0326603516774109,0.270943502533933,17,1,652132542
0.169958025040559,0.0488745849539907,17,1,652132542
0.515132885803244,0.440524500790779,17,1,652132542
0.975658285902903,0.653669307296341,17,1,652132542
0.226557406852402,0.148825252115321,17,1,652132542
0.321054189933457,0.9648850456918,17,1,652132542
0.540559881514826,0.855724853098445,17,1,652132542
0.196225345115111,0.357089140260596,17,1,652132542
0.364306895528555,0.905751313928622,17,1,652132542
0.803892246838063,0.0058140794464856,17,1,652132542
0.487082940487527,0.378470736502539,17,1,652132542
0.876455792019925,0.724882844029894,17,1,652132542
0.929400326491852,0.928067260561373,17,1,652132542
0.827064726570582,0.0250771814437698,17,1,652132542
0.167702460927182,0.542663665783672,17,1,652132542
0.0525358890542043,0.791657330325092,17,1,652132542
0.100573327044229,0.630728885705785,17,1,652132542
0.73614325725983,0.226398732660886,17,1,652132542
0.311290227437078,0.320915903950878,17,1,652132542
0.174973486856901,0.408565612250736,17,1,652132542
0.233140293807829,0.954396716427536,17,1,652132542
0.227290392785373,0.948253348950016,17,1,652132542
0.822890157391118,0.573848066330699,17,1,652132542
0.986923170084192,0.103741995388582,17,1,652132542
0.935509149642873,0.338053637726241,17,1,652132542
0.858442852449242,0.200162917962289,17,1,652132542
0.863855766992415,0.230896254455604,17,1,652132542
0.984460601151624,0.26549859914914,17,1,652132542
0.152343804482748,0.303333924803881,17,1,652132542
0.681212184788844,0.549599692943437,17,1,652132542
0.507647805121122,0.424602471535763,17,1,652132542
0.028475248047954,0.0184208823860379,17,1,652132542
0.0729263513582543,0.213461436237311,17,1,652132542
0.406146107238888,0.144004174544992,17,1,652132542
0.6270246230332,0.228730420388885,17,1,652132542
0.730814733613298,0.955203907542624,17,1,652132542
0.0670658060043308,0.635364040086336,17,1,652132542
0.130719695929731,0.598692074442426,17,1,652132542
0.883162654342151,0.871092269491418,17,1,652132542
0.0556701699693316,0.922670271558655,17,1,652132542
0.457231918499591,0.495740844979918,17,1,652132542
0.351051522506233,0.919177141619089,17,1,652132542
0.918228431535835,0.314566577972782,17,1,652132542
0.095282025276374,0.565495606487627,17,1,652132542
0.826741227536646,0.240923772518846,17,1,652132542
0.0243601762195658,0.118354467153764,17,1,652132542
0.993470573095602,0.672038040546062,17,1,652132542
0.606157194603174,0.819883328654623,17,1,652132542
0.709036313848775,0.768421239931524,17,1,652132542
0.937657978323604,0.834176137968424,17,1,652132542
0.999304025738121,0.32585469707322,17,1,652132542
0.303179116642307,0.676130470326785,17,1,652132542
0.271324734804537,0.803117937127979,17,1,652132542
0.997154725778984,0.735277346424611,17,1,652132542
0.19315407144822,0.151732575143475,17,1,652132542
0.363346416724299,0.0577118061196098,17,1,652132542
0.603106476188861,0.427188240005845,17,1,652132542
0.291726148437977,0.390804783061483,17,1,652132542
0.0502998930190126,0.70427031589757,17,1,652132542
0.201661486754091,0.76047938686433,17,1,652132542
0.883430881880014,0.663451376270047,17,1,652132542
0.0505380358087404,0.0728842185753928,17,1,652132542
0.268916318933323,0.685606775381143,17,1,652132542
0.333050863748517,0.786758666973471,17,1,652132542
0.504885737731989,0.518469257802333,17,1,652132542
0.673789701394998,0.993735648781303,17,1,652132542
0.658197992261429,0.770613738308776,17,1,652132542
0.938899873319421,0.578292662713658,17,1,652132542
0.914469014321394,0.140411927333167,17,1,652132542
0.338530267801316,0.388075357606694,17,1,652132542
0.518856990229033,0.153693570386547,17,1,652132542
0.689163200280025,0.407459456150022,17,1,652132542
0.469020747514358,0.714002909975881,17,1,652132542
0.0568538388628683,0.0797641140246805,17,1,652132542
0.870679206736739,0.195877205330771,17,1,652132542
0.973196213219473,0.911682762993568,17,1,652132542
0.0705562090505474,0.0885083062187557,17,1,652132542
0.563887630350113,0.425483159660749,17,1,652132542
0.571367793360989,0.300481128983901,17,1,652132542
0.652964349761224,0.295133807453621,17,1,652132542
0.780844312601044,0.741418561977004,17,1,652132542
0.225908293870754,0.649683992388432,17,1,652132542
0.12184285494997,0.104995363195408,17,1,652132542
0.233537819484314,0.413204456955226,17,1,652132542
0.746291704822968,0.732404048501102,17,1,652132542
0.933782932561426,0.87665271816353,17,1,652132542
0.226749600205309,0.83665506432961,17,1,652132542
0.549383225601149,0.995863078994526,17,1,652132542
0.574224047019414,0.487247084799949,17,1,652132542
0.189257586141436,0.634995185246837,17,1,652132542
0.57100643923639,0.353171586176528,17,1,652132542
0.776712629843122,0.5095793077841,17,1,652132542
0.0378610722205073,0.72643648822273,17,1,652132542
0.551193676348551,0.747736949842194,17,1,652132542
0.106730951403318,0.349610663526906,17,1,652132542
0.00371000644182762,0.445549087434969,17,1,652132542
0.430725662694141,0.41596949272889,17,1,652132542
0.0550349511378592,0.512051995641037,17,1,652132542
0.240755311476422,0.203413217308228,17,1,652132542
0.790255479375994,0.0212144643954915,17,1,652132542
0.758591325912527,0.408732152344583,17,1,652132542
0.271670238748774,0.167108432832375,17,1,652132542
0.516740263912205,0.273054893241235,17,1,652132542
0.953347567691849,0.654211048744047,17,1,652132542
0.118311936386344,0.631480637079203,17,1,652132542
0.245697394032162,0.740990022466174,17,1,652132542
0.633561198400393,0.738185388063653,17,1,652132542
0.235763277426601,0.559786164873341,17,1,652132542
0.253826563292573,0.8072107472185,17,1,652132542
0.0278031210412406,0.27329679056881,17,1,652132542
0.344338917170563,0.461691995489784,17,1,652132542
0.878629413452193,0.275378312652593,17,1,652132542
0.985635586523188,0.125110937926458,17,1,652132542
0.99593811821668,0.101520036028512,17,1,652132542
0.809637579997697,0.942449359947885,17,1,652132542
0.344154243129529,0.830835576830828,17,1,652132542
0.751669479200181,0.569717975495992,17,1,652132542
0.86408032281992,0.836904911465274,17,1,652132542
0.406593306531122,0.290290127444495,17,1,652132542
0.894018868641154,0.672181539145371,17,1,652132542
0.225012369034394,0.447840247867552,17,1,652132542
0.551886240007712,0.182667256389919,17,1,652132542
0.0201464114157366,0.657129338020237,17,1,652132542
0.0664175394263946,0.919293850011624,17,1,652132542
0.869078929334162,0.937340147414815,17,1,652132542
0.291978960534895,0.398608276319248,17,1,652132542
0.5245779597283,0.956896375103,17,1,652132542
0.842720775739484,0.116950325046225,17,1,652132542
0.283593210055801,0.543970167671095,17,1,652132542
0.475794717658906,0.626066778206938,17,1,652132542
0.00731514648921916,0.639864666801649,17,1,652132542
0.968855410828088,0.73846997969439,17,1,652132542
0.952610906130858,0.554038744251066,17,1,652132542
0.555455604074969,0.731935008563495,17,1,652132542
0.926191368438469,0.672063994604473,17,1,652132542
0.0966821294267506,0.715189362745558,17,1,652132542
0.861625219835986,0.668311251805922,17,1,652132542
0.349134728709977,0.908868384420751,17,1,652132542
0.773270676244281,0.394934662380424,17,1,652132542
0.439864705329144,0.397297395625614,17,1,652132542
0.900875509792331,0.957722889041521,17,1,652132542
0.613941551204311,0.581500803502368,17,1,652132542
0.545211833491436,0.844008896730756,17,1,652132542
0.3592497477383,0.72015739753465,17,1,652132542
0.556902334784229,0.630603136088615,17,1,652132542
0.740422457798826,0.335752706421615,17,1,652132542
0.829826841670604,0.88939901814329,17,1,652132542
0.135837306904339,0.720753508291338,17,1,652132542
0.0908130694619873,0.825084437839513,17,1,652132542
0.637141759363999,0.965656063927167,17,1,652132542
0.484469596023075,0.31097338446956,17,1,652132542
0.286566393492614,0.322990963671772,17,1,652132542
0.64436731139272,0.648039623968653,17,1,652132542
0.440213098723346,0.197946581499203,17,1,652132542
0.837865896688175,0.606888172603242,17,1,652132542
0.749988757810434,0.354982101148518,17,1,652132542
0.164324850741612,0.505933392044007,17,1,652132542
0.780953040880238,0.45331915225031,17,1,652132542
0.5805519646763,0.220672848535794,17,1,652132542
0.863544416231441,0.16255933738109,17,1,652132542
0.850078479558511,0.552061267471853,17,1,652132542
0.400640794793047,0.7311432453119,17,1,652132542
0.114118927472277,0.726746240763639,17,1,652132542
0.253864810379441,0.248766271099109,17,1,652132542
0.0320633596185527,0.579469591650686,17,1,652132542
0.827508494344588,0.824240315582435,17,1,652132542
0.319498814946245,0.154543376375471,17,1,652132542
0.0154832001436063,0.33667434631292,17,1,652132542
0.510790579424751,0.0113808960284159,17,1,652132542
0.897224829805707,0.936669801415022,17,1,652132542
0.674287745611499,0.122775238665294,17,1,652132542
0.648534508007123,0.485208197819562,17,1,652132542
0.718306119523789,0.367991058671285,17,1,652132542
0.022731402181221,0.58986801470587,17,1,652132542
0.494331029881357,0.415633086870425,17,1,652132542
0.54787652352399,0.685297394203611,17,1,652132542
0.623388385949548,0.145202742714548,17,1,652132542
0.134799109397958,0.421611866116419,17,1,652132542
0.508180610353073,0.226266911041835,17,1,652132542
0.392589532404378,0.861321355688868,17,1,652132542
0.211707714625411,0.0401919667933939,17,1,652132542
0.522944148062269,0.118519362383219,17,1,652132542
0.0954946622328723,0.569848197901406,17,1,652132542
0.278913736241437,0.012193765076365,17,1,652132542
0.61297411712078,0.81610772475192,17,1,652132542
0.958245760167041,0.53112072176385,17,1,652132542
0.950304401759859,0.917481254946526,17,1,652132542
0.779227551055759,0.980460571800691,17,1,652132542
0.280082024326566,0.933321705246412,17,1,652132542
0.674707538032402,0.025817148103676,17,1,652132542
0.300486833472504,0.0473359294586628,17,1,652132542
0.285661267083486,0.140360540156375,17,1,652132542
0.0509530283166093,0.406097358821903,17,1,652132542
0.420811170207005,0.867238232097272,17,1,652132542
0.295325453965186,0.568379065772164,17,1,652132542
0.218262873877044,0.449899290772461,17,1,652132542
0.0139039303824431,0.207735532351987,17,1,652132542
0.58215387488061,0.0123720213891705,17,1,652132542
0.645960376897236,0.360231921124391,17,1,652132542
0.994345237237341,0.930816984174664,17,1,652132542
0.652607509826991,0.571525883868374,17,1,652132542
0.810437001439501,0.184666636459176,17,1,652132542
0.514192698756069,0.182393215875511,17,1,652132542
0.648443773502063,0.287958239565616,17,1,652132542
0.655781354121303,0.0585976735973279,17,1,652132542
0.484242152738799,0.049829110150287,17,1,652132542
0.172156536671997,0.790329524233599,17,1,652132542
0.975800361015631,0.954513249189433,17,1,652132542
0.415216904022727,0.832845163645945,17,1,652132542
0.29910665743041,0.667354424966348,17,1,652132542
0.647807764731206,0.315773120311662,17,1,652132542
0.361965054482219,0.410181303223544,17,1,652132542
0.775852567488313,0.54135029567179,17,1,652132542
0.300224034598676,0.741903358565661,17,1,652132542
0.01051289282423,0.362804423076864,17,1,652132542
0.49125728671602,0.422664787131795,17,1,652132542
0.945801472792812,0.650924950991053,17,1,652132542
0.44189945925039,0.960578955184172,17,1,652132542
0.705055128891861,0.625635052665791,17,1,652132542
0.795146339616205,0.515245040524931,17,1,652132542
0.77356417681896,0.554184111843915,17,1,652132542
0.656056171067351,0.395779466885281,17,1,652132542
0.983375540847308,0.892775871659249,17,1,652132542
0.495776034128352,0.935854357549054,17,1,652132542
0.220661469711257,0.652548702297571,17,1,652132542
0.390245160105652,0.599689421038604,17,1,652132542
0.297171075688171,0.720525855859687,17,1,652132542
0.316824319462763,0.256157852721836,17,1,652132542
0.532103655249922,0.45165330172131,17,1,652132542
0.785796890208452,0.845584723551994,17,1,652132542
0.872058520395204,0.878894283576015,17,1,652132542
0.72848526420241,0.556035370705252,17,1,652132542
0.544718908211445,0.671897728147692,17,1,652132542
0.8268320808979,0.525183714803128,17,1,652132542
0.469798286618658,0.432712658291726,17,1,652132542
0.305116805965491,0.770456128842794,17,1,652132542
0.0882665013050969,0.85853111882707,17,1,652132542
0.307083897867384,0.451368642101241,17,1,652132542
0.356093194608137,0.416232412596075,17,1,652132542
0.676282183174355,0.361529532251337,17,1,652132542
0.49163057631328,0.739878997248124,17,1,652132542
0.374356454445068,0.565120286698795,17,1,652132542
0.813711348586246,0.329043607782256,17,1,652132542
0.531988497581585,0.408523519126618,17,1,652132542
0.23048014694472,0.421663359944561,17,1,652132542
0.697977207991513,0.488957303222056,17,1,652132542
0.328535774316652,0.076029483262319,17,1,652132542
0.774425408221713,0.960562915353905,17,1,652132542
0.481506786740077,0.859584264321013,17,1,652132542
0.749205350339492,0.0477878332705108,17,1,652132542
0.0603070435167425,0.133212698099966,17,1,652132542
0.968591949986493,0.694048421781063,17,1,652132542
0.256960107115095,0.137291353824808,17,1,652132542
0.70119063830448,0.842520771679229,17,1,652132542
0.488071399476174,0.357861902557149,17,1,652132542
0.085083926674878,0.670330026575975,17,1,652132542
0.488525876475179,0.941230188129546,17,1,652132542
0.876930805592502,0.726729769986899,17,1,652132542
0.861360708621169,0.0947352969468724,17,1,652132542
0.386966992110471,0.837579681576082,17,1,652132542
0.485876212508945,0.267689729409694,17,1,652132542
0.642990374340179,0.841879604278652,17,1,652132542
0.366027742129292,0.253619979744162,17,1,652132542
0.4387250090943,0.865142643242042,17,1,652132542
0.0947458896156901,0.813824803168083,17,1,652132542
0.635183004285642,0.609044392674866,17,1,652132542
0.470318075426299,0.932259714849625,17,1,652132542
0.283394332911723,0.884549473848478,17,1,652132542
0.279308875547764,0.0543743958761234,17,1,652132542
0.506708595112127,0.180948116479325,17,1,652132542
0.182873036259791,0.0726445881188598,17,1,652132542
0.252972733755202,0.150957810785077,17,1,652132542
0.944133180051555,0.0743348384609273,17,1,652132542
0.522008251919429,0.409675777173027,17,1,652132542
0.709955152930637,0.9485055358604,17,1,652132542
0.628355723775865,0.958688524687553,17,1,652132542
0.643090903830165,0.105931362414927,17,1,652132542
0.829384561471423,0.32224011979332,17,1,652132542
0.302862656732958,0.325262876894867,17,1,652132542
0.366164474082953,0.713363714450567,17,1,652132542
0.0305854880843981,0.820943526122676,17,1,652132542
0.990190678732333,0.256665561777608,17,1,652132542
0.948374982902082,0.193281121903218,17,1,652132542
0.212123924921799,0.255386226889858,17,1,652132542
0.767074641582741,0.119779967856705,17,1,652132542
0.132168804378301,0.843124548653842,17,1,652132542
0.701629945002026,0.0475886606951741,17,1,652132542
0.638173583899131,0.0829853487712353,17,1,652132542
0.665409727265241,0.876295383755163,17,1,652132542
0.678905778321778,0.486997591052733,17,1,652132542
0.0104935655385168,0.991583427174427,17,1,652132542
0.318065870749581,0.497308895145788,17,1,652132542
0.0658874326768348,0.876247457679419,17,1,652132542
0.0137456165200263,0.300754664283977,17,1,652132542
0.833475083974311,0.395591519939088,17,1,652132542
0.295656994098679,0.0254173887882496,17,1,652132542
0.877401737725032,0.752765920575241,17,1,652132542
0.328896144526359,0.359047172952976,17,1,652132542
0.321827897158072,0.41831387218936,17,1,652132542
0.925958937571298,0.196701387965694,17,1,652132542
0.25337044965174,0.780922834903463,17,1,652132542
0.371218526378666,0.0480958560997315,17,1,652132542
0.0925595914207777,0.997774639028873,17,1,652132542
0.0382574335639543,0.781434560019405,17,1,652132542
0.928473951878418,0.689434261660421,17,1,652132542
0.328189364367893,0.160093960230121,17,1,652132542
0.461963125615237,0.0400113629511609,17,1,652132542
0.762942437445563,0.44862055315008,17,1,652132542
0.162223935835321,0.856165645309375,17,1,652132542
0.721160209744826,0.205937602796421,17,1,652132542
0.160357562187479,0.728653336613132,17,1,652132542
0.126505718446192,0.816453431999522,17,1,652132542
0.625721491631152,0.220201267782296,17,1,652132542
0.531903371298547,0.791767671687647,17,1,652132542
0.739669657759769,0.876870835938822,17,1,652132542
0.246343327754055,0.104221407942399,17,1,652132542
0.415021897347874,0.768327578268614,17,1,652132542
0.215459659878801,0.452472232100931,17,1,652132542
0.0578682124693062,0.159213365572667,17,1,652132542
0.0709837733287573,0.600686928538527,17,1,652132542
0.486630000089985,0.966777794750404,17,1,652132542
0.436212405035129,0.399980907437035,17,1,652132542
0.955980095468171,0.925419224480836,17,1,652132542
0.519825042486771,0.64832123769308,17,1,652132542
0.743262538137423,0.588911885659259,17,1,652132542
0.827382256512258,0.973083350412163,17,1,652132542
0.762120603956241,0.460330412472028,17,1,652132542
0.711589827814084,0.481478060812974,17,1,652132542
0.470939175292503,0.562328988336737,17,1,652132542
0.965473409668265,0.360102988470323,17,1,652132542
0.529357727195259,0.425498133095411,17,1,652132542
0.167043236512579,0.532700313837929,17,1,652132542
0.608810899081904,0.845673756299752,17,1,652132542
0.374480177321963,0.932054968861194,17,1,652132542
0.642575327224561,0.729158276183735,17,1,652132542
0.277372844630787,0.583663100471651,17,1,652132542
0.0959629891045031,0.342768009695864,17,1,652132542
0.681602792882621,0.898323799785274,17,1,652132542
0.887048951851756,0.795411082500786,17,1,652132542
0.0978114287387666,0.650526186376032,17,1,652132542
0.561884259498129,0.364432596058596,17,1,652132542
0.468266243342418,0.822260166044524,17,1,652132542
0.722274723438506,0.000921705158423824,17,1,652132542
0.914951563288792,0.820785290978838,17,1,652132542
0.419292421577036,0.767009261568157,17,1,652132542
0.569753690541644,0.609977726648967,17,1,652132542
0.893625894963592,0.814492284179508,17,1,652132542
0.309109895960202,0.384509391183744,17,1,652132542
0.00153945819553858,0.208593519147978,17,1,652132542
0.21084839031118,0.0831162093564828,17,1,652132542
0.06917621390952,0.264093256358398,17,1,652132542
0.260035278019831,0.20886148048116,17,1,652132542
0.651140155229128,0.836378182699445,17,1,652132542
0.445846627950798,0.184709143623434,17,1,652132542
0.18697692643554,0.859076978866771,17,1,652132542
0.0731856930145089,0.0296528042443636,17,1,652132542
0.350446135865079,0.0784453951015878,17,1,652132542
0.320039399146222,0.165605199818966,17,1,652132542
0.952400973019249,0.316440662002035,17,1,652132542
0.0802600470260968,0.673245082540335,17,1,652132542
0.593661658593267,0.93831428256497,17,1,652132542
0.766574052838898,0.00583578203241064,17,1,652132542
0.976457027237799,0.401367665970961,17,1,652132542
0.000522394738745824,0.654570857611674,17,1,652132542
0.00704395267889035,0.298922164341932,17,1,652132542
0.643586875699053,0.851053852763519,17,1,652132542
0.7699080573803,0.349562942408735,17,1,652132542
0.394153424424722,0.323980172563776,17,1,652132542
0.158805711096004,0.742080681462411,17,1,652132542
0.567252902276556,0.0675011750324863,17,1,652132542
0.676212354273041,0.10369302922511,17,1,652132542
0.862728720433906,0.649008801969557,17,1,652132542
0.922410891065431,0.467617641904976,17,1,652132542
0.842384003469908,0.222953184724218,17,1,652132542
0.70761551298112,0.163576583171837,17,1,652132542
0.563311756535125,0.960386506066467,17,1,652132542
0.476384236296964,0.0215628497107874,17,1,652132542
0.531171696510211,0.487944174471737,17,1,652132542
0.384617697080772,0.0874986358795509,17,1,652132542
0.179407709064119,0.91275798609427,17,1,652132542
0.129708748183464,0.735704132550475,17,1,652132542
0.733655146015074,0.609117707751651,17,1,652132542
0.580166541146667,0.995283692381914,17,1,652132542
0.683725317831842,0.846171943213901,17,1,652132542
0.809570559276649,0.223128299779645,17,1,652132542
0.258318748446059,0.317845807248442,17,1,652132542
0.681162478311271,0.807872780807836,17,1,652132542
0.248491205254356,0.596345865498992,17,1,652132542
0.139923712189117,0.417449991380707,17,1,652132542
0.125835983296923,0.715055809869086,17,1,652132542
0.759708100880308,0.0692322366356024,17,1,652132542
0.283703534471938,0.273948863935928,17,1,652132542
0.53814813916594,0.931662901691511,17,1,652132542
0.863603322650497,0.24127204416553,17,1,652132542
0.114355833217413,0.0263522742125843,17,1,652132542
0.726311391098322,0.278899944562768,17,1,652132542
0.321561166547835,0.468187173829312,17,1,652132542
0.934679158188166,0.367072249869735,17,1,652132542
0.887409775960172,0.76638880067283,17,1,652132542
0.932884101732468,0.64726739875569,17,1,652132542
0.635966617851962,0.851008107735595,17,1,652132542
0.846999500345927,0.886096103546391,17,1,652132542
0.0759114205683495,0.36102594860204,17,1,652132542
0.100737878597954,0.401555579132367,17,1,652132542
0.338713147915645,0.213858266737013,17,1,652132542
0.171417060391995,0.980465506757844,17,1,652132542
0.239077024303189,0.203411728389979,17,1,652132542
0.871553424273987,0.096787456236213,17,1,652132542
0.27104821127304,0.132932336298027,17,1,652132542
0.837970509616712,0.905932354904266,17,1,652132542
0.751755633143112,0.124130754278095,17,1,652132542
0.555768872625047,0.349889604367495,17,1,652132542
0.696778172418494,0.691217109139098,17,1,652132542
0.516704921315882,0.669959358016103,17,1,652132542
0.547429361020126,0.530634526327646,17,1,652132542
0.955851364994809,0.626862846881964,17,1,652132542
0.38420639493456,0.747455066004354,17,1,652132542
0.936249448476533,0.770230251176314,17,1,652132542
0.595291581862199,0.457744796889667,17,1,652132542
0.416647131353088,0.304013601323303,17,1,652132542
0.337442015691964,0.378500596060706,17,1,652132542
0.343661413078849,0.725195353057539,17,1,652132542
0.230433263295702,0.0209786480686134,17,1,652132542
0.445957119098983,0.114445913764606,17,1,652132542
0.627162109498872,0.498905881280946,17,1,652132542
0.730300878699111,0.140222779188912,17,1,652132542
0.61010054976141,0.35423210447376,17,1,652132542
0.373732943869509,0.403002060557922,17,1,652132542
0.515791582115527,0.869776899889394,17,1,652132542
0.141155305580966,0.102482747248676,17,1,652132542
0.73039027613657,0.667914032116532,17,1,652132542
0.125238439476994,0.984272114450867,17,1,652132542
0.205413064306019,0.792991821014613,17,1,652132542
0.27520582790655,0.54616102795949,17,1,652132542
0.0324164446673993,0.639137995768701,17,1,652132542
0.123675750019179,0.147502588343827,17,1,652132542
0.87911253520268,0.17914954297946,17,1,652132542
0.930075526915991,0.544479320328423,17,1,652132542
0.812333394971462,0.967491789562501,17,1,652132542
0.676032218893813,0.730623161726942,17,1,652132542
0.0356309758186111,0.485585808447775,17,1,652132542
0.298917655569473,0.55722153785676,17,1,652132542
0.46653189365345,0.693870639735933,17,1,652132542
0.403098601747963,0.067683967867989,17,1,652132542
0.814438268514221,0.815956547826429,17,1,652132542
0.0789027456774001,0.310806729483016,17,1,652132542
0.704868847451109,0.260395342621258,17,1,652132542
0.149784691225507,0.2612007773576,17,1,652132542
0.110346251500257,0.434917997236223,17,1,652132542
0.933633266267488,0.452502560055703,17,1,652132542
0.777521350852479,0.511764001577847,17,1,652132542
0.522548360345899,0.830999220786578,17,1,652132542
0.34955005089593,0.535561390333836,17,1,652132542
0.570482353622191,0.243400175487574,17,1,652132542
0.760854025717102,0.903203976323613,17,1,652132542
0.0811961976112487,0.321212440653139,17,1,652132542
0.0833880779475686,0.688800007995654,17,1,652132542
0.0133870644915826,0.642889766724731,17,1,652132542
0.401323805645604,0.502285009605307,17,1,652132542
0.614775802340864,0.995089086084997,17,1,652132542
0.360000877409913,0.239595592381906,17,1,652132542
0.30801113006565,0.599199103271147,17,1,652132542
0.560679111987452,0.428981330965457,17,1,652132542
0.466701433212969,0.287620527709387,17,1,652132542
0.68033140505895,0.558775803433963,17,1,652132542
0.230166370555448,0.990159332636151,17,1,652132542
0.210854974774504,0.651029258930167,17,1,652132542
0.421204820314386,0.402203464311562,17,1,652132542
0.266686554489542,0.24696928994748,17,1,652132542
0.0128699312834535,0.323073669528522,17,1,652132542
0.82547014657779,0.541116876379995,17,1,652132542
0.277289886496892,0.76343993190016,17,1,652132542
0.867274255897039,0.0600744821258825,17,1,652132542
0.817274764679515,0.424014866797171,17,1,652132542
0.0779362825927903,0.881433466010891,17,1,652132542
0.243813730766054,0.149231645731168,17,1,652132542
0.522234349072008,0.690017906643861,17,1,652132542
0.247275258307697,0.146686565232913,17,1,652132542
0.964351939356647,0.743857005713826,17,1,652132542
0.815923249637133,0.345110058083093,17,1,652132542
0.790605027506246,0.367561978883057,17,1,652132542
0.933929609846193,0.994859720572689,17,1,652132542
0.18992433758718,0.000454609551541196,17,1,652132542
0.81170320856844,0.23052564337696,17,1,652132542
0.87543127130787,0.439723503869312,17,1,652132542
0.359124165249218,0.793172468795218,17,1,652132542
0.179262279163758,0.165975478850831,17,1,652132542
0.253868111275044,0.573859947805648,17,1,652132542
0.406670107235848,0.354854681557258,17,1,652132542
0.444797680265395,0.586929465343199,17,1,652132542
0.0902913099071825,0.600982284053337,17,1,652132542
0.61938569825187,0.32285788108158,17,1,652132542
0.646918401287984,0.12188663477373,17,1,652132542
0.842424212671963,0.942038960111841,17,1,652132542
0.111763688555986,0.823016478809149,17,1,652132542
0.0262459505177697,0.877131803089672,17,1,652132542
0.603324097140759,0.655770066917284,17,1,652132542
0.838025195453765,0.586545778465697,17,1,652132542
0.950364976147081,0.144616187953968,17,1,652132542
0.153286559520288,0.365648541483464,17,1,652132542
0.106236900325523,0.287785613446897,17,1,652132542
0.807978403536668,0.629953829849746,17,1,652132542
0.162170837646725,0.719992176919674,17,1,652132542
0.0588869203429339,0.819660182863261,17,1,652132542
0.474474797307022,0.816918544294228,17,1,652132542
0.135238921965523,0.232479338205295,17,1,652132542
0.897439262942081,0.042029322097987,17,1,652132542
0.133697431000098,0.130623780724483,17,1,652132542
0.8250190363749,0.215515723759612,17,1,652132542
0.647773171451672,0.990301016565273,17,1,652132542
0.788662376909133,0.649225981786846,17,1,652132542
0.593033362435676,0.260422114259441,17,1,652132542
0.266365377597969,0.798344285514909,17,1,652132542
0.670409112636516,0.232035682959021,17,1,652132542
0.124352126614145,0.31147161739448,17,1,652132542
0.311076480685611,0.197461832759684,17,1,652132542
0.363402075316841,0.589731333036882,17,1,652132542
0.923099529222061,0.222344967023008,17,1,652132542
0.635741599087795,0.323658613289126,17,1,652132542
0.47772709492726,0.101072825792546,17,1,652132542
0.610005531093412,0.578916957772516,17,1,652132542
0.170810923896348,0.869993870828445,17,1,652132542
0.236704405137075,0.624340956470143,17,1,652132542
0.953412221292679,0.162022024254152,17,1,652132542
0.348876727698592,0.567970046363833,17,1,652132542
0.456874646324841,0.15148881973823,17,1,652132542
0.461969257620905,0.110777563192445,17,1,652132542
0.0639334347295213,0.212284911862824,17,1,652132542
0.704274215621497,0.758081539123138,17,1,652132542
0.830211299196682,0.634597804293043,17,1,652132542
0.976533118317399,0.623091924023075,17,1,652132542
0.157829834210331,0.265178885310185,17,1,652132542
0.878382126827099,0.0110527060642189,17,1,652132542
0.761483992839938,0.975753802383419,17,1,652132542
0.814419235443991,0.924862927592779,17,1,652132542
0.999068872648365,0.0406143302192161,17,1,652132542
0.204633142765847,0.653641381152821,17,1,652132542
0.900103850678865,0.903880288107944,17,1,652132542
0.985174811250224,0.718701676556019,17,1,652132542
0.136269558515048,0.962194820981743,17,1,652132542
0.121249695535278,0.784631030574652,17,1,652132542
0.721384248882406,0.323687562259395,17,1,652132542
0.216095569793872,0.638486012726442,17,1,652132542
0.898128683672145,0.11192557833539,17,1,652132542
0.522880526884169,0.214560515515577,17,1,652132542
0.638330116394302,0.371604506582293,17,1,652132542
0.591778859951274,0.742258758380618,17,1,652132542
0.106013815161655,0.784788559119964,17,1,652132542
0.9409502123483,0.321597410193585,17,1,652132542
0.299942818450937,0.142505759571821,17,1,652132542
0.310128767708925,0.250005476991873,17,1,652132542
0.186104653722174,0.726396717480342,17,1,652132542
0.466640765491128,0.85621406931269,17,1,652132542
0.522409694674379,0.247938586100443,17,1,652132542
0.733513899498404,0.622524551158816,17,1,652132542
0.526721714209923,0.579331142309018,17,1,652132542
0.977335686292715,0.616285629203968,17,1,652132542
0.295044093026815,0.538945649974345,17,1,652132542
0.755198537099798,0.973161505744325,17,1,652132542
0.442549775307639,0.236878302006704,17,1,652132542
0.82395287269266,0.972397704844473,17,1,652132542
0.876481106609159,0.264715693995604,17,1,652132542
0.138856974581823,0.117311521068263,17,1,652132542
0.999919526178161,0.436658435930089,17,1,652132542
0.179739907238139,0.675045774751604,17,1,652132542
0.297784307756827,0.187467728003671,17,1,652132542
0.399542546456912,0.474702624884756,17,1,652132542
0.713487112546566,0.636558243472079,17,1,652132542
0.775330617162834,0.741184062629435,17,1,652132542
0.530021216559434,0.593926016414745,17,1,652132542
0.670543864367935,0.249347189164017,17,1,652132542
0.0287236142724705,0.740247655370803,17,1,652132542
0.122849740041217,0.135488263358996,17,1,652132542
0.911008861148757,0.382220994729326,17,1,652132542
0.354461693522454,0.931170922208329,17,1,652132542
0.683913783165618,0.95864031704255,17,1,652132542
0.264464575213183,0.317369933044116,17,1,652132542
0.428679544737972,0.310340528121057,17,1,652132542
0.246315294963434,0.514115945538598,17,1,652132542
0.831324240074527,0.400398122165755,17,1,652132542
0.24690265477682,0.552032150499192,17,1,652132542
0.266951725864701,0.0440292434659535,17,1,652132542
0.281895973427529,0.713212612865161,17,1,652132542
0.852146830548464,0.544389587975378,17,1,652132542
0.403588744296148,0.759439426091135,17,1,652132542
0.751280416134881,0.327426294247403,17,1,652132542
0.776091958563512,0.895721137908657,17,1,652132542
0.157849249053424,0.0419316348845333,17,1,652132542
0.060537258440257,0.0752430571410336,17,1,652132542
0.466037812183697,0.819685271425368,17,1,652132542
0.589846336899454,0.815774954215129,17,1,652132542
0.627554858953265,0.144943633898546,17,1,652132542
0.460075205513369,0.156197060966915,17,1,652132542
0.267729488104663,0.807884225519091,17,1,652132542
0.497421119489041,0.151019288473278,17,1,652132542
0.531964180489016,0.980294404993846,17,1,652132542
0.0807375624127342,0.487733658637201,17,1,652132542
0.72155080621511,0.382493699582065,17,1,652132542
0.726719442041778,0.254002134356372,17,1,652132542
0.87022699959476,0.365464628322044,17,1,652132542
0.142776333032011,0.396270116717179,17,1,652132542
0.66177931843304,0.474218990358973,17,1,652132542
0.7952032872703,0.435693005058475,17,1,652132542
0.239805753735807,0.107993957306129,17,1,652132542
0.135055178401326,0.0441722540910927,17,1,652132542
0.63656775013648,0.893204670320552,17,1,652132542
0.102533386390647,0.908448035279371,17,1,652132542
0.669188516282833,0.636199562571482,17,1,652132542
0.271044831309411,0.787063214208373,17,1,652132542
0.0350889945171957,0.693015692015035,17,1,652132542
0.109228648467342,0.240434594126168,17,1,652132542
0.759005959460255,0.534898044680969,17,1,652132542
0.724857381925729,0.659663576497673,17,1,652132542
0.799709035334632,0.443201567300338,17,1,652132542
0.861000864379559,0.542130507213647,17,1,652132542
0.848709428600785,0.747412445947152,17,1,652132542
0.463179849645781,0.230091974767773,17,1,652132542
0.240853598605112,0.891783045216733,17,1,652132542
0.869210527797122,0.964191942836838,17,1,652132542
0.589309977037877,0.833644852567265,17,1,652132542
0.28454349726459,0.328300738104838,17,1,652132542
0.4372839535955,0.603238785138032,17,1,652132542
0.0189400457907967,0.454831823527116,17,1,652132542
0.318749503799454,0.927838826162034,17,1,652132542
0.0374192220867418,0.851745950049107,17,1,652132542
0.852372123278722,0.0280060994477944,17,1,652132542
0.552197014442165,0.187171123128513,17,1,652132542
0.640129454660745,0.822571934065379,17,1,652132542
0.273218150518418,0.190420689011585,17,1,652132542
0.766992848451258,0.428755358767072,17,1,652132542
0.985701741810284,0.366320943712142,17,1,652132542
0.479110549886697,0.0714279527602908,17,1,652132542
0.871565443900099,0.776711181719355,17,1,652132542
0.776927004161487,0.908061913690246,17,1,652132542
0.914604725152778,0.291742337700819,17,1,652132542
0.359439176389243,0.157596037118834,17,1,652132542
0.459216933323395,0.601262338801795,17,1,652132542
0.599083390637464,0.859543592580776,17,1,652132542
0.861971455877124,0.835422251522077,17,1,652132542
0.44064107843379,0.244654053570645,17,1,652132542
0.35694183904195,0.196093533278315,17,1,652132542
0.37931634004182,0.463009919941798,17,1,652132542
0.442202568335547,0.534220557330761,17,1,652132542
0.919652955808604,0.515498361541377,17,1,652132542
0.2420885684235,0.676695983436304,17,1,652132542
0.835508344722072,0.375796671154244,17,1,652132542
0.39497016581943,0.0786794912085491,17,1,652132542
0.284046196346794,0.577843577580244,17,1,652132542
0.0473345760845503,0.646924810165096,17,1,652132542
0.750428168522296,0.68090199650111,17,1,652132542
0.957883345234939,0.100611466158931,17,1,652132542
0.0911943700189504,0.18541639823185,17,1,652132542
0.421709863556803,0.68263303037627,17,1,652132542
0.416252930679303,0.442732901439077,17,1,652132542
0.312035941557785,0.448384948500669,17,1,652132542
0.658794862119326,0.982848402490336,17,1,652132542
0.0811409455482908,0.326364722524869,17,1,652132542
0.120016908207901,0.539517252637241,17,1,652132542
0.329373785448542,0.67349315315479,17,1,652132542
0.248098423382225,0.440898280139528,17,1,652132542
0.753693613240775,0.514837122027836,17,1,652132542
0.25479491338052,0.0125727758081648,17,1,652132542
0.227470532747429,0.910977508496538,17,1,652132542
0.255147905957563,0.362496701076517,17,1,652132542
0.14033774367477,0.78948557723543,17,1,652132542
0.3087433957135,0.176725921786669,17,1,652132542
0.802525935056222,0.27419964819509,17,1,652132542
0.887228220779587,0.0569817938741979,17,1,652132542
0.530509154219747,0.120917788953832,17,1,652132542
0.981802445598973,0.471799450568579,17,1,652132542
0.713364416573545,0.658666779566639,17,1,652132542
0.822072261484328,0.684812565430096,17,1,652132542
0.0965478536430968,0.323550201807549,17,1,652132542
0.427165954723515,0.25148380629554,17,1,652132542
0.484282973957463,0.532443020890929,17,1,652132542
0.488720431596223,0.872168473201227,17,1,652132542
0.150506990947918,0.389230220053758,17,1,652132542
0.0619395677676238,0.771727540319813,17,1,652132542
0.613323020284275,0.579123080553048,17,1,652132542
0.380076255270581,0.703342956162457,17,1,652132542
0.267266488109277,0.793866826668204,17,1,652132542
0.968043501199545,0.997161162666098,17,1,652132542
0.835503386823475,0.342677373849798,17,1,652132542
0.153741742763189,0.196579458759073,17,1,652132542
0.786273168194537,0.313796806332507,17,1,652132542
0.393899340459527,0.149221669364458,17,1,652132542
0.8248250988281,0.894643730600969,17,1,652132542
0.050819431679368,0.328354636464276,17,1,652132542
0.781801863237098,0.41599755849858,17,1,652132542
0.659997484606893,0.492752984620835,17,1,652132542
0.16550738855052,0.282533831123057,17,1,652132542
0.865568883061646,0.724653290182485,17,1,652132542
0.996491763527229,0.959518277447062,17,1,652132542
0.135550883996138,0.577814273214822,17,1,652132542
0.267609239391279,0.898263423605577,17,1,652132542
0.0456668736582664,0.30973117751308,17,1,652132542
0.815620707166711,0.272883105857529,17,1,652132542
0.0624632527822984,0.098462166453851,17,1,652132542
0.719990096838679,0.074147831526425,17,1,652132542
0.799637377084645,0.406439071355726,17,1,652132542
0.328411849644959,0.0733979111397352,17,1,652132542
0.484916839390295,0.379474790763663,17,1,652132542
0.560391822558442,0.901308936360761,17,1,652132542
0.326203177894542,0.50230930621933,17,1,652132542
0.420727887705829,0.043068739113064,17,1,652132542
0.698714176407838,0.680383894832258,17,1,652132542
0.795037449149221,0.32002118080773,17,1,652132542
0.0210399067382117,0.806070255110124,17,1,652132542
0.7103711455128,0.460678198929994,17,1,652132542
0.96078239401696,0.091060965133072,17,1,652132542
0.0949757182232922,0.93998755261847,17,1,652132542
0.401539346500952,0.0948847613324091,17,1,652132542
0.0925534711795537,0.706462913103338,17,1,652132542
0.975374694624953,0.267976253515661,17,1,652132542
0.560001448817049,0.952696967941005,17,1,652132542
0.559255022841715,0.767484245270578,17,1,652132542
0.725510684248031,0.323290798290661,17,1,652132542
0.889963640987962,0.383207507936475,17,1,652132542
0.256166176952493,0.708989273519868,17,1,652132542
