0.13365310877523,0.553630392073043,17,1,652132542
0.443793458730729,0.0545538247945361,17,1,652132542
0.309301398193659,0.235144767845084,17,1,652132542
0.728397553591041,0.772499205289261,17,1,652132542
0.194822310155022,0.379515086225024,17,1,652132542
0.903489631102476,0.33010587856279,17,1,652132542
0.672797339559593,0.689475038776632,17,1,652132542
0.186074327215291,0.577238344287562,17,1,652132542
0.4494897663755,0.549405486199778,17,1,652132542
0.406080064974108,0.82509645022769,17,1,652132542
0.232048906756415,0.467960448017558,17,1,652132542
0.148675651456633,0.758109938576963,17,1,652132542
0.182198228308446,0.39473675605446,17,1,652132542
0.586649650264867,0.712223088219322,17,1,652132542
0.332783539043848,0.663447884158595,17,1,652132542
0.054943829968412,0.532780085950634,17,1,652132542
0.734769931870983,0.370196476526233,17,1,652132542
0.14801433067962,0.731501127910567,17,1,652132542
0.723432139908825,0.579087291139785,17,1,652132542
0.711562748699402,0.982012292472598,17,1,652132542
0.0401659148489486,0.799252455173471,17,1,652132542
0.354671893021094,0.104840455968293,17,1,652132542
0.914878908500421,0.261559010796166,17,1,652132542
0.12606246645646,0.11499614141497,17,1,652132542
0.418880752223559,0.482579239237594,17,1,652132542
0.679154391631259,0.156669626987306,17,1,652132542
0.676580656299041,0.0618119265309309,17,1,652132542
0.47698797871586,0.0656857782103257,17,1,652132542
0.175317774800504,0.462367817153563,17,1,652132542
0.255266688280047,0.112439592517561,17,1,652132542
0.542454389538805,0.264131216459836,17,1,652132542
0.264545458366116,0.149859733940987,17,1,652132542
0.462678871222624,0.0617725668117548,17,1,652132542
0.112320590615644,0.792961586929248,17,1,652132542
0.145228363655548,0.646237493904084,17,1,652132542
0.0977787187343457,0.869456622494546,17,1,652132542
0.113726027645368,0.968991130149413,17,1,652132542
0.622146066124724,0.166971732138562,17,1,652132542
0.0139752948910177,0.287766677623018,17,1,652132542
0.601811546815196,0.233702255617093,17,1,652132542
0.133977275359344,0.687282800859525,17,1,652132542
0.732821078280117,0.132281272024122,17,1,652132542
0.971217047172924,0.158860157910073,17,1,652132542
0.743708973059051,0.8959381581514,17,1,652132542
0.795542766383086,0.849574414407368,17,1,652132542
0.114448175202079,0.426497176107382,17,1,652132542
0.745006317657066,0.104831828998102,17,1,652132542
0.234250888843098,0.784762910033697,17,1,652132542
0.773695213260394,0.964611282518049,17,1,652132542
0.278285493045913,0.308975753390353,17,1,652132542
0.670289366837927,0.71256800747845,17,1,652132542
0.718120918238366,0.0813004860314446,17,1,652132542
0.385987039954816,0.277505403125845,17,1,652132542
0.927145072495435,0.356419296268859,17,1,652132542
0.466442841319751,0.64597334179676,17,1,652132542
0.372314091579035,0.760173691620033,17,1,652132542
0.329157019980432,0.771800709142765,17,1,652132542
0.982935733368439,0.11848211726933,17,1,652132542
0.567943717149477,0.117895299065442,17,1,652132542
0.560357461303544,0.671799979262168,17,1,652132542
0.599483391553615,0.788555444553124,17,1,652132542
0.365373687146697,0.791134854755928,17,1,652132542
0.927297990257434,0.760724438335719,17,1,652132542
0.699972484784147,0.0864948105006029,17,1,652132542
0.351304696128134,0.839427044682967,17,1,652132542
0.103670007741458,0.348215193006219,17,1,652132542
0.504189778116173,0.605377801361412,17,1,652132542
0.316452760639768,0.0716811422533434,17,1,652132542
0.198253940790281,0.317163405440373,17,1,652132542
0.271332452365387,0.559011853767737,17,1,652132542
0.806960619403951,0.796289847518793,17,1,652132542
0.89685187892578,0.499238546169097,17,1,652132542
0.0863419969428554,0.820308613236397,17,1,652132542
0.0937992170680184,0.238505453508975,17,1,652132542
0.333364632497536,0.358987907380178,17,1,652132542
0.0253818395812413,0.496691541741899,17,1,652132542
0.506140921016373,0.629787258387239,17,1,652132542
0.680020175012448,0.0182625440223925,17,1,652132542
0.713710692839768,0.951527284271739,17,1,652132542
0.807809150704704,0.00523550665079053,17,1,652132542
0.134189156509745,0.450731127829093,17,1,652132542
0.108081929230946,0.453614613068677,17,1,652132542
0.852509157233252,0.535788522357845,17,1,652132542
0.413346589164782,0.524314712795887,17,1,652132542
0.743817022026124,0.825883344224603,17,1,652132542
0.310405191528261,0.184702847943235,17,1,652132542
0.628918812301174,0.184744659271337,17,1,652132542
0.950635244385579,0.362893335086354,17,1,652132542
0.13767472521613,0.0984833949176043,17,1,652132542
0.374658526074064,0.123743231534104,17,1,652132542
0.616791156950466,0.99959667911992,17,1,652132542
0.992207120171515,0.86983687572211,17,1,652132542
0.600510368514866,0.57578349478019,17,1,652132542
0.341042317588551,0.893192726510443,17,1,652132542
0.806918317354397,0.899310932430207,17,1,652132542
0.144825318259978,0.511363905164423,17,1,652132542
0.922609129363141,0.174460193703646,17,1,652132542
0.956485324888782,0.73814880647728,17,1,652132542
0.9741994147747,0.357730407095922,17,1,652132542
0.500156308781862,0.355266237250924,17,1,652132542
0.488592714130649,0.716021782328484,17,1,652132542
0.670582531621535,0.729389421036447,17,1,652132542
0.180654273153404,0.20484144933566,17,1,652132542
0.363684070089402,0.850691609236547,17,1,652132542
0.708871903397927,0.431639437394586,17,1,652132542
0.975036562775597,0.384488145519558,17,1,652132542
0.890071760933628,0.825875463440814,17,1,652132542
0.633508471026802,0.277286905116481,17,1,652132542
0.665206345338702,0.908420672584689,17,1,652132542
0.471307579345528,0.969399017800596,17,1,652132542
0.201497623917131,0.537423695907977,17,1,652132542
0.868432723432911,0.725078617023471,17,1,652132542
0.196298175489003,0.81497689698784,17,1,652132542
0.608630074950169,0.94478976502859,17,1,652132542
0.909899985035044,0.157184305102412,17,1,652132542
0.90432712096008,0.064853372127609,17,1,652132542
0.211719863860125,0.105442657246059,17,1,652132542
0.424837203878174,0.559763553833303,17,1,652132542
0.662538071901282,0.89961987000282,17,1,652132542
0.427973490435173,0.577080923785092,17,1,652132542
0.997265494609397,0.127271625742689,17,1,652132542
0.958876034849657,0.00076052629696477,17,1,652132542
0.545674940045714,0.311433228164485,17,1,652132542
0.71051007110266,0.725558460387292,17,1,652132542
0.527654228119105,0.125275672859984,17,1,652132542
0.993259397244719,0.435998179457397,17,1,652132542
0.20879802711221,0.393193465071938,17,1,652132542
0.318932217578188,0.420641101270691,17,1,652132542
0.238306509456617,0.0230586722739812,17,1,652132542
0.0626985768852326,0.779237875351168,17,1,652132542
0.629068159579151,0.87453135048092,17,1,652132542
0.414917744565246,0.40082177495,17,1,652132542
0.332085373599235,0.551417081827558,17,1,652132542
0.349604133278968,0.557528808254817,17,1,652132542
0.755324041213549,0.430833260899155,17,1,652132542
0.241356639305238,0.408626779629883,17,1,652132542
0.0686059359909121,0.88341651857473,17,1,652132542
0.74993671466217,0.744226806066928,17,1,652132542
0.722193573117785,0.238700938371681,17,1,652132542
0.926945853917462,0.910920040212031,17,1,652132542
0.631619620815024,0.964057034972756,17,1,652132542
0.218034048282945,0.110121422632726,17,1,652132542
0.017365510346961,0.689083115214196,17,1,652132542
0.615109078581384,0.762546032841251,17,1,652132542
0.744459525885282,0.699830535777786,17,1,652132542
0.802060749310047,0.207060167246132,17,1,652132542
0.539208741914056,0.151135803712974,17,1,652132542
0.454754473420323,0.936479178388731,17,1,652132542
0.800774189861729,0.781745553242613,17,1,652132542
0.180855290933267,0.114527692558943,17,1,652132542
0.63377661802502,0.0737719504244665,17,1,652132542
0.0570936032297622,0.823272781965453,17,1,652132542
0.0880513295520089,0.73583605772145,17,1,652132542
0.562586379214665,0.315279149744248,17,1,652132542
0.546994708099583,0.610607579158809,17,1,652132542
0.177717591013245,0.993303256536409,17,1,652132542
0.658647950097078,0.030860472080394,17,1,652132542
0.723884226792512,0.889898288238015,17,1,652132542
0.53542744762995,0.704645365029462,17,1,652132542
0.432058757028942,0.747413775064863,17,1,652132542
0.658436185025132,0.729157017178029,17,1,652132542
0.213123581456828,0.231642492524704,17,1,652132542
0.131823239261008,0.846296961924063,17,1,652132542
0.986013810472903,0.0409598917072769,17,1,652132542
0.669163737858288,0.641356742262943,17,1,652132542
0.440184580940805,0.244826757059543,17,1,652132542
0.473684420095272,0.0755579265712361,17,1,652132542
0.501487515309575,0.550616060839768,17,1,652132542
0.038668963107094,0.0660203914504696,17,1,652132542
0.408547495181097,0.203780228152889,17,1,652132542
0.499084032765596,0.786637838298651,17,1,652132542
0.489411950679441,0.563271007820912,17,1,652132542
0.503407479776324,0.822006146564047,17,1,652132542
0.917897225004557,0.526367433122291,17,1,652132542
0.688651320407125,0.323552607527402,17,1,652132542
0.367070092458087,0.884824812777975,17,1,652132542
0.0593492770181276,0.531867745277319,17,1,652132542
0.346142196528445,0.637980312101834,17,1,652132542
0.136470434443591,0.53963726197428,17,1,652132542
0.279997285660205,0.683076137356954,17,1,652132542
0.984901244758132,0.720337416890108,17,1,652132542
0.752425404960793,0.288581634520386,17,1,652132542
0.789338679446913,0.0765409872422067,17,1,652132542
0.704347562648005,0.561586522042795,17,1,652132542
0.415282739899009,0.181750641307314,17,1,652132542
0.109544706849991,0.469794665285906,17,1,652132542
0.309730797289897,0.0957438747448975,17,1,652132542
0.941509914836885,0.0676897868478799,17,1,652132542
0.620168595548793,0.107841726831048,17,1,652132542
0.443348207947398,0.950963801219106,17,1,652132542
0.936007821282902,0.0140412759808535,17,1,652132542
0.959215211659265,0.732354398225735,17,1,652132542
0.0919300630242268,0.401562768985013,17,1,652132542
0.611195740157939,0.990576921834995,17,1,652132542
0.245119425971513,0.0421709518270488,17,1,652132542
0.434530013036935,0.547822730678161,17,1,652132542
0.110913377586641,0.740089391912251,17,1,652132542
0.501401660195046,0.075483151453791,17,1,652132542
0.570360423595338,0.476781255110333,17,1,652132542
0.288946607255752,0.571510633437992,17,1,652132542
0.00372441247607136,0.15220908759251,17,1,652132542
0.235473922516875,0.734450353890145,17,1,652132542
0.571297788152049,0.637828311487206,17,1,652132542
0.302527438812453,0.526974850034104,17,1,652132542
0.786987363020161,0.317532933509106,17,1,652132542
0.953582772144983,0.747360118087053,17,1,652132542
0.821253820915443,0.0868744307059406,17,1,652132542
0.473731618647545,0.578066198627275,17,1,652132542
0.0860498930160074,0.25798508539006,17,1,652132542
0.272019555209565,0.603020349066806,17,1,652132542
0.924998110319203,0.745090915573425,17,1,652132542
0.0963720378940556,0.477314097883651,17,1,652132542
0.959060992837297,0.0340034191834588,17,1,652132542
0.641572558445102,0.40730418431604,17,1,652132542
0.10713320918164,0.0496746160228945,17,1,652132542
0.0559012683811035,0.524749681948566,17,1,652132542
0.829211141078134,0.96330827541982,17,1,652132542
0.434678937584296,0.284925283611541,17,1,652132542
0.00512701269440718,0.785131819192251,17,1,652132542
0.239319274209087,0.235205156125051,17,1,652132542
0.420183504576825,0.018938966279693,17,1,652132542
0.619576605692466,0.874725861727096,17,1,652132542
0.361527412320736,0.506056141858172,17,1,652132542
0.349011430761335,0.571471280857148,17,1,652132542
0.101066317558415,0.741057140871308,17,1,652132542
0.365363337617306,0.738560739485015,17,1,652132542
0.942255971765863,0.0765601818413342,17,1,652132542
0.347965415521273,0.542246066753679,17,1,652132542
0.833548931612185,0.462862577638158,17,1,652132542
0.466010680209082,0.117331047922939,17,1,652132542
0.780253809760553,0.992069617950755,17,1,652132542
0.289962703381494,0.66216348689585,17,1,652132542
0.0721552792634892,0.822541624381198,17,1,652132542
0.902855118124293,0.918711981395366,17,1,652132542
0.878446993577895,0.573036421506496,17,1,652132542
0.871207367998521,0.643035049889252,17,1,652132542
0.410661735679053,0.58270990161945,17,1,652132542
0.0666323774750941,0.0335988412602735,17,1,652132542
0.646642800534193,0.369701215798638,17,1,652132542
0.343563737815976,0.120071737910997,17,1,652132542
0.281863167945092,0.431991750793056,17,1,652132542
0.661652244798554,0.402337071734936,17,1,652132542
0.0574461982234551,0.357533992961713,17,1,652132542
0.781264343798605,0.303600238594535,17,1,652132542
0.380450169434861,0.956061045214808,17,1,652132542
0.603926242193962,0.0325090958564438,17,1,652132542
0.390882465676638,0.834016225722384,17,1,652132542
0.396788478086015,0.852566787582254,17,1,652132542
0.50571270772918,0.138359354719515,17,1,652132542
0.250573690265065,0.516271438242462,17,1,652132542
0.155764799472028,0.816892706407514,17,1,652132542
0.486238037420743,0.522770086745653,17,1,652132542
0.614180608978221,0.72213280985352,17,1,652132542
0.77953680797075,0.682987409421072,17,1,652132542
0.996088298539004,0.469622311518711,17,1,652132542
0.485741092804539,0.542649643650908,17,1,652132542
0.747545325358025,0.263446040059664,17,1,652132542
0.124638752243184,0.293238316936491,17,1,652132542
0.227139466313743,0.0680302061270694,17,1,652132542
0.309302421785197,0.606285408940272,17,1,652132542
0.995702970928353,0.392170929342128,17,1,652132542
0.333339911196251,0.568473225723135,17,1,652132542
0.377185870632776,0.695144344317311,17,1,652132542
0.0909833502116797,0.894188591075848,17,1,652132542
0.679956726394389,0.182751960350141,17,1,652132542
0.119443965720733,0.111636955939365,17,1,652132542
0.429236356377345,0.248765125760537,17,1,652132542
0.222603409861763,0.197958616372503,17,1,652132542
0.324114648969656,0.71320323829653,17,1,652132542
0.692581181933323,0.642476605347924,17,1,652132542
0.183059656727712,0.17164825857564,17,1,652132542
0.299292187982545,0.933426080991341,17,1,652132542
0.788890489807042,0.883768942984354,17,1,652132542
0.355134769037336,0.132847275430401,17,1,652132542
0.363040992252079,0.128097197849566,17,1,652132542
0.859740924142136,0.153306145621976,17,1,652132542
0.139924688492771,0.532705404252616,17,1,652132542
0.843589374716242,0.694485744403379,17,1,652132542
0.896689614677238,0.715015161385309,17,1,652132542
0.622336478740164,0.631889890649633,17,1,652132542
0.0952788152787276,0.0647714396936323,17,1,652132542
0.316505497176339,0.894382383405954,17,1,652132542
0.460107380456021,0.668607732274951,17,1,652132542
0.799669050259776,0.948025496389567,17,1,652132542
0.865881126384578,0.106288001405871,17,1,652132542
0.165296444985735,0.158956882063745,17,1,652132542
0.980430609615123,0.119030757742999,17,1,652132542
0.356770524924477,0.932186410855254,17,1,652132542
0.892341585298678,0.454345873360512,17,1,652132542
0.116580765788426,0.0872820014176674,17,1,652132542
0.07215093292014,0.64542148578851,17,1,652132542
0.0316090620560736,0.691642660382957,17,1,652132542
0.256833673910656,0.520831081413992,17,1,652132542
0.552610521986594,0.527352202949297,17,1,652132542
0.253705488538876,0.496323641288885,17,1,652132542
0.225167245216249,0.975579247849439,17,1,652132542
0.157694110389934,0.228721817121309,17,1,652132542
0.269187722869308,0.442475857936564,17,1,652132542
0.258305122711415,0.807574147829114,17,1,652132542
0.844604054504212,0.738119797699373,17,1,652132542
0.322313559886261,0.191857929804688,17,1,652132542
0.748584825833035,0.102949469675929,17,1,652132542
0.613791352148663,0.760345065081384,17,1,652132542
0.606659391834612,0.690599451553965,17,1,652132542
0.907695757399412,0.222342412506138,17,1,652132542
0.977180099370958,0.428988052402266,17,1,652132542
0.789122013256602,0.612344161963474,17,1,652132542
0.626090330296194,0.125278177352098,17,1,652132542
0.619138085825996,0.490958428183903,17,1,652132542
0.0188617080785756,0.249668367460411,17,1,652132542
0.10234143285638,0.748140175489333,17,1,652132542
0.0125852507708171,0.492295725715686,17,1,652132542
0.36734977798541,0.800873183664562,17,1,652132542
0.418859481030096,0.509569450007652,17,1,652132542
0.288482734305744,0.148117400343969,17,1,652132542
0.520984402237698,0.127286810737468,17,1,652132542
0.795025102950723,0.0228113358222286,17,1,652132542
0.514026526475869,0.389074610212444,17,1,652132542
0.486606596068444,0.428084390209948,17,1,652132542
0.583348023764233,0.308343818596863,17,1,652132542
0.999432067719146,0.864917942222912,17,1,652132542
0.0769253251555995,0.160140587083743,17,1,652132542
0.800156407340918,0.528022099002552,17,1,652132542
0.151483391853035,0.882598689330388,17,1,652132542
0.200168409936019,0.764892191772463,17,1,652132542
0.353324624920097,0.287860401141529,17,1,652132542
0.460049031196612,0.943285878692865,17,1,652132542
0.0961061239723326,0.427752774867424,17,1,652132542
0.633003277779362,0.736670903473694,17,1,652132542
0.478828350884694,0.893483798293659,17,1,652132542
0.931367853109968,0.836218245872635,17,1,652132542
0.466858940379803,0.0972708046574944,17,1,652132542
0.370125322626204,0.630162587993465,17,1,652132542
0.631873747118977,0.860694868629851,17,1,652132542
0.388369293436471,0.395831535926358,17,1,652132542
0.842992149850199,0.397176823703352,17,1,652132542
0.569205979041675,0.537798060342078,17,1,652132542
0.223849114324776,0.730812563205535,17,1,652132542
0.778184178762173,0.787901610990275,17,1,652132542
0.759619690459771,0.228956324173015,17,1,652132542
0.529982112897056,0.620013561814257,17,1,652132542
0.901558060117022,0.873433205819062,17,1,652132542
0.721219294236147,0.641614697696888,17,1,652132542
0.479822953890531,0.678105093108909,17,1,652132542
0.941913011866491,0.659433992118218,17,1,652132542
0.295415044772271,0.722305333066297,17,1,652132542
0.514305717062395,0.0661051407980779,17,1,652132542
0.755102702050586,0.239236650720852,17,1,652132542
0.399366715809753,0.235497329210671,17,1,652132542
0.819212080947232,0.968442520626583,17,1,652132542
0.787084322453035,0.931274886144645,17,1,652132542
0.0245318914562302,0.184950397342232,17,1,652132542
0.804743543186606,0.618276126228576,17,1,652132542
0.536178130095415,0.0560377880661842,17,1,652132542
0.63450941735988,0.499122614564201,17,1,652132542
0.0388896757654829,0.786969606569917,17,1,652132542
0.45801069288838,0.483617989152207,17,1,652132542
0.723454652810342,0.448362289951403,17,1,652132542
0.0535475892596822,0.476681186587656,17,1,652132542
0.048256693727474,0.47356551017117,17,1,652132542
0.597293238267298,0.558813036723972,17,1,652132542
0.874175016394923,0.987469779734984,17,1,652132542
0.708951339237573,0.342863211189959,17,1,652132542
0.901099569629561,0.419786619151583,17,1,652132542
0.617864426493003,0.910986901219064,17,1,652132542
0.361463079200838,0.698355464417665,17,1,652132542
0.361877579792178,0.101906806192587,17,1,652132542
0.615054915312862,0.399392071367668,17,1,652132542
0.138244565260167,0.480567481788379,17,1,652132542
0.0172976972356202,0.426134000454854,17,1,652132542
0.183594993435713,0.0668309279592307,17,1,652132542
0.86330952843765,0.486682410642969,17,1,652132542
0.269727928162129,0.251567262650247,17,1,652132542
0.290218563579247,0.782258717139803,17,1,652132542
0.700679573871506,0.694891185841337,17,1,652132542
0.482349817715829,0.249045222183166,17,1,652132542
0.27434983604821,0.573896949470758,17,1,652132542
0.184928076016733,0.244881945068934,17,1,652132542
0.123899034918218,0.773255379722782,17,1,652132542
0.288760028003725,0.48065676399593,17,1,652132542
0.798795692818514,0.281358838610135,17,1,652132542
0.000238560257032061,0.765599119038019,17,1,652132542
0.507334689319411,0.989605511856277,17,1,652132542
0.123815671810557,0.224613365204763,17,1,652132542
0.0299664849737886,0.564145109630161,17,1,652132542
0.0390536740763303,0.345262950913907,17,1,652132542
0.286674724019708,0.51176575064986,17,1,652132542
0.628327554364807,0.00978391781775656,17,1,652132542
0.848007485948971,0.427580408696117,17,1,652132542
0.489836552382418,0.77527768244696,17,1,652132542
0.431902775056964,0.921507580998235,17,1,652132542
0.783977124658591,0.00410758729820504,17,1,652132542
0.885684496216349,0.945201593521266,17,1,652132542
0.531920042581969,0.165896019953891,17,1,652132542
0.168368895379251,0.469313428600253,17,1,652132542
0.920647555543086,0.832890037424304,17,1,652132542
0.640655603140922,0.673612894292692,17,1,652132542
0.243213551817242,0.433564316808263,17,1,652132542
0.70096269381114,0.846827644511302,17,1,652132542
0.174244478780784,0.671978121215932,17,1,652132542
0.201043923831256,0.168962471526901,17,1,652132542
0.0911002905923501,0.611536039467286,17,1,652132542
0.624513526417321,0.921219013413593,17,1,652132542
0.00176924741426721,0.130908682959965,17,1,652132542
5.46001402499385E-05,0.714482004798491,17,1,652132542
0.647137578069133,0.461716599410869,17,1,652132542
0.710353658116484,0.493797401675535,17,1,652132542
0.97450734326927,0.502151829278869,17,1,652132542
0.740309785411801,0.319354586478352,17,1,652132542
0.537149384961997,0.607850142811204,17,1,652132542
0.614533316465488,0.677658349120317,17,1,652132542
0.784559046781704,0.794996922851202,17,1,652132542
0.108913663893995,0.711490545200656,17,1,652132542
0.349714574224879,0.632132702631526,17,1,652132542
0.633591563303611,0.0438905967768644,17,1,652132542
0.143742012071328,0.460148361501856,17,1,652132542
0.733987332742502,0.855530501649757,17,1,652132542
0.703269344278665,0.747248513191354,17,1,652132542
0.66817343479174,0.555131878343015,17,1,652132542
0.500422431613479,0.245643040086328,17,1,652132542
0.593781324262237,0.532935735664093,17,1,652132542
0.265893241800445,0.137367523585143,17,1,652132542
0.886021334899431,0.281506936235208,17,1,652132542
0.410314643111282,0.848822342710071,17,1,652132542
0.722101210775072,0.426976924797603,17,1,652132542
0.528885125419529,0.965914264622468,17,1,652132542
0.106291523590418,0.681028789918672,17,1,652132542
0.89275164894935,0.823994419692023,17,1,652132542
0.0321568135896984,0.466001086293652,17,1,652132542
0.773412486984273,0.902342403670939,17,1,652132542
0.493547643030178,0.852995131315753,17,1,652132542
0.445109685466035,0.941173706920016,17,1,652132542
0.809649647051077,0.496161612460459,17,1,652132542
0.855647279160601,0.937083238936296,17,1,652132542
0.819621768878048,0.00721281900826831,17,1,652132542
0.03691094183359,0.439654671478683,17,1,652132542
0.168580574677422,0.872938219110996,17,1,652132542
0.522030408881892,0.235661420570707,17,1,652132542
0.571684265759343,0.514222396838,17,1,652132542
0.931176221401666,0.0259755770484644,17,1,652132542
0.597495403620226,0.00268630422517457,17,1,652132542
0.51331844240603,0.980700217486309,17,1,652132542
0.383307092652497,0.571808913186242,17,1,652132542
0.0805034455994713,0.829014419143315,17,1,652132542
0.758823237671616,0.231541987660651,17,1,652132542
0.631329967086068,0.721278387174081,17,1,652132542
0.45756592987996,0.919840031206323,17,1,652132542
0.71529029485298,0.579463086640184,17,1,652132542
0.99920500196755,0.297224942775811,17,1,652132542
0.281668976266725,0.614584960896803,17,1,652132542
0.201140577387102,0.894946070702057,17,1,652132542
0.943915098878433,0.811017034959892,17,1,652132542
0.14787884914404,0.699056276271051,17,1,652132542
0.0985509283186801,0.113819772870035,17,1,652132542
0.644451770624094,0.268677827177173,17,1,652132542
0.861468048246895,0.363856028163251,17,1,652132542
0.21142614395762,0.591777599469959,17,1,652132542
0.347485248144993,0.768910690143015,17,1,652132542
0.824872003616522,0.349618053819589,17,1,652132542
0.345114689656565,0.524844454712014,17,1,652132542
0.812869071620488,0.662014620013868,17,1,652132542
0.767140701557099,0.302018544299966,17,1,652132542
0.318095785441442,0.299253502199697,17,1,652132542
0.576872423547453,0.460572250413741,17,1,652132542
0.901087335247788,0.0798050414109881,17,1,652132542
0.485982073930921,0.845393249773601,17,1,652132542
0.970384677647869,0.109589952050691,17,1,652132542
0.128022580410315,0.721780955238101,17,1,652132542
0.874927372423809,0.778303505553058,17,1,652132542
0.937803526874897,0.105359248520647,17,1,652132542
0.0574823661011159,0.221974559648828,17,1,652132542
0.107440678776132,0.564223537659296,17,1,652132542
0.338315128899841,0.031340482630041,17,1,652132542
0.0772181361422044,0.334646273773109,17,1,652132542
0.812432166681041,0.235335851227491,17,1,652132542
0.104010436506742,0.255279033682319,17,1,652132542
0.478547666439784,0.610620377082582,17,1,652132542
0.0435457845162786,0.227776339455243,17,1,652132542
0.984982166058178,0.0433378159436701,17,1,652132542
0.379065915614807,0.378434164248258,17,1,652132542
0.342259393875489,0.172819056538538,17,1,652132542
0.487646250345103,0.702606859233401,17,1,652132542
0.275969582372798,0.716574267003949,17,1,652132542
0.849277082444888,0.0789120971472652,17,1,652132542
0.0176493214892539,0.92456681823571,17,1,652132542
0.427968756371909,0.491762760809213,17,1,652132542
0.862513823895881,0.391892467243496,17,1,652132542
0.160605111326061,0.928012309105877,17,1,652132542
0.534118338161549,0.498336757440702,17,1,652132542
0.693296768750146,0.955296063620674,17,1,652132542
0.391604131523328,0.465536542804586,17,1,652132542
0.699672192468138,0.497061795583805,17,1,652132542
0.90577832241476,0.262495664650817,17,1,652132542
0.923662819758199,0.919931493817074,17,1,652132542
0.865312011377968,0.791514639165414,17,1,652132542
0.432511840956968,0.63092504680917,17,1,652132542
0.558817823379741,0.87254273794079,17,1,652132542
0.609104002213654,0.451173193450118,17,1,652132542
0.885325868969584,0.496079311079134,17,1,652132542
0.450059620976642,0.566054870424465,17,1,652132542
0.452839621130484,0.935740645903052,17,1,652132542
0.650207932201306,0.646143148795689,17,1,652132542
0.324993375476973,0.716355694551079,17,1,652132542
0.906349555868405,0.509154676448792,17,1,652132542
0.00977509937132481,0.378863627422556,17,1,652132542
0.813252461902411,0.936371667321754,17,1,652132542
0.563582355708506,0.184112748213238,17,1,652132542
0.95199861435204,0.188508191669668,17,1,652132542
0.162956948330492,0.171744661563586,17,1,652132542
0.809580901614173,0.930757941119214,17,1,652132542
0.474638866910254,0.117771152016892,17,1,652132542
0.0248007081469832,0.967795690441859,17,1,652132542
0.255288592847095,0.455844299473018,17,1,652132542
0.600405840270036,0.923415298005087,17,1,652132542
0.346598649463389,0.576066595370474,17,1,652132542
0.445067932601374,0.154373223254516,17,1,652132542
0.362960721062333,0.257503132337062,17,1,652132542
0.570671466288252,0.340588829468121,17,1,652132542
0.109832336426504,0.634156420668408,17,1,652132542
0.121920309013178,0.284032577185932,17,1,652132542
0.450061517895041,0.925221094844279,17,1,652132542
0.166419733628331,0.621248497155096,17,1,652132542
0.253744835193947,0.291691701507612,17,1,652132542
0.666505054284813,0.792225984303362,17,1,652132542
0.497649317855902,0.0309009353677911,17,1,652132542
0.633183779948302,0.838764338076774,17,1,652132542
0.896958414017956,0.256660763037345,17,1,652132542
0.900806425448745,0.596664689602395,17,1,652132542
0.0320827358156768,0.196491830061726,17,1,652132542
0.527450334157772,0.31591137500908,17,1,652132542
0.529895680719263,0.309301381710285,17,1,652132542
0.681420890411187,0.56333147774605,17,1,652132542
0.0181157612944545,0.0129632936759663,17,1,652132542
0.768103094345633,0.831122981882647,17,1,652132542
0.18834141030506,0.867519143141914,17,1,652132542
0.0705587204228912,0.0183559920138356,17,1,652132542
0.268887319126975,0.565418241157885,17,1,652132542
0.313774338416534,0.107300668689245,17,1,652132542
0.861147498805704,0.294440811066323,17,1,652132542
0.2433698660734,0.940814987599472,17,1,652132542
0.0930674487145926,0.86509739476275,17,1,652132542
0.360552046514891,0.139174967222085,17,1,652132542
0.857089517956805,0.297583759312069,17,1,652132542
0.881251381987419,0.754555236246824,17,1,652132542
0.369424981929055,0.427307230253912,17,1,652132542
0.50789804552301,0.526440892873275,17,1,652132542
0.795034697376581,0.386757871696712,17,1,652132542
0.95661339863845,0.16832188913776,17,1,652132542
0.383773086504711,0.700295478985358,17,1,652132542
0.851510645885329,0.156855232356129,17,1,652132542
0.797324341857483,0.635919905900156,17,1,652132542
0.940682376180028,0.734319717534935,17,1,652132542
0.616360807625657,0.728392525187582,17,1,652132542
0.0333621190346287,0.41907342341644,17,1,652132542
0.700143609715366,0.477771749693578,17,1,652132542
0.457593736964709,0.123566318983421,17,1,652132542
0.283539894344872,0.639389415860785,17,1,652132542
0.655245033454509,0.384178940839773,17,1,652132542
0.14800956030489,0.945946633766287,17,1,652132542
0.263423195896327,0.268978371873463,17,1,652132542
0.494729884214682,0.217127779243717,17,1,652132542
0.134275075609259,0.423928414481527,17,1,652132542
0.871321416984843,0.237268069117637,17,1,652132542
0.59758556716179,0.394779277019109,17,1,652132542
0.734916232400475,0.17430162617331,17,1,652132542
0.612312178082938,0.85918306831178,17,1,652132542
0.640893924692167,0.841100732892761,17,1,652132542
0.957603910278887,0.41660287419545,17,1,652132542
0.331089633061619,0.4790153930633,17,1,652132542
0.662386865758466,0.32856056590574,17,1,652132542
0.841355076032964,0.296391172487288,17,1,652132542
0.899371476946463,0.1192288504648,17,1,652132542
0.679258563313253,0.891303573180867,17,1,652132542
0.126791821675291,0.484541181505456,17,1,652132542
0.857055014313068,0.308549743481932,17,1,652132542
0.111251331765214,0.158088951472596,17,1,652132542
0.00206589400721779,0.376424017023344,17,1,652132542
0.522700852347617,0.284011167994061,17,1,652132542
0.427428746539029,0.189023005913432,17,1,652132542
0.493437808358646,0.492638459334193,17,1,652132542
0.78022070605902,0.016752888714672,17,1,450012212
0.883818022033393,0.511369839517005,17,1,450012212
0.146194302524036,0.686255201902327,17,1,450012212
0.882293000953154,0.0169075261979552,17,1,450012212
0.823759140863451,0.477495420370209,17,1,450012212
0.372916347085347,0.726648165815759,17,1,450012212
0.0993933232872461,0.356491798845465,17,1,450012212
0.0154433300975541,0.827433200112637,17,1,450012212
0.488487899110913,0.363352689096891,17,1,450012212
0.655121925933307,0.140725572408564,17,1,450012212
0.894990908396905,0.282312743781343,17,1,450012212
0.783513431009845,0.0810530974221777,17,1,450012212
0.847446955605035,0.861836775211764,17,1,450012212
0.504871503839262,0.50441088334219,17,1,450012212
0.540787604301105,0.859425159958451,17,1,450012212
0.903283445511322,0.388079287389687,17,1,450012212
0.803162005417884,0.552774184735314,17,1,450012212
0.355257387897058,0.734061220828554,17,1,450012212
0.841568885247452,0.609587131792395,17,1,450012212
0.0376404225004308,0.590244567504443,17,1,450012212
0.39851262069844,0.864196585702019,17,1,450012212
0.769499612307144,0.220797190278985,17,1,450012212
0.620413498330503,0.141961559369114,17,1,450012212
0.351338171455685,0.587948121272451,17,1,450012212
0.260004051587555,0.455329054955162,17,1,450012212
0.697965294129772,0.405043088414378,17,1,450012212
0.144844941206374,0.696792797503408,17,1,450012212
0.950397833544679,0.136920775356425,17,1,450012212
0.861508052184372,0.890618611334283,17,1,450012212
0.821205469859505,0.0587808180038047,17,1,450012212
0.236708251835928,0.0272538973833019,17,1,450012212
0.735823593857396,0.402269647181135,17,1,450012212
0.432602278045345,0.424150041463014,17,1,450012212
0.702972360853668,0.144362486795794,17,1,450012212
0.957563698450396,0.532607919668387,17,1,450012212
0.0613369402557611,0.80279446516916,17,1,450012212
0.918189537914067,0.129984829065672,17,1,450012212
0.444512725837567,0.254607825890688,17,1,450012212
0.284327158291395,0.381371944743791,17,1,450012212
0.472016163599214,0.185752178601692,17,1,450012212
0.75290085155106,0.722644289849157,17,1,450012212
0.122591256405927,0.189921788144461,17,1,450012212
0.0688446982275615,0.564983025750887,17,1,450012212
0.820557530522242,0.707595251990133,17,1,450012212
0.697109345224303,0.74814543494683,17,1,450012212
0.122665601833147,0.455160060623174,17,1,450012212
0.693094513821553,0.269447210491037,17,1,450012212
0.515934551691793,0.22284046347622,17,1,450012212
0.600164159925398,0.452379437522618,17,1,450012212
0.516523646391247,0.587747303574586,17,1,450012212
0.936407149457218,0.262295127907215,17,1,450012212
0.857381311997336,0.931054880833901,17,1,450012212
0.954458547033495,0.284175410160403,17,1,450012212
0.398423425721521,0.338583910852829,17,1,450012212
0.177821056494444,0.873622926935421,17,1,450012212
0.639999693326847,0.609783339216191,17,1,450012212
0.327383015342651,0.0847740279067577,17,1,450012212
0.339895046007737,0.329825413173987,17,1,450012212
0.192629475582142,0.8162420710693,17,1,450012212
0.763137272677191,0.508115737260553,17,1,450012212
0.750013118056742,0.419771775985656,17,1,450012212
0.255651975553421,0.821575262453019,17,1,450012212
0.57702361455481,0.417362845662053,17,1,450012212
0.746836554943362,0.74096463576441,17,1,450012212
0.237364757627208,0.552092916147465,17,1,450012212
0.583345811717182,0.966205556024947,17,1,450012212
0.472201485452278,0.527574481518021,17,1,450012212
0.101213030591965,0.579420881685135,17,1,450012212
0.999751968033484,0.219731847651386,17,1,450012212
0.368557902647376,0.935634430549515,17,1,450012212
0.706308002806747,0.808900607278029,17,1,450012212
0.794304080288916,0.873161017064682,17,1,450012212
0.431193967599779,0.991652830109168,17,1,450012212
0.964688077720123,0.113229203820181,17,1,450012212
0.639072315129851,0.440755788912177,17,1,450012212
0.718454506059996,0.0770487446202033,17,1,450012212
0.855387812518725,0.927440338092133,17,1,450012212
0.450443169088333,0.759974203736518,17,1,450012212
0.401294162821014,0.619177162089177,17,1,450012212
0.509291179927239,0.909893244146919,17,1,450012212
0.44126408127939,0.842960363201148,17,1,450012212
0.149801532628197,0.129130505284794,17,1,450012212
0.859675246527373,0.528554798045913,17,1,450012212
0.034088673926048,0.599572947385158,17,1,450012212
0.703844246778837,0.492229938838553,17,1,450012212
0.317618031013814,0.599675773152774,17,1,450012212
0.965954297749631,0.382164337642994,17,1,450012212
0.0880290283421357,0.0868524683638201,17,1,450012212
0.509076751143389,0.223710137308865,17,1,450012212
0.258565604888821,0.357451242599145,17,1,450012212
0.040659248283891,0.825478650734855,17,1,450012212
0.564623316169172,0.548997009613773,17,1,450012212
0.626221038888834,0.578595766898753,17,1,450012212
0.320887407445082,0.542601608718916,17,1,450012212
0.221242620365451,0.685147707997823,17,1,450012212
0.10866448601138,0.447751894070467,17,1,450012212
0.0988677017024351,0.792369138845913,17,1,450012212
0.499528147654696,0.958632053346504,17,1,450012212
0.391167625292131,0.671253685448213,17,1,450012212
0.228635179600933,0.356666589920893,17,1,450012212
0.840539204089393,0.220946284677316,17,1,450012212
0.187832989027379,0.365863917627452,17,1,450012212
0.0790292018395109,0.77233205051087,17,1,450012212
0.487799531509995,0.414196502848062,17,1,450012212
0.172116726919884,0.626973518843425,17,1,450012212
0.548122876402268,0.0179639205752382,17,1,450012212
0.382872307315884,0.631235683504172,17,1,450012212
0.359187127644573,0.0799876435663087,17,1,450012212
0.205835106135111,0.335815183450388,17,1,450012212
0.291220589210147,0.142257223422308,17,1,450012212
0.545555661490216,0.735963027769169,17,1,450012212
0.0442813542927318,0.998659635493667,17,1,450012212
0.144614771528596,0.315637409050937,17,1,450012212
0.670123277485596,0.8860470537583,17,1,450012212
0.862287360628424,0.676091918314332,17,1,450012212
0.646382621528732,0.710930429079164,17,1,450012212
0.345844775909136,0.593332389757196,17,1,450012212
0.710823002087892,0.42114658800115,17,1,450012212
0.719009411790673,0.73172901944835,17,1,450012212
0.471776847145282,0.523156764608934,17,1,450012212
0.860690324694316,0.370382287996168,17,1,450012212
0.279487793959414,0.546684761224218,17,1,450012212
0.974039509376656,0.647508703299869,17,1,450012212
0.129667488322622,0.199107418192558,17,1,450012212
0.812399250811002,0.749509747541897,17,1,450012212
0.950818829368046,0.941728051712497,17,1,450012212
0.0807169045155351,0.748458496461865,17,1,450012212
0.757004615817433,0.808382627437383,17,1,450012212
0.0893709496482442,0.928828177911579,17,1,450012212
0.239062549449494,0.429295452698658,17,1,450012212
0.228923456035365,0.129845350165221,17,1,450012212
0.707975139908075,0.779174580587513,17,1,450012212
0.484895377404318,0.147655613067319,17,1,450012212
0.226183617192191,0.782056688921843,17,1,450012212
0.625233833118528,0.00159530630525762,17,1,450012212
0.980928386060515,0.348283449840556,17,1,450012212
0.30615479130062,0.731804559649641,17,1,450012212
0.915664977664216,0.567998520284777,17,1,450012212
0.949185814167714,0.570087764708461,17,1,450012212
0.875970454639131,0.79889008355086,17,1,450012212
0.456067056402698,0.970621492204364,17,1,450012212
0.675343568854459,0.960926272445871,17,1,450012212
0.677756756108899,0.174922359880097,17,1,450012212
0.321918540589456,0.882842285435048,17,1,450012212
0.235555978228569,0.1644660009894,17,1,450012212
0.13783283970865,0.151791339936971,17,1,450012212
0.183285384845588,0.489061200556362,17,1,450012212
0.635683545133087,0.763483405202274,17,1,450012212
0.669929258319235,0.427903023531038,17,1,450012212
0.127505392363685,0.77473247040756,17,1,450012212
0.231319545495669,0.244651563961123,17,1,450012212
0.0898579018322057,0.402243557815593,17,1,450012212
0.623006613824036,0.303548918234751,17,1,450012212
0.465726999821523,0.348778793154382,17,1,450012212
0.708494170072777,0.228515831454765,17,1,450012212
0.461912054153918,0.935405992332698,17,1,450012212
0.583530210676986,0.0899801137815601,17,1,450012212
0.799851758913769,0.56826893787315,17,1,450012212
0.832440437428914,0.252095566339272,17,1,450012212
0.919934926353721,0.91939486048724,17,1,450012212
0.890245783303028,0.230401218823182,17,1,450012212
0.772423917324232,0.406560190447826,17,1,450012212
0.130434424624716,0.638356210730676,17,1,450012212
0.291280576920699,0.266780118708763,17,1,450012212
0.398185647726181,0.871036306297924,17,1,450012212
0.790347578953961,0.528952231646221,17,1,450012212
0.500930214451008,0.321132204065657,17,1,450012212
0.360765844109038,0.358239505839429,17,1,450012212
0.320441515721909,0.419537630342777,17,1,450012212
0.582456541702094,0.993016492270624,17,1,450012212
0.554303169684086,0.441271234124033,17,1,450012212
0.474131069951964,0.389569764737526,17,1,450012212
0.358496335255492,0.297519080058585,17,1,450012212
0.760577302075863,0.85174944163634,17,1,450012212
0.525876920612849,0.429527525394749,17,1,450012212
0.12248598856667,0.783658548741036,17,1,450012212
0.784503868805543,0.326758518895558,17,1,450012212
0.595284050618455,0.597150446368347,17,1,450012212
0.0328346038228144,0.273797217398342,17,1,450012212
0.367944902283043,0.635689729931173,17,1,450012212
0.0549990828072406,0.231914362841392,17,1,450012212
0.483064525853934,0.713728249116321,17,1,450012212
0.0119758165168298,0.642466892875263,17,1,450012212
0.25878913597507,0.149341115904496,17,1,450012212
0.0551678166840937,0.976141604601406,17,1,450012212
0.620813211573547,0.000454660153860864,17,1,450012212
0.470500572022293,0.464357869812178,17,1,450012212
0.132525982460927,0.554235094125114,17,1,450012212
0.402956811100674,0.474807274919253,17,1,450012212
0.43937765884557,0.554659412296642,17,1,450012212
0.346135478835722,0.572814172260151,17,1,450012212
0.677412003070334,0.553301185183597,17,1,450012212
0.110431042784041,0.616183933089622,17,1,450012212
0.320179975359868,0.909323957539782,17,1,450012212
0.983223266483863,0.817349753808689,17,1,450012212
0.337655066020412,0.6215868423125,17,1,450012212
0.995184951758087,0.579172722234311,17,1,450012212
0.0795132034960515,0.596938444216779,17,1,450012212
0.698163155666611,0.757279337215623,17,1,450012212
0.731622387190481,0.637911711771048,17,1,450012212
0.965230542454941,0.331276361412287,17,1,450012212
0.478277383189694,0.858883513189296,17,1,450012212
0.0591969159289789,0.436608673113049,17,1,450012212
0.404553751755001,0.876300918432282,17,1,450012212
0.44419112752658,0.00939912634651541,17,1,450012212
0.292394058173738,0.230853144709484,17,1,450012212
0.569967501571209,0.759428557464634,17,1,450012212
0.602967841011782,0.0620120673665854,17,1,450012212
0.805209160921708,0.990281825650936,17,1,450012212
0.773347124103738,0.699357608923953,17,1,450012212
0.568837489265811,0.240865774709504,17,1,450012212
0.885254021107476,0.929605211593554,17,1,450012212
0.77173660542885,0.184862402635319,17,1,450012212
0.739547274695055,0.0152998536508595,17,1,450012212
0.84450892718536,0.133292343384055,17,1,450012212
0.726139706060317,0.478329312511625,17,1,450012212
0.348347232447974,0.36277452114348,17,1,450012212
0.15269292820757,0.910618583266858,17,1,450012212
0.41265661603173,0.0666989504395152,17,1,450012212
0.525333957163119,0.392874537308199,17,1,450012212
0.922913330840391,0.914311739454587,17,1,450012212
0.752558415641753,0.910392451685282,17,1,450012212
0.896530206056316,0.845005501633803,17,1,450012212
0.137119416639393,0.848944475755215,17,1,450012212
0.822360614761729,0.792833175446886,17,1,450012212
0.682889287248217,0.0419867214955723,17,1,450012212
0.256056693121428,0.230132073722769,17,1,450012212
0.631933453866017,0.566936960803843,17,1,450012212
0.326193676485009,0.89597428902314,17,1,450012212
0.63458768101569,0.921272646532683,17,1,450012212
0.161743851412768,0.896660199777232,17,1,450012212
0.0997520283383158,0.215588157689474,17,1,450012212
0.933033719917129,0.623452175874712,17,1,450012212
0.661056438819442,0.801208886835211,17,1,450012212
0.521945866408196,0.583150828391019,17,1,450012212
0.297268050908165,0.922222715617639,17,1,450012212
0.929014304293423,0.0787702718775209,17,1,450012212
0.655858427979994,0.23158036528883,17,1,450012212
0.336887674313728,0.00705644486261559,17,1,450012212
0.910522341242901,0.260841983778112,17,1,450012212
0.635282895134091,0.869854750886552,17,1,450012212
0.150763581470047,0.768286466776448,17,1,450012212
0.834523337209005,0.205697958867508,17,1,450012212
0.612829454246623,0.701734578711191,17,1,450012212
0.229752017894971,0.579757639648764,17,1,450012212
0.441071859565322,0.126845380894747,17,1,450012212
0.615158775660338,0.366743411216023,17,1,450012212
0.0743427544054402,0.570265249299093,17,1,450012212
0.785983567354672,0.815741316803674,17,1,450012212
0.630400732736016,0.589913796379218,17,1,450012212
0.725011020376004,0.105582484870129,17,1,450012212
0.0361071444496872,0.0346753853750601,17,1,450012212
0.114049649634083,0.306392483055626,17,1,450012212
0.262886122552656,0.442109924325373,17,1,450012212
0.221110954619051,0.443372664578777,17,1,450012212
0.26692479781213,0.0459206018050751,17,1,450012212
0.685132593672213,0.0480402508388025,17,1,450012212
0.267966361102541,0.858920612720589,17,1,450012212
0.541797510848143,0.706938341779901,17,1,450012212
0.383384606627236,0.536208575972672,17,1,450012212
0.344724661285057,0.495006905508863,17,1,450012212
0.328445131944469,0.819204100771633,17,1,450012212
0.566417663059737,0.693138877199286,17,1,450012212
0.194150234341738,0.062568954823369,17,1,450012212
0.195572623609158,0.690860711367479,17,1,450012212
0.463513212148219,0.694917494579064,17,1,450012212
0.915958855556699,0.82123322515392,17,1,450012212
0.438552947036079,0.695353725017441,17,1,450012212
0.521035506584515,0.130999653265558,17,1,450012212
0.175926735080427,0.805359133608296,17,1,450012212
0.509891266872533,0.815681595656324,17,1,450012212
0.874062302526911,0.929067697598472,17,1,450012212
0.626895133141206,0.156217632139277,17,1,450012212
0.0383156061240539,0.142912690430426,17,1,450012212
0.47883190356094,0.556711861322488,17,1,450012212
0.200903279977704,0.777911216901645,17,1,450012212
0.227640092072766,0.839082525775306,17,1,450012212
0.226435513466098,0.336820561080653,17,1,450012212
0.698014925472444,0.0330292102359853,17,1,450012212
0.332350435090702,0.881908368987064,17,1,450012212
0.422888666502484,0.538561144791757,17,1,450012212
0.0938743457973485,0.946944659734897,17,1,450012212
0.966241607337776,0.610714133514398,17,1,450012212
0.812217324006866,0.306870303752688,17,1,450012212
0.331327264419684,0.211907899014147,17,1,450012212
0.16939940392102,0.515213536688589,17,1,450012212
0.869016104195904,0.457481284031359,17,1,450012212
0.460928233991342,0.23855562679918,17,1,450012212
0.108413106145798,0.980190950019135,17,1,450012212
0.486085909462503,0.351774823903006,17,1,450012212
0.362368955641517,0.967225681631039,17,1,450012212
0.0183140759759637,0.0134796996306834,17,1,450012212
0.627491522441574,0.608686676233055,17,1,450012212
0.990832573705766,0.0454375926410115,17,1,450012212
0.87760518990349,0.177710783015046,17,1,450012212
0.0687142669261398,0.955222295794807,17,1,450012212
0.38492059297436,0.972637990787156,17,1,450012212
0.344100499486773,0.0431342606878129,17,1,450012212
0.778414665397623,0.963327975332702,17,1,450012212
0.0955238680618136,0.913708683213198,17,1,450012212
0.122205819021606,0.555975872517419,17,1,450012212
0.00135537516694484,0.0823392075255205,17,1,450012212
0.541481971581084,0.911871031786472,17,1,450012212
0.643406400075246,0.0239773096674414,17,1,450012212
0.446263820720535,0.151906223218875,17,1,450012212
0.213635740680206,0.678388157264744,17,1,450012212
0.610122284878464,0.666762745013223,17,1,450012212
0.988043851236204,0.936448795544487,17,1,450012212
0.43588458490106,0.0500313240520693,17,1,450012212
0.499527493889492,0.682562215663442,17,1,450012212
0.131712617863624,0.0399503265554459,17,1,450012212
0.542165435061422,0.206856896474557,17,1,450012212
0.531537487811986,0.928886737101337,17,1,450012212
0.623834936110835,0.510445214908573,17,1,450012212
0.96993022009768,0.872488633299813,17,1,450012212
0.545980315325058,0.0794559312401617,17,1,450012212
0.70871889710828,0.379059707924199,17,1,450012212
0.909259658900206,0.615457785144051,17,1,450012212
0.66709193292827,0.230074026880704,17,1,450012212
0.524616651574434,0.947437634340806,17,1,450012212
0.604792400599649,0.117474743034797,17,1,450012212
0.0611468242875199,0.615111394886188,17,1,450012212
0.865334090870046,0.636106455899641,17,1,450012212
0.354176032079939,0.66759164847536,17,1,450012212
0.435993052564496,0.993984724384819,17,1,450012212
0.000857674774604078,0.792575649451754,17,1,450012212
0.518197197241496,0.638254080974171,17,1,450012212
0.579036272689248,0.298493120021494,17,1,450012212
0.954603424962371,0.921106447009369,17,1,450012212
0.473886891742168,0.124705188077835,17,1,450012212
0.0492876352371412,0.721352520719194,17,1,450012212
0.294396735464641,0.626301386349597,17,1,450012212
0.18460676492084,0.603351280664685,17,1,450012212
0.161266908103568,0.975718424351015,17,1,450012212
0.818777672592103,0.393981932070617,17,1,450012212
0.873533220753905,0.493066025162923,17,1,450012212
0.324897246362354,0.329559529799214,17,1,450012212
0.89222229240673,0.20803356721541,17,1,450012212
0.314932451086204,0.728146408767099,17,1,450012212
0.587664922355975,0.177762608155336,17,1,450012212
0.459193119446948,0.985219885770737,17,1,450012212
0.897916487816797,0.734228126830508,17,1,450012212
0.962137338820883,0.471874538610838,17,1,450012212
0.639829075101074,0.884661049438264,17,1,450012212
0.90080328461989,0.257617511710387,17,1,450012212
0.791300241083459,0.565319915010162,17,1,450012212
0.386757191318332,0.878198361685057,17,1,450012212
0.0946327938811129,0.0862320172519624,17,1,450012212
0.891276583771086,0.944367512837251,17,1,450012212
0.997385182636537,0.828402674288705,17,1,450012212
0.41447361681367,0.11233369819536,17,1,450012212
0.320308927298555,0.121935493381486,17,1,450012212
0.146665382760749,0.801040323168819,17,1,450012212
0.875830670368758,0.357861850362077,17,1,450012212
0.806734692357783,0.977972090658605,17,1,450012212
0.053751111528916,0.982909454543129,17,1,450012212
0.641019991543132,0.568773650164722,17,1,450012212
0.261332407226745,0.849693729359282,17,1,450012212
0.2260388435231,0.555103247892914,17,1,450012212
0.59252666690892,0.174397494520597,17,1,450012212
0.269392985727455,0.824510081746514,17,1,450012212
0.481198700379392,0.816274606311301,17,1,450012212
0.483314399579071,0.504904695079981,17,1,450012212
0.796324200569713,0.0843955372249381,17,1,450012212
0.821089956266333,0.0953926763193209,17,1,450012212
0.686386351432798,0.885170359331171,17,1,450012212
0.385625551186722,0.66856059863685,17,1,450012212
0.286635841674564,0.175230375302461,17,1,450012212
0.699665850633625,0.750074331210853,17,1,450012212
0.262249387391505,0.153410131743315,17,1,450012212
0.065974189879114,0.656030531280792,17,1,450012212
0.732009685642137,0.361727751609861,17,1,450012212
0.77296878516576,0.782382893732836,17,1,450012212
0.667769596930895,0.664101419355607,17,1,450012212
0.225069307005603,0.979687831914196,17,1,450012212
0.734455016385275,0.925895950350162,17,1,450012212
0.313820437617408,0.343388412755061,17,1,450012212
0.92297633261418,0.227618764352543,17,1,450012212
0.553206768036201,0.386116265201227,17,1,450012212
0.105606672772379,0.446833965395044,17,1,450012212
0.969339670895974,0.138514909320748,17,1,450012212
0.502445076194552,0.330103705903244,17,1,450012212
0.437500297647306,0.24425862315455,17,1,450012212
0.201575607409424,0.239965281634566,17,1,450012212
0.0560626360767529,0.678758916287257,17,1,450012212
0.892841899998138,0.590866327614862,17,1,450012212
0.254111669185385,0.114620624748488,17,1,450012212
0.64743318814028,0.465215330090969,17,1,450012212
0.462758885703973,0.471747394063481,17,1,450012212
0.600850342773936,0.0179457916534718,17,1,450012212
0.655032725876659,0.268647833184388,17,1,450012212
0.792404850078755,0.757307108624016,17,1,450012212
0.240069357632531,0.535393414163903,17,1,450012212
0.971963277809657,0.359868707323712,17,1,450012212
0.960600568725968,0.934965239223555,17,1,450012212
0.619563738958996,0.852927068205969,17,1,450012212
0.243988523846149,0.593842922452753,17,1,450012212
0.59618743447801,0.033266035381156,17,1,450012212
0.742922321560891,0.777215150079295,17,1,450012212
0.870213417099925,0.364803360708775,17,1,450012212
0.297659586238652,0.641453697893934,17,1,450012212
0.826199069003099,0.0916059745444306,17,1,450012212
0.785081712840732,0.368906179172714,17,1,450012212
0.142293639632122,0.647947447154579,17,1,450012212
0.406448525503206,0.606412021194161,17,1,450012212
0.662410492594076,0.644178949028608,17,1,450012212
0.966653370966966,0.0990814206996433,17,1,450012212
0.784636319352374,0.626628130554018,17,1,450012212
0.0379343938236154,0.297783531555953,17,1,450012212
0.393362951819356,0.0928435299276864,17,1,450012212
0.00182012121526021,0.939509516876314,17,1,450012212
0.374732422516365,0.992098080963658,17,1,450012212
0.72104725079606,0.285852621795518,17,1,450012212
0.948399646600515,0.894029357937142,17,1,450012212
0.887237687074651,0.814095568843381,17,1,450012212
0.932632111817848,0.832780225946718,17,1,450012212
0.691157951033265,0.795031486193875,17,1,450012212
0.924464025284299,0.490282193857988,17,1,450012212
0.145508694839087,0.171113156640305,17,1,450012212
0.170842964970314,0.607750064794359,17,1,450012212
