0.607613848474792,0.393877426923126,17,1,450012212
0.434558022122689,0.329671152138267,17,1,450012212
0.873427095203611,0.926284697621231,17,1,450012212
0.333952449820202,0.394056176090079,17,1,450012212
0.0736613648497519,0.87983243082301,17,1,450012212
0.815715322792156,0.71690240450167,17,1,450012212
0.504725296273294,0.346734238642353,17,1,450012212
0.338684171797254,0.25062305593349,17,1,450012212
0.908132128570504,0.0836437118411413,17,1,450012212
0.199423179274884,0.50833302824524,17,1,450012212
0.983131376999481,0.588587647207261,17,1,450012212
0.897864911938069,0.345908403917739,17,1,450012212
0.727885749555527,0.350458994900965,17,1,450012212
0.607540387576963,0.104932705831077,17,1,450012212
0.427502188864374,0.655849186781562,17,1,450012212
0.854954342749885,0.343731450982621,17,1,450012212
0.164533128217659,0.623233514509971,17,1,450012212
0.0232876327506881,0.233995982645982,17,1,450012212
0.00593782785883912,0.605912061016779,17,1,450012212
0.218736237727951,0.879143968400827,17,1,450012212
0.683469757593955,0.988366129441967,17,1,450012212
0.775936905748742,0.520264764909295,17,1,450012212
0.939150240280413,0.153830762856499,17,1,450012212
0.995461698018589,0.803906991875789,17,1,450012212
0.934376316312301,0.141239676411866,17,1,450012212
0.989396060073281,0.508394704878699,17,1,450012212
0.202784983362121,0.802315326666346,17,1,450012212
0.6055328853636,0.214790007493037,17,1,450012212
0.189407075115053,0.425331501059764,17,1,450012212
0.0054984723218432,0.736816111241537,17,1,450012212
0.294291187023885,0.969857987411765,17,1,450012212
0.172252757468641,0.877385519380267,17,1,450012212
0.625474332798657,0.176887220784855,17,1,450012212
0.612274053056544,0.149291480558521,17,1,450012212
0.444467243086758,0.139700342583486,17,1,450012212
0.141975632146705,0.0290664443299766,17,1,450012212
0.892055469477742,0.47212740198589,17,1,450012212
0.298809236212314,0.24384878045925,17,1,450012212
0.66870902475551,0.0800260993515463,17,1,450012212
0.662614337253305,0.804985636462066,17,1,450012212
0.895247941007099,0.16265623690339,17,1,450012212
0.648727562939724,0.289847397275272,17,1,450012212
0.00975858363071413,0.266577761357637,17,1,450012212
0.101400485108629,0.948583154764086,17,1,450012212
0.846054861702023,0.159056982775263,17,1,450012212
0.187868575201083,0.527648105096911,17,1,450012212
0.651588559983789,0.927711410925362,17,1,450012212
0.4044067156076,0.911985415703975,17,1,450012212
0.51694986585098,0.620281515967629,17,1,450012212
0.936124304224901,0.706408520919418,17,1,450012212
0.896555132010556,0.848371791158732,17,1,450012212
0.33018773757067,0.366079131335709,17,1,450012212
0.482356971358345,0.360056181289078,17,1,450012212
0.170715850799347,0.234309238091638,17,1,450012212
0.694705338796425,0.292268299410539,17,1,450012212
0.75662186593727,0.513706846780631,17,1,450012212
0.695217493963924,0.767271596893823,17,1,450012212
0.956715935956323,0.199468327977461,17,1,450012212
0.338209734699666,0.0179679211734265,17,1,450012212
0.827849915828998,0.825032470916982,17,1,450012212
0.665814565430266,0.568559852890625,17,1,450012212
0.333149920743541,0.556458822017525,17,1,450012212
0.998399269343263,0.262649705786182,17,1,450012212
0.170698159302238,0.773417622944138,17,1,450012212
0.573086202450933,0.363512903147206,17,1,450012212
0.642340157231709,0.888026971777866,17,1,450012212
0.405255909111477,0.889000827361992,17,1,450012212
0.3908196977215,0.367007345385574,17,1,450012212
0.229244653210273,0.360987151665229,17,1,450012212
0.0674277529547411,0.304101202944227,17,1,450012212
0.54048463658802,0.628336156882952,17,1,450012212
0.983281621260163,0.144228663894664,17,1,450012212
0.320601018345092,0.0565621982578994,17,1,450012212
0.497274060547947,0.592314262815083,17,1,450012212
0.803572193577465,0.849128606449343,17,1,450012212
0.629616072338472,0.528291397752208,17,1,450012212
0.781113331781324,0.675807280197411,17,1,450012212
0.606942830197772,0.62298764742328,17,1,450012212
0.13475142029163,0.678993877833132,17,1,450012212
0.167654494806569,0.325470768712428,17,1,450012212
0.760566402826899,0.139241547692216,17,1,450012212
0.202119202008602,0.9315137186442,17,1,450012212
0.916345135726926,0.371850943319807,17,1,450012212
0.335825753643392,0.514581723645241,17,1,450012212
0.0580693447001597,0.0843000865944807,17,1,450012212
0.0966244737892794,0.129633981740422,17,1,450012212
0.338903647351766,0.341787841488665,17,1,450012212
0.266702531421885,0.693237175606997,17,1,450012212
0.956918404590944,0.090975368241156,17,1,450012212
0.226080761040391,0.266550400584769,17,1,450012212
0.647548201683173,0.833968567296645,17,1,450012212
0.300730436621754,0.836231157276596,17,1,450012212
0.810576507149788,0.618094065896933,17,1,450012212
0.50880554121041,0.718568544379601,17,1,450012212
0.324729220201312,0.27827837957572,17,1,450012212
0.641472806624667,0.62881138880163,17,1,450012212
0.533320520962182,0.966989431375202,17,1,450012212
0.795148715084683,0.137701917107548,17,1,450012212
0.27118960545386,0.412389349341947,17,1,450012212
0.242450983942177,0.646515774087575,17,1,450012212
0.489787034514297,0.104309601103671,17,1,450012212
0.38940528754687,0.262700003302294,17,1,450012212
0.392054179574403,0.581205536929368,17,1,450012212
0.642082075970217,0.613264331614678,17,1,450012212
0.577036656118348,0.121041219826053,17,1,450012212
0.18425977458545,0.123014681120278,17,1,450012212
0.266702419551554,0.967308060494275,17,1,450012212
0.622383805868259,0.00302429268005899,17,1,450012212
0.620329376399249,0.406794564926219,17,1,450012212
0.566366197228276,0.384746474431883,17,1,450012212
0.129917043486418,0.515686602755188,17,1,450012212
0.914771523048142,0.849702078271779,17,1,450012212
0.327344170092729,0.657974531443789,17,1,450012212
0.850010517683569,0.375019176946973,17,1,450012212
0.403078422629305,0.0194363983752792,17,1,450012212
0.24332805440409,0.247221133413802,17,1,450012212
0.854868032372798,0.587662999010619,17,1,450012212
0.133918788078712,0.258888247580577,17,1,450012212
0.894248536579318,0.0800696291718987,17,1,450012212
0.201736956006108,0.447802959370475,17,1,450012212
0.494686698343239,0.349314919298608,17,1,450012212
0.851413633592893,0.89146149524522,17,1,450012212
0.608290273503808,0.905236588224641,17,1,450012212
0.250802753105476,0.350546803392384,17,1,450012212
0.541381373721315,0.346299969784689,17,1,450012212
0.137492931278381,0.185268470691907,17,1,450012212
0.599464432368657,0.440319892021993,17,1,450012212
0.794913567440322,0.0449005334629393,17,1,450012212
0.439493464391329,0.00596824990786193,17,1,450012212
0.412673100359659,0.373944010929669,17,1,450012212
0.0363641807317876,0.562599050758458,17,1,450012212
0.152826610812747,0.718180296670668,17,1,450012212
0.361436277764434,0.52543239646118,17,1,450012212
0.855042282696888,0.604646501408669,17,1,450012212
0.0708109313837482,0.0173831376356122,17,1,450012212
0.806427190986457,0.882507378811405,17,1,450012212
0.221224925718349,0.829172536498261,17,1,450012212
0.0827302056479111,0.379000462000153,17,1,450012212
0.333678160277429,0.70416148042806,17,1,450012212
0.458593827981303,0.104200544546597,17,1,450012212
0.110467999951099,0.982055420902845,17,1,450012212
0.157339611543616,0.750000383619978,17,1,450012212
0.708986728007425,0.585861728466005,17,1,450012212
0.528593449459632,0.822822277356931,17,1,450012212
0.301760668623675,0.413087019146485,17,1,450012212
0.839064610312748,0.262179423289642,17,1,450012212
0.77132763320513,0.0944790373652888,17,1,450012212
0.785791796373197,0.208348076972973,17,1,450012212
0.872640348354624,0.607135570685722,17,1,450012212
0.79693489448453,0.0422468099141282,17,1,450012212
0.845986630010169,0.806252691372642,17,1,450012212
0.824527746181245,0.317941096894648,17,1,450012212
0.688721442333655,0.171109162828514,17,1,450012212
0.61784067018875,0.59177529879019,17,1,450012212
0.411489851566747,0.0494747354273084,17,1,450012212
0.025814026937987,0.786835740463693,17,1,450012212
0.159956064813892,0.891500012428941,17,1,450012212
0.373648281564491,0.579634157254652,17,1,450012212
0.304189734879174,0.0457479539047883,17,1,450012212
0.523129358429165,0.120155657928926,17,1,450012212
0.661464649037456,0.718112596180936,17,1,450012212
0.712383296913197,0.786141775491031,17,1,450012212
0.539621458300041,0.597085592695077,17,1,450012212
0.182968707924021,0.136909037729722,17,1,450012212
0.638985365982765,0.682309507393718,17,1,450012212
0.177006709645499,0.533788454884988,17,1,450012212
0.757111647590859,0.0669801717539611,17,1,450012212
0.851358612857344,0.550525609496531,17,1,450012212
0.64578773080345,0.758641380933686,17,1,450012212
0.39752793577211,0.193756671529433,17,1,450012212
0.12230096666044,0.430345019948215,17,1,450012212
0.192430690181684,0.69834522464551,17,1,450012212
0.0828081013472195,0.108926283051744,17,1,450012212
0.8141275998421,0.474637300167857,17,1,450012212
0.0836475181327316,0.373536447164744,17,1,450012212
0.19676955657169,0.203724709477765,17,1,450012212
0.762793456226284,0.283352719834252,17,1,450012212
0.944908144263354,0.754442082379073,17,1,450012212
0.235760219915428,0.5685562049468,17,1,450012212
0.457877883252337,0.0114151123932484,17,1,450012212
0.385554867579925,0.837163300430229,17,1,450012212
0.997617583084534,0.559510043032463,17,1,450012212
0.701364171613415,0.0252041918129153,17,1,450012212
0.514761395793859,0.921138315686436,17,1,450012212
0.736824949912028,0.398859422619448,17,1,450012212
0.412720928092242,0.416306572055014,17,1,450012212
0.665179517935966,0.480037660296125,17,1,450012212
0.653255968663474,0.933287450659903,17,1,450012212
0.0383440079369886,0.721746650169409,17,1,450012212
0.43679216812871,0.969177282435356,17,1,450012212
0.943207465326769,0.354622095924242,17,1,450012212
0.475008833089887,0.840914155761951,17,1,450012212
0.690408579049455,0.0753526482544284,17,1,450012212
0.00487031426943574,0.848130669162543,17,1,450012212
0.622103097263522,0.301321997994022,17,1,450012212
0.589650773751354,0.38138253384122,17,1,450012212
0.603062094339691,0.10618880813178,17,1,450012212
0.310155257160377,0.092428451808338,17,1,450012212
0.234981728169045,0.0460645111091638,17,1,450012212
0.704339055896287,0.0460596625231928,17,1,450012212
0.325070135869558,0.00962531138554867,17,1,450012212
0.896802375008837,0.286106039331072,17,1,450012212
0.391139105092282,0.56921747115097,17,1,450012212
0.0105067408577395,0.304705310811233,17,1,450012212
0.386571365180505,0.527883981218243,17,1,450012212
0.351539289506336,0.1179028685443,17,1,450012212
0.349711382708712,0.669608196351933,17,1,450012212
0.783012130463315,0.197720611391091,17,1,450012212
0.764045407241259,0.489433373714179,17,1,450012212
0.00745947998486951,0.931537139653363,17,1,450012212
0.321764561649577,0.746931382725008,17,1,450012212
0.847033059806262,0.56253853929102,17,1,450012212
0.987345652722559,0.440199294496393,17,1,450012212
0.0867965079410991,0.465910176861477,17,1,450012212
0.174830007020578,0.284572660980346,17,1,450012212
0.0290371108377148,0.435249991406343,17,1,450012212
0.0867262629731771,0.957411966064909,17,1,450012212
0.781560191167716,0.385383482560851,17,1,450012212
0.404682980160676,0.762586729994291,17,1,450012212
0.927583108406876,0.821655425989293,17,1,450012212
0.684370649785523,0.309584887908304,17,1,450012212
0.158716113294377,0.860383907374128,17,1,450012212
0.720840739428165,0.538533322407236,17,1,450012212
0.262890258423179,0.810266189500349,17,1,450012212
0.85834783890288,0.0636706427014508,17,1,450012212
0.0811577856099106,0.366135049725656,17,1,450012212
0.67664897373053,0.863181037999748,17,1,450012212
0.717972662614167,0.108910370608598,17,1,450012212
0.633082455352122,0.755219057575665,17,1,450012212
0.276343705304425,0.235670529586034,17,1,450012212
0.575984644307645,0.101717274218577,17,1,450012212
0.413234643665041,0.360645449413844,17,1,450012212
0.548742738906973,0.373337037797643,17,1,450012212
0.171007906723296,0.278517340305531,17,1,450012212
0.702311851916357,0.23081753963869,17,1,450012212
0.501629637940932,0.558198619305763,17,1,450012212
0.536318972053226,0.995611393131129,17,1,450012212
0.581664436700626,0.214574972132032,17,1,450012212
0.808436166407543,0.175789400320252,17,1,450012212
0.563865967113369,0.52480024085703,17,1,450012212
0.134606377162514,0.882653676707152,17,1,450012212
0.144643944489244,0.18346851907648,17,1,450012212
0.263073582408403,0.133862779296983,17,1,450012212
0.660115360747724,0.417504178810012,17,1,450012212
0.704913172420413,0.322676538306268,17,1,450012212
0.198398611092511,0.154608006255443,17,1,450012212
0.556662589359116,0.181792861706265,17,1,450012212
0.872093027721019,0.806360689081314,17,1,450012212
0.677844949865637,0.430123801948503,17,1,450012212
0.445616454118919,0.987799433838752,17,1,450012212
0.333707839599009,0.428916491708379,17,1,450012212
0.622500690379209,0.385399760177682,17,1,450012212
0.458283223129708,0.519417137394909,17,1,450012212
0.64017444860738,0.0611366254425825,17,1,450012212
0.0583244563291956,0.310936337175619,17,1,450012212
0.478712645508854,0.17081647204538,17,1,450012212
0.552818633972856,0.414066672492776,17,1,450012212
0.655590280486748,0.0128764928241596,17,1,450012212
0.04795485398955,0.264036903412206,17,1,450012212
0.261160802941737,0.389123430487525,17,1,450012212
0.752768821735718,0.428131643534364,17,1,450012212
0.485198604896263,0.835393620073767,17,1,450012212
0.718426495610804,0.185519589247094,17,1,450012212
0.168190743694574,0.589711630480007,17,1,450012212
0.473916079955723,0.478481978714695,17,1,450012212
0.647900092924223,0.330546421281951,17,1,450012212
0.124581553297375,0.222262397680847,17,1,450012212
0.967110724682271,0.78161056126427,17,1,450012212
0.74061345663472,0.334308303768885,17,1,450012212
0.182947325698245,0.503419137897608,17,1,450012212
0.98126267016261,0.548084646363507,17,1,450012212
0.658305936570313,0.446251862469623,17,1,450012212
0.615183082132475,0.110894748961128,17,1,450012212
0.11713431560066,0.258573622327311,17,1,450012212
0.559971548787415,0.949605063109434,17,1,450012212
0.0879788663608925,0.651595799702652,17,1,450012212
0.846659671636394,0.300893600435723,17,1,450012212
0.23526751979326,0.370699265472115,17,1,450012212
0.587261506938239,0.318928385339376,17,1,450012212
0.670660523430256,0.453535867805429,17,1,450012212
0.229357558620089,0.274807101256834,17,1,450012212
0.134384437433479,0.0688324332496424,17,1,450012212
0.0415217270237447,0.686256273680451,17,1,450012212
0.531072376201334,0.922600332202677,17,1,450012212
0.557579097041319,0.572380243996506,17,1,450012212
0.375907965085452,0.194006966281952,17,1,450012212
0.261378896324674,0.7772053460518,17,1,450012212
0.721149797402133,0.719857528232151,17,1,450012212
0.159165021522408,0.435299104585136,17,1,450012212
0.796394023272779,0.955654135704651,17,1,450012212
0.849894824300397,0.214114140932764,17,1,450012212
0.167249483520218,0.570441697688962,17,1,450012212
0.608904265388938,0.030842833487859,17,1,450012212
0.856210025404158,0.638229653595226,17,1,450012212
0.204992640873345,0.6019811567026,17,1,450012212
0.768626187724987,0.951703888006227,17,1,450012212
0.57346380346898,0.926839116095365,17,1,450012212
0.958176756790931,0.36592772756172,17,1,450012212
0.230969012083252,0.123740063249768,17,1,450012212
0.55985019628554,0.942365061201053,17,1,450012212
0.0886722959654929,0.24281751396989,17,1,450012212
0.692843199137023,0.490382812545681,17,1,450012212
0.681418965679552,0.45513474357493,17,1,450012212
0.885257984375279,0.424587492218858,17,1,450012212
0.392571899271452,0.599013866238134,17,1,450012212
0.797927171366325,0.824769537621921,17,1,450012212
0.933193148597014,0.0676931929511682,17,1,450012212
0.991273170565048,0.0699842107866724,17,1,450012212
0.659580377285016,0.406160543913461,17,1,450012212
0.242939293747921,0.163738200137033,17,1,450012212
0.479770433871081,0.726368709073641,17,1,450012212
0.231490683741199,0.899094439544561,17,1,450012212
0.761572458096378,0.943248613595471,17,1,450012212
0.927874020543907,0.383426236251832,17,1,450012212
0.81283826538718,0.821130100323583,17,1,450012212
0.813364932095721,0.683856134218347,17,1,450012212
0.923289632823471,0.00113389895023897,17,1,450012212
0.316297658326431,0.522914924811253,17,1,450012212
0.345629397791327,0.665950806668897,17,1,450012212
0.160823709725863,0.717691909687904,17,1,450012212
0.0123982578357946,0.404776213565438,17,1,450012212
0.831146647311099,0.60995816377404,17,1,450012212
0.94506029040167,0.821437704219259,17,1,450012212
0.154280579873057,0.1899080285415,17,1,450012212
0.610484330097726,0.770237151857922,17,1,450012212
0.0330763144606929,0.819790776649995,17,1,450012212
0.0364706730277256,0.85850663253099,17,1,450012212
0.721257319023153,0.989747452521575,17,1,450012212
0.672912658730427,0.502888338866764,17,1,450012212
0.376310275569898,0.71896973764714,17,1,450012212
0.27733755390751,0.335774748574365,17,1,450012212
0.712135806734398,0.754193383989957,17,1,450012212
0.863758114256556,0.987764218552363,17,1,450012212
0.226734864543194,0.838040769773411,17,1,450012212
0.478210102786729,0.730932745942792,17,1,450012212
0.817704761773863,0.459813562693357,17,1,450012212
0.83756070034858,0.803457555305338,17,1,450012212
0.935121401063725,0.655609840737746,17,1,450012212
0.279922998597607,0.110487708274444,17,1,450012212
0.939249617063482,0.809639698038284,17,1,450012212
0.701056369949373,0.60300095937783,17,1,450012212
0.652080044807198,0.21805925397586,17,1,450012212
0.957940974099559,0.510046987218881,17,1,450012212
0.381107964163564,0.0145472264386299,17,1,450012212
0.304794623826723,0.736183557426582,17,1,450012212
0.288160454666772,0.603646010706742,17,1,450012212
0.856006975933765,0.739788614342805,17,1,450012212
0.561073202969992,0.19813441476987,17,1,450012212
0.331555735870743,0.35131718714262,17,1,450012212
0.485041726702431,0.685824799519801,17,1,450012212
0.322453888097147,0.708022243186421,17,1,450012212
0.514074537391929,0.162420340137313,17,1,450012212
0.326183201465359,0.637817429372544,17,1,450012212
0.82220978519378,0.433407348294894,17,1,450012212
0.638153526950138,0.715236650279546,17,1,450012212
0.131546790060388,0.4278791783073,17,1,450012212
0.981424381928349,0.472735309386996,17,1,450012212
0.556945717829897,0.0854653472666049,17,1,450012212
0.724507467425661,0.206602510903459,17,1,450012212
0.739583519812147,0.700561336932351,17,1,450012212
0.112293259894242,0.701974207209864,17,1,450012212
0.400249229087582,0.576655791696246,17,1,450012212
0.662097956433233,0.0570672786576498,17,1,450012212
0.818297402937114,0.342875225211077,17,1,450012212
0.273426527933201,0.262209227449266,17,1,450012212
0.346584139999976,0.303631945090292,17,1,450012212
0.45585652446743,0.967334410628029,17,1,450012212
0.517089945343103,0.244111131377148,17,1,450012212
0.950954587667312,0.830926003123004,17,1,450012212
0.00564153612451967,0.594958105939193,17,1,450012212
0.950330647545486,0.607449767129948,17,1,450012212
0.837417163976962,0.820757684098101,17,1,450012212
0.503973663814099,0.820983217003875,17,1,450012212
0.135525523359431,0.986170769523975,17,1,450012212
0.623862755945523,0.500626489599199,17,1,450012212
0.824135350145965,0.321246094715847,17,1,450012212
0.680772712876102,0.903660907544198,17,1,450012212
0.907725082518606,0.0273770232612653,17,1,450012212
0.272002897790981,0.529413171222583,17,1,450012212
0.294904457620032,0.703281106846049,17,1,450012212
0.540062488079115,0.438236023539601,17,1,450012212
0.0472651380241604,0.423781392283238,17,1,450012212
0.450847254538839,0.546239818595001,17,1,450012212
0.853516089460466,0.940504318118246,17,1,450012212
0.804769305973276,0.241623807498097,17,1,450012212
0.504738068565253,0.440363218495683,17,1,450012212
0.568040450858905,0.387300552619458,17,1,450012212
0.438671161419784,0.833760236842307,17,1,450012212
0.98558455839688,0.561246828856773,17,1,450012212
0.774213252858855,0.284218423803955,17,1,450012212
0.79119172005305,0.746202964354489,17,1,450012212
0.744615256032436,0.213321883513764,17,1,450012212
0.672999991410893,0.813894592163141,17,1,450012212
0.921495582412693,0.641241108612841,17,1,450012212
0.868716319107563,0.164418564072802,17,1,450012212
0.761050441611127,0.117489101129315,17,1,450012212
0.232634967820432,0.99145702311603,17,1,450012212
0.680448482772834,0.501648783561824,17,1,450012212
0.618349082302182,0.779682930510882,17,1,450012212
0.10026289400866,0.882562142704688,17,1,450012212
0.948992320165334,0.704351484393044,17,1,450012212
0.00913525893396661,0.767286598586924,17,1,450012212
0.70047001294183,0.246987449609402,17,1,450012212
0.585469882178274,0.139033022120351,17,1,450012212
0.80318591880328,0.621773014811787,17,1,450012212
0.223231172289138,0.11093961558282,17,1,450012212
0.708803597633521,0.425189687572274,17,1,450012212
0.0439971360956255,0.721272418078063,17,1,450012212
0.211688032216685,0.428031746367049,17,1,450012212
0.851717274246325,0.807059990187088,17,1,450012212
0.477615037704395,0.858209164795855,17,1,450012212
0.505807157301022,0.892889957415994,17,1,450012212
0.64852555190783,0.693003082858353,17,1,450012212
0.772093311073306,0.384033172240461,17,1,450012212
0.510272181636084,0.423176406553208,17,1,450012212
0.923199314432675,0.829200585374188,17,1,450012212
0.225618639014732,0.843044902949785,17,1,450012212
0.305776580778743,0.117397575567342,17,1,450012212
0.750307455834399,0.331146671876498,17,1,450012212
0.0546233021501552,0.624620262674251,17,1,450012212
0.71724091794955,0.256504073906494,17,1,450012212
0.550569553358323,0.870412872821218,17,1,450012212
0.316630151511449,0.668655423507921,17,1,450012212
0.715965304247114,0.0568474447738376,17,1,450012212
0.576445708390788,0.681674732079165,17,1,450012212
0.4178549639871,0.922003133775674,17,1,450012212
0.470270155844908,0.00250681931917374,17,1,450012212
0.433317997125267,0.540011482890248,17,1,450012212
0.42515046457276,0.938179854572173,17,1,450012212
0.647528960952841,0.368147728404797,17,1,450012212
0.13708104139621,0.072924199024766,17,1,450012212
0.370395349975071,0.182191840262625,17,1,450012212
0.291594460823639,0.651036531178447,17,1,450012212
0.537385732290946,0.327839236785966,17,1,450012212
0.864669817890353,0.0368451857644105,17,1,450012212
0.0716083947320243,0.452800549607952,17,1,450012212
0.327158654569585,0.36424139636911,17,1,450012212
0.623048265053511,0.555442574388025,17,1,450012212
0.971308084971188,0.541881359724275,17,1,450012212
0.838750302558515,0.120195970519674,17,1,450012212
0.135779424537252,0.147573678769365,17,1,450012212
0.144156560383838,0.968900124941608,17,1,450012212
0.949362375200815,0.715025405393241,17,1,450012212
0.371940556931793,0.981358658740908,17,1,450012212
0.610274285791324,0.557538825884463,17,1,450012212
0.51588936256789,0.959916053782828,17,1,450012212
0.966722652905017,0.969777492726662,17,1,450012212
0.730542883604287,0.00195429217918441,17,1,450012212
0.376209303501717,0.842105480002842,17,1,450012212
0.115335655150655,0.77068570557485,17,1,450012212
0.331309232212292,0.185508470906643,17,1,450012212
0.844306974528711,0.501910309631427,17,1,450012212
0.0376617021881511,0.984951080610913,17,1,450012212
0.983965054673343,0.920798818325682,17,1,450012212
0.906552174178412,0.309624926768123,17,1,450012212
0.0647372112155038,0.386306881991389,17,1,450012212
0.324702607869907,0.12729972942036,17,1,450012212
0.60239146571971,0.577185951037364,17,1,450012212
0.259627459236774,0.30067447060422,17,1,450012212
0.0812509695948518,0.0112657641872351,17,1,450012212
0.809131901628079,0.965748019022571,17,1,450012212
0.532376701303141,0.195539936401209,17,1,450012212
0.67909440324077,0.569942885648657,17,1,450012212
0.786159739692748,0.710987009149334,17,1,450012212
0.398801889343825,0.813358559298963,17,1,450012212
0.0774441080742427,0.988551559203447,17,1,450012212
0.469968540374701,0.367855435999516,17,1,450012212
0.894610246405702,0.0828887848089987,17,1,450012212
0.62891987811856,0.546708038444939,17,1,450012212
0.018905877491461,0.638461157390513,17,1,450012212
0.693614706651134,0.942883400139841,17,1,450012212
0.113905146467764,0.768906252711076,17,1,450012212
0.816596043114923,0.105988828726108,17,1,450012212
0.720402791474178,0.521541458993707,17,1,450012212
0.986159969533382,0.867300765047689,17,1,450012212
0.0671909731225582,0.23353478789552,17,1,450012212
0.795653661929216,0.604475447163506,17,1,450012212
0.655349516087763,0.92650047684392,17,1,450012212
0.382176691680071,0.56098820792051,17,1,450012212
0.617839902852786,0.24007175446972,17,1,450012212
0.214574603833618,0.741155201809981,17,1,450012212
0.426838144872584,0.0112923979527659,17,1,450012212
0.727671450756746,0.198428852423843,17,1,450012212
0.338874581692745,0.491984502525771,17,1,450012212
0.157903799919771,0.179977205855967,17,1,450012212
0.919360760456847,0.447679476548936,17,1,450012212
0.202891086709993,0.994972185303652,17,1,450012212
0.00841837642158172,0.15527958445911,17,1,450012212
0.840218404629465,0.566679308584656,17,1,450012212
0.796326737785701,0.113667151198911,17,1,450012212
0.708199581112909,0.247330464553171,17,1,450012212
0.572312067875664,0.0385063858718615,17,1,450012212
0.391368047182008,0.167922897928223,17,1,450012212
0.954815348067023,0.969332085985164,17,1,450012212
0.341086054837938,0.819384355765575,17,1,450012212
0.838018993738585,0.644986123569422,17,1,450012212
0.591033275121483,0.268787791826968,17,1,450012212
0.43068745179682,0.810901949653023,17,1,450012212
0.169887615181732,0.0932892606503737,17,1,450012212
0.27711623232012,0.0419207759000535,17,1,450012212
0.111541705569174,0.317978824743431,17,1,450012212
0.183092555238697,0.793123817996746,17,1,450012212
0.478729683426376,0.0739278528897152,17,1,450012212
0.856113807421359,0.678765279917247,17,1,450012212
0.995420341700469,0.459250626823958,17,1,450012212
0.76634468958006,0.943189638736962,17,1,450012212
0.367277650261286,0.846370263525143,17,1,450012212
0.325888075887532,0.691927745496759,17,1,450012212
0.291600922099617,0.45429934042203,17,1,450012212
0.266123070909933,0.614756638843634,17,1,450012212
0.380936152230468,0.723206627465375,17,1,450012212
0.670212063377094,0.459652809286491,17,1,450012212
0.544102726848864,0.0835207204716326,17,1,450012212
0.575220838719124,0.390404322435665,17,1,450012212
0.981532708808762,0.968547490499928,17,1,450012212
0.0460198808972871,0.841704666191084,17,1,450012212
0.132267889156451,0.916807897149429,17,1,450012212
0.101202449796742,0.997177619602839,17,1,450012212
0.892276303985678,0.677988770499037,17,1,450012212
0.46051035950943,0.303499445049518,17,1,450012212
0.293562371140976,0.895446567326979,17,1,450012212
0.526825867779434,0.13357217080809,17,1,450012212
0.890633590020331,0.813338144117246,17,1,450012212
0.203370810417792,0.919070769248173,17,1,450012212
0.519030185372765,0.100816073969948,17,1,450012212
0.570712801780341,0.406867406347097,17,1,450012212
0.187848144346151,0.402429448439019,17,1,450012212
0.0445466034234911,0.384966802220762,17,1,450012212
0.132778897544171,0.217382511485098,17,1,450012212
0.633998511657503,0.256672420314684,17,1,450012212
0.966398519291645,0.91753381825061,17,1,450012212
0.948319692523863,0.563365332156881,17,1,450012212
0.519521024167875,0.904578202211757,17,1,450012212
0.522878708504116,0.823574941109024,17,1,450012212
0.449653611245395,0.149570285493795,17,1,450012212
0.881827706362009,0.93624479567231,17,1,450012212
0.229200959403088,0.47767940395264,17,1,450012212
0.54546143820967,0.913340084415198,17,1,450012212
0.32286638022548,0.918044080901226,17,1,450012212
0.454589159232094,0.563673231166907,17,1,450012212
0.472480337643645,0.240189333994433,17,1,450012212
0.96840757604839,0.164121530585843,17,1,450012212
0.494696185008068,0.766213564261664,17,1,450012212
0.932060862995275,0.106919098494823,17,1,450012212
0.540315361032688,0.378739607084602,17,1,450012212
0.497412828146556,0.17795604078041,17,1,450012212
0.234062664720113,0.99688430129243,17,1,450012212
0.845214479529469,0.125647937625918,17,1,450012212
0.37933676689428,0.895113724874121,17,1,450012212
0.191322543910704,0.408309913427965,17,1,450012212
0.0244496766038909,0.917984398861661,17,1,450012212
0.798619785603063,0.527281648161665,17,1,450012212
0.358668039063064,0.570799908509447,17,1,450012212
0.813478082505954,0.327644074437965,17,1,450012212
0.69666594436746,0.0887608144793484,17,1,450012212
0.113810033973347,0.0381786579636594,17,1,450012212
0.0695333066100199,0.516152870422405,17,1,450012212
0.434584795529223,0.302888672322648,17,1,450012212
0.876316758517047,0.0437527711684094,17,1,450012212
0.476092628733392,0.769387854892086,17,1,450012212
0.718082867841594,0.550082988842089,17,1,450012212
0.430738525707812,0.285991876333604,17,1,450012212
0.539780451302312,0.683008000827569,17,1,450012212
0.13800787513361,0.877083266903459,17,1,450012212
0.71815228751411,0.327377571549239,17,1,450012212
0.942817001883683,0.92467413160754,17,1,450012212
0.00559819930757799,0.840282369646846,17,1,450012212
0.304127865780077,0.792701262686521,17,1,450012212
0.701591131076087,0.107060245633708,17,1,450012212
0.445205130387308,0.752871356975912,17,1,450012212
0.742338385842845,0.951410892715636,17,1,450012212
0.919640203585531,0.939510855031821,17,1,450012212
0.467719358322739,0.390731500374711,17,1,450012212
0.0791893945932625,0.527020370463808,17,1,450012212
0.0731325692279261,0.57668329440067,17,1,450012212
0.147512434168248,0.480208392922511,17,1,450012212
0.22873629722866,0.371672221916933,17,1,450012212
0.552214872421583,0.689634022667266,17,1,450012212
0.190107515799227,0.32153517205974,17,1,450012212
0.853618774172557,0.449727977187337,17,1,450012212
0.713491291831134,0.627059698688615,17,1,450012212
0.216009330076632,0.627811621791707,17,1,450012212
0.0840860325866479,0.789388210573433,17,1,450012212
0.703009529489101,0.0994067143520914,17,1,450012212
0.268335564351378,0.638655423636695,17,1,450012212
0.847614658718236,0.0301601655359365,17,1,450012212
0.407941950165901,0.148386083828592,17,1,450012212
0.199573627486869,0.578782507883449,17,1,450012212
0.729352748218205,0.95634409635926,17,1,450012212
0.664631625813948,0.23024470666259,17,1,450012212
0.619336741073711,0.382948117464272,17,1,450012212
0.228197275867708,0.167287880749168,17,1,450012212
0.486553163853965,0.187823555204742,17,1,450012212
0.961339108602336,0.996577906175126,17,1,450012212
0.525040197478416,0.166255146886003,17,1,450012212
0.0196357363013622,0.841968470627554,17,1,450012212
0.438013693460667,0.802999838186306,17,1,450012212
0.303953866450231,0.344968766606795,17,1,450012212
0.372015258136276,0.409821477872772,17,1,450012212
0.762816890154383,0.880418386758194,17,1,450012212
0.220414113375817,0.0121901096416428,17,1,450012212
0.740519271493498,0.505177348244477,17,1,450012212
0.578357311069182,0.650128936980993,17,1,450012212
0.430667022244739,0.0993759495349265,17,1,450012212
0.775655320201525,0.912601609867752,17,1,450012212
0.231913480846187,0.156826637205079,17,1,450012212
0.970213197076087,0.845910656839615,17,1,450012212
0.527002287247529,0.307065015436377,17,1,450012212
0.550155747138813,0.0243705368021017,17,1,450012212
0.157951374434852,0.248629122069918,17,1,450012212
0.314569012717226,0.823376700379258,17,1,450012212
0.510058959597864,0.339046343624953,17,1,450012212
0.797960060620911,0.865916291914708,17,1,450012212
0.997886010752351,0.521739214575811,17,1,450012212
0.0707854015770053,0.838989121840468,17,1,450012212
0.876337799162065,0.965506123305054,17,1,450012212
0.537905899681285,0.50712079347797,17,1,450012212
0.981416807744328,0.235518493606368,17,1,450012212
0.438538895207314,0.226715289593651,17,1,450012212
0.616222757588066,0.878392597206391,17,1,450012212
0.416203439685067,0.783290871055063,17,1,450012212
0.123109276298909,0.87483135561528,17,1,450012212
0.94468371719733,0.445799628572223,17,1,450012212
0.477507198712323,0.0869584833678982,17,1,450012212
0.885120740339874,0.814845877852334,17,1,450012212
0.612553243546078,0.0791769128929982,17,1,450012212
0.123719465487625,0.55440419632974,17,1,450012212
0.796369734632866,0.736150165661133,17,1,450012212
0.0510094615475092,0.149597782302057,17,1,450012212
0.300027661237658,0.220839322529812,17,1,450012212
0.87739783475566,0.712482985098498,17,1,450012212
0.875242559515772,0.495126464526335,17,1,450012212
0.459951507563374,0.61098137466444,17,1,450012212
0.282095813266096,0.978742253715541,17,1,450012212
0.769236923648233,0.318864890582991,17,1,450012212
0.354516468277849,0.00739845711141829,17,1,450012212
0.944636048167124,0.428253021079691,17,1,450012212
0.299318248710157,0.674149316773929,17,1,450012212
0.68433626144075,0.827426473855864,17,1,450012212
0.515902306463591,0.81644240825637,17,1,450012212
0.568142205578717,0.0140643549280537,17,1,450012212
0.565511029983007,0.478908101991697,17,1,450012212
0.718001528699085,0.765182178707291,17,1,450012212
0.486920936355161,0.561496935563846,17,1,450012212
0.237228769904275,0.586961503161332,17,1,450012212
0.381032342858153,0.41090451846076,17,1,450012212
0.535238983709383,0.270464602261985,17,1,450012212
0.437131137694774,0.503194181553416,17,1,450012212
0.869490156998811,0.827762547772105,17,1,450012212
0.276790520542398,0.609762585163026,17,1,450012212
0.518393469950756,0.522558373379256,17,1,450012212
0.405670819955985,0.205293639331975,17,1,450012212
0.896039670762801,0.500473968204485,17,1,450012212
0.925561830164699,0.79207993235141,17,1,450012212
0.472978261646795,0.430790843114221,17,1,450012212
0.693490357099176,0.125552813251324,17,1,450012212
0.674762116393574,0.53088287548138,17,1,450012212
0.912392806770683,0.240052133479626,17,1,450012212
0.374152343083623,0.272200988113188,17,1,450012212
0.933904964008944,0.431072300009162,17,1,450012212
0.816281264685667,0.649921872322514,17,1,450012212
0.206459825988111,0.621569059921393,17,1,450012212
0.757505041182841,0.746148954695879,17,1,450012212
0.0837044151750499,0.696248906924588,17,1,450012212
0.561834176730734,0.191901965799524,17,1,450012212
0.176082287654458,0.198743576722391,17,1,450012212
0.179633686736744,0.800844261918346,17,1,450012212
0.955139663462872,0.283458408934796,17,1,450012212
0.185727834783092,0.543085265859725,17,1,450012212
0.341720297707877,0.470894769450058,17,1,450012212
0.717287863344004,0.650246296452541,17,1,450012212
0.561051335879665,0.938424707086245,17,1,450012212
0.0195933107883244,0.60354312189402,17,1,450012212
0.017443875298115,0.58763854051663,17,1,450012212
0.137646213191962,0.0786522747378751,17,1,450012212
0.924971447077319,0.958834916174045,17,1,450012212
0.779640534906294,0.37332212863824,17,1,450012212
0.625254066174741,0.905996461764554,17,1,450012212
0.73730888209073,0.560434021717131,17,1,450012212
0.115921936901444,0.880144999400201,17,1,450012212
0.776318339429493,0.153135514004076,17,1,450012212
0.566709802637401,0.797060039397741,17,1,450012212
0.766163813561795,0.665757947644725,17,1,450012212
0.0350026910200303,0.210405588154065,17,1,450012212
0.536591921196829,0.0248176808341607,17,1,450012212
0.333587648969564,0.284813842031832,17,1,450012212
0.844145176889686,0.18524881019138,17,1,450012212
0.224487887066306,0.485440220461618,17,1,450012212
0.325255936574725,0.00345222859192873,17,1,450012212
0.949648282809453,0.52513079004027,17,1,450012212
0.725413849481166,0.428887507902795,17,1,450012212
0.906480189992114,0.784717846817003,17,1,450012212
0.674496322414262,0.042300945007498,17,1,450012212
0.263072647185263,0.838048202753248,17,1,450012212
0.0899142092958027,0.95271287767899,17,1,450012212
0.862708732419921,0.8244520806178,17,1,450012212
0.947458560307169,0.129795053569478,17,1,450012212
0.0230487466045466,0.457679305906026,17,1,450012212
0.624667666280156,0.999612363904671,17,1,450012212
0.849538430932314,0.0387690495303703,17,1,450012212
0.762067280274375,0.226167252530177,17,1,450012212
0.0364391695756918,0.111022695273117,17,1,450012212
0.928761467776963,0.660737291787224,17,1,450012212
0.846567799463613,0.784154703989726,17,1,450012212
0.640391092265528,0.143313725042609,17,1,450012212
0.0812607320226693,0.085723155276856,17,1,450012212
0.393791165966144,0.689506482127986,17,1,450012212
0.290804108355404,0.737544684379012,17,1,450012212
0.151566338527135,0.0194935905233846,17,1,450012212
0.587579871504361,0.432888731203872,17,1,450012212
0.0867412767247515,0.952682846060073,17,1,450012212
0.923901442879183,0.045522577787743,17,1,450012212
0.907591288048665,0.786687564973485,17,1,450012212
0.916771917458539,0.399569728071224,17,1,450012212
0.605371572014937,0.153609278505932,17,1,450012212
0.718902541635007,0.282210693847085,17,1,450012212
0.490177670253186,0.74439889297299,17,1,450012212
0.912071814243354,0.707003175120127,17,1,450012212
0.151561979657257,0.401841711899703,17,1,450012212
0.115822043228432,0.0306290810241991,17,1,450012212
0.934198436044785,0.164659992289673,17,1,450012212
0.58190219730446,0.983442680920971,17,1,450012212
0.786356160574641,0.723078624394514,17,1,450012212
0.772210117652182,0.73082615105532,17,1,450012212
0.00866856778043834,0.795446040273023,17,1,450012212
0.726065610466222,0.221185542416592,17,1,450012212
0.254819272952895,0.245782181094797,17,1,450012212
0.520229266168626,0.557688462536768,17,1,450012212
0.255379528650887,0.967663179997362,17,1,450012212
0.657372394631358,0.470691108839018,17,1,450012212
0.386564455134753,0.229911419272087,17,1,450012212
0.874333889005017,0.853002603726178,17,1,450012212
0.481703830456786,0.871647330681036,17,1,450012212
0.0899054380263973,0.677525883123857,17,1,450012212
0.755240356900216,0.847081322373453,17,1,450012212
0.858711153285369,0.980717893894985,17,1,450012212
0.248806038175541,0.0164293904610351,17,1,450012212
0.398100045592383,0.00391593216008901,17,1,450012212
0.822361848166859,0.47267008082791,17,1,450012212
0.376816045348997,0.31368017428384,17,1,450012212
0.966635646450103,0.369302070579108,17,1,450012212
0.548607364393322,0.165698372480072,17,1,450012212
0.228576043722526,0.115894242140443,17,1,450012212
0.214324491674273,0.445276079095001,17,1,450012212
0.712615101460953,0.669614904201494,17,1,450012212
0.757726928292614,0.380733008653802,17,1,450012212
0.555464680510062,0.56430535977938,17,1,450012212
0.510655987434599,0.837751484573217,17,1,450012212
0.743057457475915,0.328272478243672,17,1,450012212
0.846078247924801,0.535510488330442,17,1,450012212
0.535329389878262,0.193438662092037,17,1,450012212
0.453002749080405,0.143514400853455,17,1,450012212
0.913639715243803,0.106632508226746,17,1,450012212
0.88707526957484,0.17819009270131,17,1,450012212
0.13171073264088,0.739324279516858,17,1,450012212
0.400321225366821,0.123351810887308,17,1,450012212
0.269101710891602,0.736282752517852,17,1,450012212
0.0217841166525279,0.187950318969509,17,1,450012212
0.985270905054704,0.515133289694804,17,1,450012212
0.491324149150922,0.818818705222033,17,1,450012212
0.0500914670918711,0.670025093774431,17,1,450012212
0.917850263506442,0.047261992994182,17,1,450012212
0.352675284288352,0.360120169752032,17,1,450012212
0.241877719392159,0.759072978573307,17,1,450012212
0.880022975118428,0.749347608778689,17,1,450012212
0.143769153355509,0.755211017022868,17,1,450012212
0.205949366401047,0.512627486074694,17,1,450012212
0.0200356301942293,0.760947319927652,17,1,450012212
0.764604901452252,0.221077945056906,17,1,450012212
0.0717760026568171,0.0899810037063991,17,1,450012212
0.0268220137558743,0.255118494821572,17,1,450012212
0.921489179049551,0.858848940119407,17,1,450012212
0.031956070933107,0.876689250338019,17,1,450012212
0.737001693093519,0.0235944659694436,17,1,450012212
0.325006035481454,0.496899186267412,17,1,450012212
0.104041722455852,0.0266836928051184,17,1,450012212
0.416380365517028,0.821333610777555,17,1,450012212
0.796453142696122,0.745693449843516,17,1,450012212
0.507082543291447,0.810323279993803,17,1,450012212
0.424937500235355,0.912220395832443,17,1,450012212
0.47008438669882,0.408967002771574,17,1,450012212
0.455545703892736,0.939865538493186,17,1,450012212
0.717861279768271,0.932165052943462,17,1,450012212
0.15889337815129,0.864164271256206,17,1,450012212
0.616155593379715,0.409351503404848,17,1,450012212
0.69714623219782,0.3292820067125,17,1,450012212
0.344704746600713,0.783470040911934,17,1,450012212
0.296799930199694,0.152345100708134,17,1,450012212
0.0731737556128591,0.924981134857641,17,1,450012212
0.341128702269858,0.617979332315024,17,1,450012212
0.701878014265318,0.360735819828656,17,1,450012212
0.478286504079073,0.826866395400788,17,1,450012212
0.204104333061933,0.800400030859916,17,1,450012212
0.951107005751234,0.744553471622554,17,1,450012212
0.555540128902101,0.979439349801264,17,1,450012212
0.614099302276752,0.889729588312312,17,1,450012212
0.148515495077497,0.795011978622677,17,1,450012212
0.227448725858864,0.0369847658516731,17,1,450012212
0.925423609154484,0.894957110191262,17,1,450012212
0.694088342780537,0.151449012159893,17,1,450012212
0.993275476581444,0.715357566645526,17,1,450012212
0.561148582012589,0.453228426563688,17,1,450012212
0.222793340248997,0.658411141609676,17,1,450012212
0.040750302857572,0.182448886928691,17,1,450012212
0.443744616729321,0.948717861182088,17,1,450012212
0.521385645537494,0.201044577900027,17,1,450012212
0.787988255789865,0.814553698076415,17,1,450012212
0.632643461331123,0.102561559603509,17,1,450012212
0.616598232012924,0.569133726177991,17,1,450012212
0.658328690410405,0.0676629359288157,17,1,450012212
0.644865656679523,0.492673659056487,17,1,450012212
0.322439260463904,0.705566986965411,17,1,450012212
0.901261633225434,0.635695385665042,17,1,450012212
0.380638566257815,0.308895723180571,17,1,450012212
0.925203348104146,0.409376368517083,17,1,450012212
0.437489662015396,0.172724664159894,17,1,450012212
0.400672991105667,0.0673219546572419,17,1,450012212
0.772164440924177,0.600766745581725,17,1,450012212
0.0824217434096921,0.278525633830829,17,1,450012212
0.894727639344224,0.791018757927763,17,1,450012212
0.000120306752511512,0.0358469587671659,17,1,450012212
0.341360418017029,0.319091135664274,17,1,450012212
0.158850775575099,0.145989057294996,17,1,450012212
0.39086694625182,0.330596469470726,17,1,450012212
0.0631690759373242,0.688716226310934,17,1,450012212
0.2471374196827,0.295681705981141,17,1,450012212
0.410639616926546,0.627894572045729,17,1,450012212
0.345637113670057,0.48347820594447,17,1,450012212
0.0811502346730659,0.947658077800719,17,1,450012212
0.0975461760267882,0.00387770468889226,17,1,450012212
0.0412924566608543,0.953242775363378,17,1,450012212
0.137156445241581,0.593759698522448,17,1,450012212
0.819287722516219,0.583284080696066,17,1,450012212
0.0846250296226647,0.367083866029159,17,1,450012212
0.800993262394525,0.089793070045201,17,1,450012212
0.75836082435807,0.932948171078933,17,1,450012212
0.107393805698907,0.573941912535854,17,1,450012212
0.394221485080663,0.803927579243333,17,1,450012212
0.445245176868407,0.346676647844702,17,1,450012212
0.987715213958517,0.181209101144301,17,1,450012212
0.374638607071925,0.260173444655829,17,1,450012212
0.398514258694432,0.543379385380734,17,1,450012212
0.272360608340219,0.651030682704229,17,1,450012212
0.851075242647288,0.318872388133501,17,1,450012212
0.449975507531874,0.928859849934592,17,1,450012212
0.338032326882759,0.0832715587587742,17,1,450012212
0.053443893274089,0.3622803951233,17,1,450012212
0.943124798205398,0.965316042708945,17,1,450012212
0.713320108055351,0.0172422551877602,17,1,450012212
0.787032846597586,0.456941337363284,17,1,450012212
0.4339822598663,0.263977034951763,17,1,450012212
0.236599669181132,0.386786465379791,17,1,450012212
0.358448643274227,0.75111582167769,17,1,450012212
0.081201926954237,0.0799379408928091,17,1,450012212
0.595989065890736,0.359030750829963,17,1,450012212
0.502987171534247,0.749649658872814,17,1,450012212
0.184981064752061,0.945627709857059,17,1,450012212
0.412866397590264,0.259462263158561,17,1,450012212
0.693406340665587,0.061839410219954,17,1,450012212
0.768074006358118,0.686229642351519,17,1,450012212
0.402506095568668,0.495396785333504,17,1,450012212
0.55838290804602,0.927404210849688,17,1,450012212
0.217810675994823,0.182609054998442,17,1,450012212
0.684688286182311,0.113942870832619,17,1,450012212
0.913769907110861,0.788961212978855,17,1,450012212
0.981518843710212,0.255816771677126,17,1,450012212
0.221457119027852,0.0391157818428622,17,1,450012212
0.559272600148687,0.367161944535532,17,1,450012212
0.64543349497543,0.490529570908868,17,1,450012212
0.585051783767513,0.691236033514286,17,1,450012212
0.876552912845564,0.707254701349765,17,1,450012212
0.613099415564449,0.527509494541218,17,1,450012212
0.969795205674366,0.79790410661626,17,1,450012212
0.581388822448257,0.858219034615938,17,1,450012212
0.144800646121771,0.663103329844596,17,1,450012212
0.170913066660022,0.499470363738771,17,1,450012212
0.0301801255515661,0.982866342267285,17,1,450012212
0.52550060710977,0.530013581109596,17,1,450012212
0.458787535341482,0.17340874937828,17,1,450012212
0.446421515422821,0.127451407247976,17,1,450012212
0.0266843562252692,0.901870358448373,17,1,450012212
0.0399907115166185,0.325043431188313,17,1,450012212
0.631155676108665,0.194426016806909,17,1,450012212
0.283584636139558,0.427261833837316,17,1,450012212
0.872961186721821,0.910521976731538,17,1,450012212
0.0402668080512765,0.681379776786141,17,1,450012212
0.284270842891276,0.941412974694632,17,1,450012212
0.258703563510435,0.782032609511461,17,1,450012212
0.108058843760442,0.994162816661857,17,1,450012212
0.412439941706521,0.355623438813785,17,1,450012212
0.258425451427992,0.108307700416571,17,1,450012212
0.14155086696235,0.253085007332641,17,1,450012212
0.398763221925277,0.231621857025006,17,1,450012212
0.568773057835579,0.289591367064527,17,1,450012212
0.677549879849543,0.156465319211073,17,1,450012212
0.414352515282624,0.845933362859676,17,1,450012212
0.603084562275729,0.914990753084252,17,1,450012212
0.958132130441943,0.512602912809033,17,1,450012212
0.0451857440549055,0.227036804376927,17,1,450012212
0.838482100658701,0.78233100502728,17,1,450012212
0.145457001289823,0.356492766715963,17,1,450012212
0.0507567654018193,0.986172259536225,17,1,450012212
0.431537513504768,0.0223067917091968,17,1,450012212
0.350267782502323,0.263590290291678,17,1,450012212
0.668419854932099,0.921592377819839,17,1,450012212
0.758389828902201,0.50029683562307,17,1,450012212
0.0889541797420135,0.538420190774048,17,1,450012212
0.189539223036921,0.998312066995724,17,1,450012212
0.373810029064209,0.422373827087223,17,1,450012212
0.811504755466219,0.641648010772573,17,1,450012212
0.80755862180876,0.829615151293148,17,1,450012212
0.312344342972945,0.310371919550684,17,1,450012212
0.541876922654209,0.757408265426177,17,1,450012212
0.921341103221785,0.0146448183209211,17,1,450012212
0.164458128201779,0.865086166108985,17,1,450012212
0.0728684823782793,0.858444760813038,17,1,450012212
0.0256071799846052,0.914486642995288,17,1,450012212
0.171879329211665,0.919049284273981,17,1,450012212
0.494787378093241,0.177645452769727,17,1,450012212
0.630883832552506,0.161483614294989,17,1,450012212
0.661103374432243,0.828137908958948,17,1,450012212
0.89090149168775,0.615961056268884,17,1,450012212
0.804590359110971,0.362394077115378,17,1,450012212
0.314345042526505,0.670049620316692,17,1,450012212
0.0555704426131263,0.384689042210889,17,1,450012212
0.0644992934089603,0.789283155432571,17,1,450012212
0.202105041242251,0.0167913342105956,17,1,450012212
0.7810388996273,0.509598932357608,17,1,450012212
0.993794835315424,0.841496270031286,17,1,450012212
0.126476332499905,0.203495027975678,17,1,450012212
0.492372663870556,0.902562341457942,17,1,450012212
0.798332945894345,0.517364130716088,17,1,450012212
0.655535284120241,0.64108094197675,17,1,450012212
0.222472155187975,0.443452771034029,17,1,450012212
0.863347027238498,0.407684887123439,17,1,450012212
0.216225937463591,0.992661506277055,17,1,450012212
0.078702041790093,0.783690690731957,17,1,450012212
0.827249491977226,0.642813000257274,17,1,450012212
0.873714933741744,0.536904938826078,17,1,450012212
0.567681074993266,0.479224110585821,17,1,450012212
0.685871413256582,0.48157764432132,17,1,450012212
0.444151834967645,0.842683568174636,17,1,450012212
0.483670742549395,0.0057334819253807,17,1,450012212
0.849004856159813,0.26566756869316,17,1,450012212
0.579198825086205,0.216531201203008,17,1,450012212
0.284525047023888,0.31932179235771,17,1,450012212
0.552197422870985,0.199672448851515,17,1,450012212
0.645206389680787,0.548797895088651,17,1,450012212
0.869007798441634,0.967307358307119,17,1,450012212
0.0424061430126828,0.383084473798692,17,1,450012212
0.4990562893505,0.739629481433411,17,1,450012212
0.740849684662054,0.393092618937699,17,1,450012212
0.668928570746872,0.764777789645072,17,1,450012212
0.475382273519003,0.524333513938263,17,1,450012212
0.951590701607786,0.470861789344089,17,1,450012212
0.279012732973907,0.831702061180138,17,1,450012212
0.958509144606159,0.999721549771473,17,1,450012212
0.519217338261119,0.846570916269214,17,1,450012212
0.358981067575413,0.446388676764984,17,1,450012212
0.318403988971675,0.102191045461058,17,1,450012212
0.404784149259751,0.146683095532353,17,1,450012212
0.160948208535356,0.167432237520829,17,1,450012212
0.522317683325196,0.164451114428022,17,1,450012212
0.19232411113557,0.282154658321417,17,1,450012212
0.541247188728559,0.475405996095459,17,1,450012212
0.401355680804991,0.948364845994027,17,1,450012212
0.83237895729439,0.508608611535681,17,1,450012212
0.0236659746885959,0.727634831285589,17,1,450012212
0.78511811075079,0.139100217489079,17,1,450012212
0.444399323564816,0.389137167754289,17,1,450012212
0.745602002973894,0.153086639306314,17,1,450012212
0.461012208800515,0.291253271965013,17,1,450012212
0.402941961005682,0.285322571298016,17,1,450012212
0.954140704972211,0.296542848117158,17,1,450012212
0.967653477296251,0.365608384215037,17,1,450012212
0.589148931742599,0.302360660808826,17,1,450012212
0.553128628594802,0.443174795975527,17,1,450012212
0.0115808366248977,0.543709360241673,17,1,450012212
0.627799871131197,0.216509528579667,17,1,450012212
0.261956655893084,0.623722015970202,17,1,450012212
0.475147974279412,0.64145342586592,17,1,450012212
0.0714571114502309,0.466498616106568,17,1,450012212
0.322959432875711,0.800599261108262,17,1,450012212
0.59586865169387,0.952572533190022,17,1,450012212
0.619876021756955,0.39575399283721,17,1,450012212
0.918577523534545,0.488545228924283,17,1,450012212
0.473829638047519,0.568092280858172,17,1,450012212
0.522192724781477,0.409723166384641,17,1,450012212
0.938566914598971,0.780560099143559,17,1,450012212
0.0536400673704764,0.594115927830056,17,1,450012212
0.34683372667136,0.0122711418537351,17,1,450012212
0.633464076557435,0.319935952174299,17,1,450012212
0.252349698872632,0.817721756711935,17,1,450012212
0.0764627538683786,0.831947317470412,17,1,450012212
0.544918546265452,0.69458343325243,17,1,450012212
0.780493319986891,0.543220529349457,17,1,450012212
0.425770907456659,0.987099996171064,17,1,450012212
0.132494823137051,0.254905129411945,17,1,450012212
0.183259589557573,0.227482640605426,17,1,450012212
0.63060257979511,0.601530941506598,17,1,450012212
