0.377498737703699,0.990698085314343,17,1,450012212
0.191290307589173,0.847085251286239,17,1,450012212
0.827197947260565,0.303619886631791,17,1,450012212
0.922882892568509,0.510282081718436,17,1,450012212
0.956870244134714,0.27748921504136,17,1,450012212
0.555378479986602,0.39884002015453,17,1,450012212
0.695868827392998,0.716567507470216,17,1,450012212
0.700038643071897,0.973213024329706,17,1,450012212
0.205887492425737,0.581956628385851,17,1,450012212
0.992957252382355,0.415155029720082,17,1,450012212
0.162101759562621,0.0582511981729787,17,1,450012212
0.980422073976996,0.740384434801636,17,1,450012212
0.194516700083246,0.915403856507825,17,1,450012212
0.669999458296654,0.0104140160969024,17,1,450012212
0.468362118725835,0.331529893705381,17,1,450012212
0.928575064581641,0.883842136930729,18,1,548542561
0.793768470715355,0.448441505079912,18,1,548542561
0.600240883830518,0.28874532499243,18,1,548542561
0.85820527210036,0.820906487990396,18,1,548542561
0.638953962197351,0.183202121239448,18,1,548542561
0.140673915373168,0.840294460149091,18,1,548542561
0.65218866568109,0.529976518785427,18,1,548542561
0.720029343908097,0.131782284032793,18,1,548542561
0.123715730622991,0.332260265587514,18,1,548542561
0.129411661790009,0.701107875658327,18,1,548542561
0.556941420225585,0.0556786134697562,18,1,548542561
0.461751336395062,0.830129614741245,18,1,548542561
0.823740406230047,0.416256134530972,18,1,548542561
0.0603514632549187,0.0852350941729458,18,1,548542561
0.207652968359724,0.458854723043809,18,1,548542561
0.22726953301716,0.0109438592303874,18,1,548542561
0.476124562748553,0.779347590473301,18,1,548542561
0.719572719111485,0.852456565534863,18,1,548542561
0.348067144812765,0.262765273768642,18,1,548542561
0.0664754231195466,0.20672506808937,18,1,548542561
0.0606636261735467,0.57225189441913,18,1,548542561
0.971702047819269,0.0447532853161183,18,1,548542561
0.777485516085219,0.487917135122611,18,1,548542561
0.702604078073778,0.358023737840506,18,1,548542561
0.194901757706005,0.0588725671146788,18,1,548542561
0.0283085853234939,0.226429212173765,18,1,548542561
0.305211344033648,0.404926630153781,18,1,548542561
0.0447337102040644,0.0138619916634761,18,1,548542561
0.204785003573372,0.863050209208103,18,1,548542561
0.0715962730955351,0.638913945011793,18,1,548542561
0.555462428695964,0.877017548660188,18,1,548542561
0.426920562211255,0.762041720943936,18,1,548542561
0.183000222228841,0.979536983546953,18,1,548542561
0.247985033537906,0.699227437560396,18,1,548542561
0.520069687542191,0.886278868625997,18,1,548542561
0.642972586886791,0.0664145631109059,18,1,548542561
0.438794908360284,0.373100626788471,18,1,548542561
0.600532340787641,0.965773540950878,18,1,548542561
0.0827080785768848,0.865248645122298,18,1,548542561
0.139612180482361,0.329874600078684,18,1,548542561
0.272510516244624,0.537519292664712,18,1,548542561
0.449733540571297,0.556956653152024,18,1,548542561
0.847774840972946,0.990464011142355,18,1,548542561
0.0982855212169724,0.464441383039921,18,1,548542561
0.714442329683008,0.71281099271923,18,1,548542561
0.862791681038069,0.933267580531049,18,1,548542561
0.416326051428263,0.71653007280594,18,1,548542561
0.0253619380990653,0.508949274778611,18,1,548542561
0.405095857589175,0.408963865649191,18,1,548542561
0.859312237629886,0.137589626700099,18,1,548542561
0.586276976299933,0.160103453953321,18,1,548542561
0.605352680977564,0.586303628479676,18,1,548542561
0.190555156971998,0.084368842593241,18,1,548542561
0.114423780395033,0.73367766457315,18,1,548542561
0.972681157724438,0.866532458194739,18,1,548542561
0.155071450111577,0.939109999651182,18,1,548542561
0.0616011737105526,0.920455277137644,18,1,548542561
0.744705922377341,0.310648177270427,18,1,548542561
0.165056456647593,0.130921060224319,18,1,548542561
0.750173574810713,0.578359299959902,18,1,548542561
0.324359183025728,0.988848460256037,18,1,548542561
0.538591395204418,0.705037800409387,18,1,548542561
0.987403165678992,0.250584013970172,18,1,548542561
0.0257049229923316,0.926495432974065,18,1,548542561
0.466466403319241,0.943508690282029,18,1,548542561
0.932969809079164,0.208967804140193,18,1,548542561
0.146922631568764,0.033481300734497,18,1,548542561
0.161080443530634,0.294310550254055,18,1,548542561
0.333303728219312,0.00990250233494816,18,1,548542561
0.0369829567448381,0.402815815645504,18,1,548542561
0.895808592710849,0.339525241998992,18,1,548542561
0.370443313839455,0.485594090994097,18,1,548542561
0.894015129706201,0.806143218177673,18,1,548542561
0.0774588390188953,0.487705529277312,18,1,548542561
0.94192878167878,0.0438033524859462,18,1,548542561
0.391065120217245,0.477101565665659,18,1,548542561
0.636470407717299,0.368187193680946,18,1,548542561
0.50716784377771,0.327972222870832,18,1,548542561
0.570113782144398,0.120658517649161,18,1,548542561
0.68334566129946,0.385516643101076,18,1,548542561
0.265027556870501,0.800889221560962,18,1,548542561
0.832514157124641,0.0669121135929318,18,1,548542561
0.72997079244689,0.618714316432248,18,1,548542561
0.55169993162939,0.00855168406779239,18,1,548542561
0.588907091319306,0.749947300667877,18,1,548542561
0.620484581291369,0.101077112079542,18,1,548542561
0.319396914785847,0.641739937258065,18,1,548542561
0.56730369101266,0.826636369346269,18,1,548542561
0.441650718091277,0.0706813609975665,18,1,548542561
0.996656339539104,0.613929886505441,18,1,548542561
0.242585308201288,0.442903466428405,18,1,548542561
0.242395773804394,0.549626857463495,18,1,548542561
0.111720945350487,0.986276746702208,18,1,548542561
0.64009690619761,0.472616007856953,18,1,548542561
0.00901902561654344,0.544126732070237,18,1,548542561
0.834808701329273,0.870477394040252,18,1,548542561
0.602897107518779,0.436444998071432,18,1,548542561
0.0525229412737567,0.859662473509935,18,1,548542561
0.0768692662919772,0.511353095294305,18,1,548542561
0.584183832314739,0.444416092790337,18,1,548542561
0.200236707247931,0.154235124415389,18,1,548542561
0.954486407619602,0.205291344650526,18,1,548542561
0.777245616996641,0.75143719930879,18,1,548542561
0.673792096425337,0.903058965577925,18,1,548542561
0.633615573573216,0.0553724725727625,18,1,548542561
0.63870989796462,0.362462310928342,18,1,548542561
0.850373594099564,0.0233717376404405,18,1,548542561
0.308833548047575,0.00835453037395251,18,1,548542561
0.260344774573287,0.405599040411062,18,1,548542561
0.195260364027315,0.612880193099341,18,1,548542561
0.147521228422325,0.658960327602578,18,1,548542561
0.103163450450047,0.995674540665094,18,1,548542561
0.460566972179189,0.159259773349211,18,1,548542561
0.228548875902725,0.939268487493674,18,1,548542561
0.115220676779304,0.718391048129999,18,1,548542561
0.442099018937567,0.814449239276413,18,1,548542561
0.249509806114915,0.801602509032943,18,1,548542561
0.39045987858055,0.722285872859357,18,1,548542561
0.923777601634698,0.180687744396893,18,1,548542561
0.309580591296998,0.689483697699582,18,1,548542561
0.890590821030917,0.6964623852652,18,1,548542561
0.0822893161916425,0.471233805217758,18,1,548542561
0.155390811191937,0.492131468639483,18,1,548542561
0.111116448809334,0.0428430146677732,18,1,548542561
0.00523818067820558,0.0246756808308519,18,1,548542561
0.00309967454008686,0.436935612992359,18,1,548542561
0.934293028487188,0.17381300877068,18,1,548542561
0.649243110784567,0.460011401875772,18,1,548542561
0.672891995071786,0.119804746694411,18,1,548542561
0.904202765149472,0.745775386118398,18,1,548542561
0.711821544413571,0.998496621352611,18,1,548542561
0.503059579806657,0.0981942803888485,18,1,548542561
0.535304300913113,0.811414478454934,18,1,548542561
0.066694363715378,0.869270986985362,18,1,548542561
0.747432259464882,0.643035298036214,18,1,548542561
0.0902275353589426,0.958563501580217,18,1,548542561
0.655503617824628,0.52333659317929,18,1,548542561
0.11081609387311,0.0614367919031977,18,1,548542561
0.440021531582967,0.407563604132113,18,1,548542561
0.705472179469772,0.624782876124867,18,1,548542561
0.47123599396713,0.345990350974116,18,1,548542561
0.694099926306809,0.696849301256376,18,1,548542561
0.627702668164929,0.704125277128431,18,1,548542561
0.562117891904221,0.603836402426837,18,1,548542561
0.445665999622877,0.888615405240466,18,1,548542561
0.840010100940936,0.537942713655464,18,1,548542561
0.0558815996394157,0.504388174056722,18,1,548542561
0.842897714751278,0.0720318656677215,18,1,548542561
0.955451306246992,0.0568841482316629,18,1,548542561
0.0557016559826042,0.0144892925744813,18,1,548542561
0.516102534561477,0.0547585089188098,18,1,548542561
0.698868221459573,0.167851111725301,18,1,548542561
0.712690588147761,0.849642220580009,18,1,548542561
0.814463587705243,0.909751359400759,18,1,548542561
0.785166089849035,0.465392591052,18,1,548542561
0.943813553315691,0.426657699354549,18,1,548542561
0.0156832723350613,0.632169965914624,18,1,548542561
0.466859735563651,0.802814029202475,18,1,548542561
0.434883367798149,0.83572769291064,18,1,548542561
0.260204491380055,0.696682908613025,18,1,548542561
0.0381201096413326,0.755400876753926,18,1,548542561
0.506738044628666,0.142427459333073,18,1,548542561
0.288123756480719,0.285849349290238,18,1,548542561
0.654314257455062,0.632253713438041,18,1,548542561
0.807899861773892,0.275235610102381,18,1,548542561
0.852839209729741,0.208167779972179,18,1,548542561
0.892961272628336,0.66181311945703,18,1,548542561
0.436928117578749,0.179989241379529,18,1,548542561
0.76521204895797,0.825960736671485,18,1,548542561
0.484355934519906,0.0543907554546839,18,1,548542561
0.347506670257086,0.0330718827654439,18,1,548542561
0.627993251880445,0.593948375133005,18,1,548542561
0.00785641063542908,0.518035668958004,18,1,548542561
0.238913676230756,0.237768708713332,18,1,548542561
0.933396202225225,0.793924302459057,18,1,548542561
0.346388582491059,0.0878180109650062,18,1,548542561
0.258969702468949,0.255946580482645,18,1,548542561
0.055926740092707,0.704086726956957,18,1,548542561
0.175898124038379,0.672705805370097,18,1,548542561
0.155457365558203,0.627670495155335,18,1,548542561
0.236136897910178,0.293379285416121,18,1,548542561
0.429691062508351,0.600908177667792,18,1,548542561
0.884040760327076,0.550187418950643,18,1,548542561
0.878781691069237,0.840398162824552,18,1,548542561
0.566478077747062,0.485109207562407,18,1,548542561
0.0768897260165582,0.150679816855211,18,1,548542561
0.720382648361642,0.321043557423295,18,1,548542561
0.524485199559064,0.248183106321791,18,1,548542561
0.126434240698078,0.0489283237965905,18,1,548542561
0.779352221551138,0.721585765466315,18,1,548542561
0.559680155811724,0.698698329763032,18,1,548542561
0.0576339185898531,0.401297629392821,18,1,548542561
0.903578224396364,0.928248577659909,18,1,548542561
0.0386771772253713,0.0788408315169802,18,1,548542561
0.524955731106064,0.885608040570523,18,1,548542561
0.859931551391918,0.505591662259287,18,1,548542561
0.309356304222774,0.338305327683162,18,1,548542561
0.293870060653731,0.916774746013232,18,1,548542561
0.708485874571654,0.46166950684382,18,1,548542561
0.861919348683416,0.269756370385855,18,1,548542561
0.981218080942706,0.050322659869237,18,1,548542561
0.14214108390681,0.4909097429425,18,1,548542561
0.759113315930748,0.310795790547074,18,1,548542561
0.974886794504314,0.946212843622511,18,1,548542561
0.254213579561765,0.760489236412301,18,1,548542561
0.376973815680942,0.498969608633025,18,1,548542561
0.311363544331616,0.995074994810777,18,1,548542561
0.940420591187921,0.209481719399325,18,1,548542561
0.919047500895843,0.363555325899118,18,1,548542561
0.917992577010846,0.47142606383431,18,1,548542561
0.113355843168931,0.667152142048752,18,1,548542561
0.702447942835005,0.944929211757431,18,1,548542561
0.196421804828055,0.530948162799653,18,1,548542561
0.033561188485324,0.29577972744433,18,1,548542561
0.278422997795077,0.99207353751324,18,1,548542561
0.954167041625761,0.643426705751051,18,1,548542561
0.585687596648205,0.250283030037487,18,1,548542561
0.970891525764763,0.348010001355953,18,1,548542561
0.353914922921844,0.376304541334999,18,1,548542561
0.177125577801823,0.238759958791896,18,1,548542561
0.948045151503759,0.279774384010687,18,1,548542561
0.788212131743051,0.488518180456962,18,1,548542561
0.449794305416944,0.731258747065346,18,1,548542561
0.337348972996147,0.98612369925775,18,1,548542561
0.0335387721279461,0.432892971737179,18,1,548542561
0.545838648030523,0.20381611945919,18,1,548542561
0.774015689206303,0.307797194674797,18,1,548542561
0.8758500842958,0.470613846597271,18,1,548542561
0.390819896717271,2.79509638092534E-05,18,1,548542561
0.368698103597532,0.5788839141472,18,1,548542561
0.330231596637354,0.277031408747412,18,1,548542561
0.883285692730437,0.586092015375749,18,1,548542561
0.392285028205927,0.941643255155863,18,1,548542561
0.689801108156946,0.276343474027591,18,1,548542561
0.500862576211899,0.314623326070284,18,1,548542561
0.286512087601342,0.0614925502105743,18,1,548542561
0.411769704812789,0.19263779368303,18,1,548542561
0.169138093835167,0.147752817408258,18,1,548542561
0.2052111464449,0.873310767898686,18,1,548542561
0.644702551211341,0.738808178061557,18,1,548542561
0.58624579867381,0.927693621385683,18,1,548542561
0.0794369728230464,0.903155264525985,18,1,548542561
0.961903461840919,0.855662163744783,18,1,548542561
0.490346519842007,0.00448510981299499,18,1,548542561
0.625196023187386,0.804068948980957,18,1,548542561
0.463215955435523,0.908773755470861,18,1,548542561
0.589026870828613,0.633461834760921,18,1,548542561
0.210946765290817,0.804489535741815,18,1,548542561
0.983685235094337,0.0113431439007607,18,1,548542561
0.866636593029246,0.887424880096253,18,1,548542561
0.741085652241502,0.958056193418539,18,1,548542561
0.460295608811103,0.324285769497917,18,1,548542561
0.611905484167701,0.179961270778664,18,1,548542561
0.0419688165231973,0.782019107375485,18,1,548542561
0.256049733835438,0.74898953286111,18,1,548542561
0.670595091077454,0.472670501242058,18,1,548542561
0.571456185156925,0.18648002651055,18,1,548542561
0.008336924153582,0.536205839365826,18,1,548542561
0.281583618228172,0.855543039751797,18,1,548542561
0.803961531383224,0.254563178530036,18,1,548542561
0.236777639828195,0.515522040912752,18,1,548542561
0.940924077719575,0.124034937866978,18,1,548542561
0.173810004510566,0.59916417375332,18,1,548542561
0.898550633616935,0.44866721796837,18,1,548542561
0.375661090013409,0.340016033050803,18,1,548542561
0.0233538474078765,0.917897050960454,18,1,548542561
0.0805025173235245,0.735963250514216,18,1,548542561
0.147720276510219,0.0237235233553115,18,1,548542561
0.134378783153087,0.0421725247632994,18,1,548542561
0.639083852534639,0.707942900834699,18,1,548542561
0.689220456271917,0.101778713392377,18,1,548542561
0.912048033042452,0.715336912362625,18,1,548542561
0.225522823210664,0.840002898975625,18,1,548542561
0.635580316406728,0.543766719516475,18,1,548542561
0.113723661875835,0.890907090646099,18,1,548542561
0.689952978345385,0.750162122645977,18,1,548542561
0.140785423501244,0.812904195535846,18,1,548542561
0.869480269617017,0.312977538091166,18,1,548542561
0.161126973426557,0.0133764654500172,18,1,548542561
0.791565854970273,0.670941803357425,18,1,548542561
0.849272075547383,0.83692289821542,18,1,548542561
0.425192051212236,0.680853206111736,18,1,548542561
0.988979888718725,0.510570979849538,18,1,548542561
0.48882994411949,0.261385765525687,18,1,548542561
0.88644769139297,0.977383006944674,18,1,548542561
0.615238158425214,0.742953295709381,18,1,548542561
0.25660466814734,0.210289592708778,18,1,548542561
0.480330414029963,0.414175017429737,18,1,548542561
0.32242750642498,0.0471947233960677,18,1,548542561
0.233188283484004,0.650995297272467,18,1,548542561
0.56307376373672,0.106320235812556,18,1,548542561
0.528051069549547,0.477074122099559,18,1,548542561
0.428252409350428,0.722861786311378,18,1,548542561
0.279545800101715,0.194282405119234,18,1,548542561
0.103091633898535,0.26311759789629,18,1,548542561
0.658489511049532,0.688442155068182,18,1,548542561
0.265275083285075,0.658963280365221,18,1,548542561
0.925910784713578,0.249723073713389,18,1,548542561
0.298740821681371,0.891494107419503,18,1,548542561
0.683801553461428,0.477328468254537,18,1,548542561
0.349768252592126,0.833340689600502,18,1,548542561
0.971513230787992,0.986379085080888,18,1,548542561
0.81521911852386,0.396013371163108,18,1,548542561
0.168179375399921,0.0205211459251595,18,1,548542561
0.044755113390754,0.12872439532129,18,1,548542561
0.0318754551827389,0.0355626684444807,18,1,548542561
0.767019092068122,0.572198878516031,18,1,548542561
0.388761578798847,0.502194102866701,18,1,548542561
0.954960370307581,0.542018310958944,18,1,548542561
0.715819300879447,0.448077840995825,18,1,548542561
0.268463715112391,0.93436259264151,18,1,548542561
0.396642611878515,0.187431447914581,18,1,548542561
0.211693343280805,0.29333210461107,18,1,548542561
0.379550540360135,0.285828978477237,18,1,548542561
0.0254591929272827,0.137388088310736,18,1,548542561
0.0883934015198458,0.792647621020754,18,1,548542561
0.439130315067783,0.250489668528984,18,1,548542561
0.417341023695282,0.242072069038922,18,1,548542561
0.445554632035699,0.794522663971034,18,1,548542561
0.543850978792115,0.255378948087428,18,1,548542561
0.671170038586453,0.468822664362001,18,1,548542561
0.358393162902325,0.316438492091316,18,1,548542561
0.324307402524661,0.0181661407958398,18,1,548542561
0.537296355182032,0.289012296831581,18,1,548542561
0.95031633570356,0.321855077392379,18,1,548542561
0.383744904798569,0.718034353618481,18,1,548542561
0.997286045520659,0.198267299470442,18,1,548542561
0.845214837542408,0.231839091074777,18,1,548542561
0.044570396169906,0.641345133858162,18,1,548542561
0.444877509061113,0.958885847682318,18,1,548542561
0.259568946459,0.698898500141333,18,1,548542561
0.22705730250147,0.521152826465892,18,1,548542561
0.587207810015745,0.990766376522848,18,1,548542561
0.425665283201037,0.855122555306523,18,1,548542561
0.698877950966197,0.555384006149941,18,1,548542561
0.154677159189355,0.0991643552810064,18,1,548542561
0.464085160616941,0.59575060196022,18,1,548542561
0.450313613966594,0.280365526492925,18,1,548542561
0.620629326768675,0.121325274026944,18,1,548542561
0.00454596641499472,0.351288606015713,18,1,548542561
0.452901859362804,0.893309201889884,18,1,548542561
0.434186202144958,0.23354213307502,18,1,548542561
0.755642672382415,0.240009166542825,18,1,548542561
0.80402714636271,0.84371204616984,18,1,548542561
0.621478955155949,0.462145688187388,18,1,548542561
0.100331636171338,0.584290161921908,18,1,548542561
0.0149276175262294,0.44835470140865,18,1,548542561
0.291357207063138,0.00281493041792658,18,1,548542561
0.450187812982041,0.284411082344293,18,1,548542561
0.62756951315973,0.660834052131781,18,1,548542561
0.395119831147335,0.257643870514913,18,1,548542561
0.203624594396056,0.00186477795976758,18,1,548542561
0.229625116302915,0.282868062912483,18,1,548542561
0.635445085271809,0.100568071551613,18,1,548542561
0.702691872282128,0.320922092375325,18,1,548542561
0.453623146558996,0.845177673871008,18,1,548542561
0.792169111325565,0.135120323878852,18,1,548542561
0.534288190925263,0.50371667172315,18,1,548542561
0.665076572438918,0.795802477731217,18,1,548542561
0.852101533789702,0.96290620325343,18,1,548542561
0.646345550141615,0.215023568723428,18,1,548542561
0.721193448151701,0.416345387115387,18,1,548542561
0.575745309618244,0.094800322293632,18,1,548542561
0.254558224852901,0.490021356667818,18,1,548542561
0.848062195885222,0.262486141332721,18,1,548542561
0.937481201028822,0.85856472819843,18,1,548542561
0.873085230070421,0.634201041955333,18,1,548542561
0.779940643756261,0.770347614979738,18,1,548542561
0.15054093013628,0.497203997392067,18,1,548542561
0.852063621167883,0.842362956240606,18,1,548542561
0.194164287320394,0.906907500020245,18,1,548542561
0.829917821756294,0.919876245309606,18,1,548542561
0.768940319922838,0.86588212248486,18,1,548542561
0.953124596834645,0.380097772756999,18,1,548542561
0.879407692576513,0.83585394823303,18,1,548542561
0.396107733252762,0.33412621217854,18,1,548542561
0.652540898318225,0.132317577665584,18,1,548542561
0.106856782063451,0.0899212541718057,18,1,548542561
0.035993238781491,0.442418814716427,18,1,548542561
0.336830631936376,0.854079202583987,18,1,548542561
0.765857730516323,0.241604025909942,18,1,548542561
0.220337806323809,0.441130982581712,18,1,548542561
0.260989309079395,0.377828511046493,18,1,548542561
0.0754086406173391,0.0634450394770019,18,1,548542561
0.862988266359354,0.855731658396464,18,1,548542561
0.343156158758756,0.486038372570861,18,1,548542561
0.628136729339285,0.665869536115779,18,1,548542561
0.32758240225543,0.509802077851642,18,1,548542561
0.267552485975033,0.888039385418215,18,1,548542561
0.0692987536876104,0.57684796695869,18,1,548542561
0.0649432972643686,0.0026539189924959,18,1,548542561
0.0899328343970551,0.721392638398839,18,1,548542561
0.400772386022189,0.308152574107099,18,1,548542561
0.477434218208185,0.141563844865112,18,1,548542561
0.672798677877825,0.505420678719421,18,1,548542561
0.553652895098238,0.741879291706799,18,1,548542561
0.572313528475054,0.0517848264914769,18,1,548542561
0.0468262584063326,0.696114519261801,18,1,548542561
0.722203564420889,0.0732413980369033,18,1,548542561
0.944295970370615,0.854208897790707,18,1,548542561
0.802677754623238,0.598963410918318,18,1,548542561
0.47448351740884,0.224732761347343,18,1,548542561
0.464192785818615,0.359252518826656,18,1,548542561
0.159450737104861,0.436583777799559,18,1,548542561
0.172935753902388,0.663422117773466,18,1,548542561
0.23115179093335,0.519973927982345,18,1,548542561
0.484670940067164,0.878613383449895,18,1,548542561
0.100555403048557,0.957161779861716,18,1,548542561
0.560158627797605,0.773178060573578,18,1,548542561
0.566401084387472,0.464412609780245,18,1,548542561
0.672561139424062,0.980276698258193,18,1,548542561
0.848465753639948,0.276891274143932,18,1,548542561
0.841852070227827,0.936850909085561,18,1,548542561
0.571272351399201,0.744481371405714,18,1,548542561
0.0874237955975821,0.739944095765575,18,1,548542561
0.578128226130431,0.831872535816977,18,1,548542561
0.626107124069054,0.821813881791692,18,1,548542561
0.959254916628148,0.403664089464125,18,1,548542561
0.677799830894159,0.647146140063477,18,1,548542561
0.85016066602911,0.774956644358841,18,1,548542561
0.0574191881738679,0.351317691540413,18,1,548542561
0.575016080583001,0.702070825499534,18,1,548542561
0.724214714517948,0.0129901604780924,18,1,548542561
0.216781521443508,0.00947013004540764,18,1,548542561
0.855232169821324,0.103347223981893,18,1,548542561
0.382433518983479,0.304832878741759,18,1,548542561
0.0723206111958845,0.0883276178085524,18,1,548542561
0.539924012423436,0.904404373772075,18,1,548542561
0.136494426522218,0.934182371116467,18,1,548542561
0.320440021769171,0.863398599649808,18,1,548542561
0.543625169575382,0.954976880391705,18,1,548542561
0.949238124125241,0.901418079388784,18,1,548542561
0.095730321604198,0.896247114186014,18,1,548542561
0.874235634159769,0.598199363109126,18,1,548542561
0.199853431337039,0.514082052044685,18,1,548542561
0.755002851542488,0.401651765903666,18,1,548542561
0.584053889925716,0.502997963219888,18,1,548542561
0.256672217401658,0.968251384513263,18,1,548542561
0.98381729900601,0.392115445189785,18,1,548542561
0.306099515132531,0.195251757301242,18,1,548542561
0.895350769188605,0.670540354249538,18,1,548542561
0.859115395263426,0.972667842691525,18,1,548542561
0.0770130684179176,0.54327153335024,18,1,548542561
0.841185958392505,0.162010488525135,18,1,548542561
0.300834214258121,0.655807130884526,18,1,548542561
0.101893745080057,0.697629455045189,18,1,548542561
0.312641822467699,0.457568871774845,18,1,548542561
0.544672737648287,0.672465344724673,18,1,548542561
0.0226338653249014,0.0454565149785116,18,1,548542561
0.548110794442934,0.21591251895273,18,1,548542561
0.522909350879225,0.682571055797498,18,1,548542561
0.596507314599592,0.582655085824078,18,1,548542561
0.969926093345856,0.661993089817172,18,1,548542561
0.178924967365338,0.245238167696183,18,1,548542561
0.622947102896229,0.968597804643591,18,1,548542561
0.00367728951063051,0.86660703230045,18,1,548542561
0.674958416904396,0.138549073737931,18,1,548542561
0.218023063339115,0.702844388011511,18,1,548542561
0.664639152010204,0.770223138798027,18,1,548542561
0.732625136699766,0.0912480913743201,18,1,548542561
0.108210851618135,0.682300586208799,18,1,548542561
0.40649449206202,0.395062824620879,18,1,548542561
0.49825902662878,0.633510369435627,18,1,548542561
0.890881867599743,0.103177855434884,18,1,548542561
0.0967427295644736,0.909623889075615,18,1,548542561
0.854377522881312,0.716101360755229,18,1,548542561
0.162399197069589,0.59020373069832,18,1,548542561
0.0923109772465553,0.0773548967662059,18,1,548542561
0.137149979972232,0.633878589556994,18,1,548542561
0.847509231048407,0.085139257429435,18,1,548542561
0.307374803419262,0.934524730137625,18,1,548542561
0.58766677254315,0.81214808957401,18,1,548542561
0.442861070651775,0.0756119901695991,18,1,548542561
0.646744162696376,0.423888120887671,18,1,548542561
0.393460671609383,0.492552956169414,18,1,548542561
0.191875759289002,0.908078403736551,18,1,548542561
0.012514345126811,0.391534023855825,18,1,548542561
0.30679359681338,0.383720717201637,18,1,548542561
0.702089561105792,0.405579371213543,18,1,548542561
0.18451129108959,0.485379548212808,18,1,548542561
0.166397357988962,0.868623696491686,18,1,548542561
0.218963175944122,0.238483094988531,18,1,548542561
0.312427035513284,0.128889197862311,18,1,548542561
0.850046354302331,0.492838048247835,18,1,548542561
0.905536900607193,0.983861934431427,18,1,548542561
0.140813100673401,0.30996171194078,18,1,548542561
0.160846783209983,0.564003215315017,18,1,548542561
0.277739107393828,0.898990521140759,18,1,548542561
0.373370611974725,0.53186937199616,18,1,548542561
0.644888007315357,0.40075532723999,18,1,548542561
0.920244545646843,0.803466435720757,18,1,548542561
0.850298059985909,0.843505665304651,18,1,548542561
0.977843247714623,0.779990154290648,18,1,548542561
0.771276886719082,0.162538130288519,18,1,548542561
0.394118834939921,0.497098145875984,18,1,548542561
0.179253002787876,0.857560565232532,18,1,548542561
0.976287206772217,0.779912707677881,18,1,548542561
0.39253445781318,0.509034044710492,18,1,548542561
0.39744792511672,0.498307842399143,18,1,548542561
0.737647221195836,0.304494983391664,18,1,548542561
0.314770634787173,0.669687847302759,18,1,548542561
0.855323972430107,0.818325379249855,18,1,548542561
0.0655460358197866,0.70819826719487,18,1,548542561
0.265943332927348,0.014174258672381,18,1,548542561
0.2201288990354,0.215314099555089,18,1,548542561
0.867754947555432,0.764156490601856,18,1,548542561
0.142483818878865,0.958173211781323,18,1,548542561
0.154569299096893,0.687248886148733,18,1,548542561
0.50546068525323,0.678719326844849,18,1,548542561
0.384980099994015,0.172004247055389,18,1,548542561
0.405087048784042,0.378720314282773,18,1,548542561
0.987590444901956,0.0177780003171302,18,1,548542561
0.0262443313249703,0.396566901285054,18,1,548542561
0.362068899607082,0.884012845464373,18,1,548542561
0.163484440985563,0.51052911309218,18,1,548542561
0.90492317970171,0.731699849492523,18,1,548542561
0.416579449496347,0.422170473634597,18,1,548542561
0.299164864497505,0.509625867815757,18,1,548542561
0.309713613668218,0.49162486292994,18,1,548542561
0.175698420540278,0.968873945168928,18,1,548542561
0.0223788118611807,0.204625334478648,18,1,548542561
0.146031295591834,0.163796778604572,18,1,548542561
0.940137267267098,0.950811048389779,18,1,548542561
0.420042373038125,0.624541291865845,18,1,548542561
0.372236686083009,0.689777763464964,18,1,548542561
0.702726933283301,0.953397648244523,18,1,548542561
0.267656949794337,0.562070326841061,18,1,548542561
0.775127461030514,0.103080995570113,18,1,548542561
0.886863285229285,0.58621015209836,18,1,548542561
0.780674033514774,0.439491520369528,18,1,548542561
0.815956626505349,0.790530654056034,18,1,548542561
0.99582691772202,0.107397702201954,18,1,548542561
0.739895125540753,0.847375729956643,18,1,548542561
0.475474159610086,0.285817063035802,18,1,548542561
0.988640802287318,0.246942279218774,18,1,548542561
0.953214891111231,0.880350292779698,18,1,548542561
0.656328086858373,0.67768374631972,18,1,548542561
0.906895840525607,0.946854699773588,18,1,548542561
0.690270315590852,0.205184679119757,18,1,548542561
0.448549859259442,0.466415042991177,18,1,548542561
0.760990121399976,0.535354911578188,18,1,548542561
0.336051287686323,0.620185086521719,18,1,548542561
0.515517196973021,0.504591464354111,18,1,548542561
0.546780698598827,0.747857342439443,18,1,548542561
0.546942890648648,0.345441304696926,18,1,548542561
0.566113360196018,0.515562413561155,18,1,548542561
0.357371682918751,0.312452709763736,18,1,548542561
0.780655088613182,0.412115932183842,18,1,548542561
0.767934387655799,0.411129706869722,18,1,548542561
0.379819623254693,0.480380022172387,18,1,548542561
0.893629379301895,0.224290439513926,18,1,548542561
0.875163113029612,0.601270832250643,18,1,548542561
0.822693054115968,0.475234545492841,18,1,548542561
0.296300201164287,0.0118530023743348,18,1,548542561
0.946256305735079,0.814060743013387,18,1,548542561
0.0335163461914405,0.351647747650186,18,1,548542561
0.209174645326414,0.571649009678715,18,1,548542561
0.484675912219338,0.280072370666397,18,1,548542561
0.386450352872931,0.212618636102571,18,1,548542561
0.194593060988224,0.877098771155978,18,1,548542561
0.267180827647638,0.186098301097578,18,1,548542561
0.515597933228486,0.777743805880248,18,1,548542561
0.433644383365741,0.510167970487768,18,1,548542561
0.555123080815996,0.112568624420132,18,1,548542561
0.730106199128234,0.169458511904785,18,1,548542561
0.667386427492892,0.464807927470913,18,1,548542561
0.60685000759535,0.761500586575057,18,1,548542561
0.839039840979424,0.53098834384581,18,1,548542561
0.456397849117141,0.381099735910832,18,1,548542561
0.739751810583567,0.759168119586465,18,1,548542561
0.510654963380532,0.76651456810346,18,1,548542561
0.126305761847033,0.631015994835907,18,1,548542561
0.517007658563728,0.414573581129195,18,1,548542561
0.0584006621874942,0.622253350368324,18,1,548542561
0.66497594872772,0.979139947640826,18,1,548542561
0.995839041505459,0.883644456513521,18,1,548542561
0.148485711724006,0.354930055104965,18,1,548542561
0.00497942902841864,0.646136513143761,18,1,548542561
0.410804278587235,0.421682907151739,18,1,548542561
0.45299245456859,0.650809845511261,18,1,548542561
0.71810887922466,0.424806382700933,18,1,548542561
0.0106617144687626,0.250396798994371,18,1,548542561
0.901472877174641,0.313132855038699,18,1,548542561
0.193542286838081,0.360539222212215,18,1,548542561
0.276776922183073,0.379115773734134,18,1,548542561
0.494380662535691,0.136124150686985,18,1,548542561
0.182412182024513,0.849116769897934,18,1,548542561
0.169592048686047,0.628479872022178,18,1,548542561
0.202152810515771,0.509324746724879,18,1,548542561
0.0536387084397765,0.856174434475,18,1,548542561
0.626668782682492,0.40432657419285,18,1,548542561
0.828030788960472,0.579277225473981,18,1,548542561
0.0764618640676096,0.0101383373358868,18,1,548542561
0.254480611686074,0.653744216825747,18,1,548542561
0.868683702041192,0.177341077143187,18,1,548542561
0.646239063375051,0.759320775769448,18,1,548542561
0.435540622650461,0.0764159750572615,18,1,548542561
0.384292926415919,0.0190366055875586,18,1,548542561
0.84288792353189,0.4465140614236,18,1,548542561
0.477917190636738,0.405026038830433,18,1,548542561
0.266374991529229,0.556493022157669,18,1,548542561
0.130187260500173,0.874583123548064,18,1,548542561
0.312027485202973,0.812439051281398,18,1,548542561
0.647214190657593,0.460516788481771,18,1,548542561
0.69909770745674,0.556855374914569,18,1,548542561
0.00713512297828767,0.754277244567896,18,1,548542561
0.644205160377671,0.0176575099418708,18,1,548542561
0.0676306041008132,0.740903735489364,18,1,548542561
0.514202292834626,0.4608682170459,18,1,548542561
0.585245280328431,0.323207628324574,18,1,548542561
0.523227559770086,0.26909074870033,18,1,548542561
0.62933886290759,0.188704746303636,18,1,548542561
0.631358771815644,0.558952781937057,18,1,548542561
0.449115782343839,0.0676514936010753,18,1,548542561
0.312530539995945,0.966974389503275,18,1,548542561
0.183915819123542,0.2207402843958,18,1,548542561
0.640126544441062,0.216351188903731,18,1,548542561
0.0724225387758448,0.576565647754928,18,1,548542561
0.243825337029658,0.473659293794538,18,1,548542561
0.10705559825281,0.0113903845377163,18,1,548542561
0.842643099254436,0.735618287411791,18,1,548542561
0.821064370062612,0.903177636053857,18,1,548542561
0.501551911294398,0.00546806483584339,18,1,548542561
0.438281289525699,0.446717054259002,18,1,548542561
0.551736322067025,0.149304307633836,18,1,548542561
0.811412171322218,0.904720534214706,18,1,548542561
0.216602892655999,0.759741087481032,18,1,548542561
0.332761422626803,0.596648609058634,18,1,548542561
0.757980962850005,0.584571157858849,18,1,548542561
0.996351939042333,0.00585774129110916,18,1,548542561
0.739700388789505,0.223770977919882,18,1,548542561
0.832968805241105,0.501311434102553,18,1,548542561
0.687261561938915,0.738408332894381,18,1,548542561
0.284038426120472,0.907177788490577,18,1,548542561
0.851385085841383,0.0863550265413684,18,1,548542561
0.371326578747373,0.617724832151605,18,1,548542561
0.64872099799198,0.615353229129465,18,1,548542561
0.220767746357872,0.21936908117928,18,1,548542561
0.403110417153351,0.326060995721942,18,1,548542561
0.557936658777629,0.753593158267219,18,1,548542561
0.338047237601951,0.739841074863411,18,1,548542561
0.656826376109991,0.419766210445445,18,1,548542561
0.207648189115652,0.740737692551307,18,1,548542561
0.458437360924119,0.562767363172332,18,1,548542561
0.0285123572926063,0.26265184087488,18,1,548542561
0.682396826181116,0.172442199296238,18,1,548542561
0.961627166289243,0.0635613055132298,18,1,548542561
0.415150141504343,0.544332525597925,18,1,548542561
0.395895518320522,0.806098863422586,18,1,548542561
0.106701408534771,0.63546341091709,18,1,548542561
0.998121561473121,0.211128978447638,18,1,548542561
0.0222470668620014,0.707236320980512,18,1,548542561
0.784058206829865,0.945292676629429,18,1,548542561
0.0764443685738772,0.957716609381434,18,1,548542561
0.565313455952335,0.145027050042422,18,1,548542561
0.856177428815736,0.817099668029702,18,1,548542561
0.0517701758648237,0.640216915870356,18,1,548542561
0.533077147138639,0.407756179258196,18,1,548542561
0.55909169169718,0.152658683049857,18,1,548542561
0.130641943723801,0.0195233668015611,18,1,548542561
0.838648150475395,0.525448895395417,18,1,548542561
0.589277352395452,0.845690736877017,18,1,548542561
0.34055450484433,0.981858757314172,18,1,548542561
0.102404297882842,0.359946287985911,18,1,548542561
0.818077234887009,0.166204195514483,18,1,548542561
0.902113797792771,0.140602663377039,18,1,548542561
0.786067582518908,0.832499238733216,18,1,548542561
0.73128036158773,0.748860144144347,18,1,548542561
0.392698550063454,0.722157606176116,18,1,548542561
0.197868209207324,0.666969886892933,18,1,548542561
0.74446355769542,0.417162517395809,18,1,548542561
0.900909044135794,0.9010804843875,18,1,548542561
0.386171760841685,0.882858768679624,18,1,548542561
0.27932154386514,0.632126799075173,18,1,548542561
0.518902425050682,0.930469211739794,18,1,548542561
0.652017811781309,0.242428850966921,18,1,548542561
0.372466797224934,0.674336226739363,18,1,548542561
0.84011695518098,0.427533351433755,18,1,548542561
0.307486438212796,0.113404941083489,18,1,548542561
0.779254384413334,0.113235993801633,18,1,548542561
0.739665005003172,0.489602245670361,18,1,548542561
0.957055597622837,0.20166043254917,18,1,548542561
0.670127655398268,0.955154050547253,18,1,548542561
0.35495700072907,0.634027240600204,18,1,548542561
0.411608209200664,0.886644621039054,18,1,548542561
0.160786510324361,0.876790172793212,18,1,548542561
0.5415293778216,0.873895631749462,18,1,548542561
0.404710448581397,0.953668844535082,18,1,548542561
0.323812310605743,0.728393542758509,18,1,548542561
0.252876981341124,0.380683409841627,18,1,548542561
0.206811951709726,0.326233874652192,18,1,548542561
0.286453290076036,0.617007211398185,18,1,548542561
0.902695164549082,0.483424138721396,18,1,548542561
0.855020813847981,0.972854215478216,18,1,548542561
0.700261782375911,0.614838932765492,18,1,548542561
0.0762945636759609,0.040395275246019,18,1,548542561
0.000681299618468856,0.444284727292047,18,1,548542561
0.183410044276783,0.902872118388463,18,1,548542561
0.644360221673323,0.375550314362679,18,1,548542561
0.263254563638044,0.593071370291147,18,1,548542561
0.0308319811701252,0.888612671575335,18,1,548542561
0.775826431787044,0.660040836350748,18,1,548542561
0.130881951447734,0.146948012523931,18,1,548542561
0.0485636286735593,0.319058434192094,18,1,548542561
0.423959742758793,0.173004666643814,18,1,548542561
0.274012821442182,0.0149484290195527,18,1,548542561
0.984035167270432,0.155664231788157,18,1,548542561
0.848087556022564,0.657181460396107,18,1,548542561
0.677007645507117,0.967281125022895,18,1,548542561
0.718077904473257,0.761815964348056,18,1,548542561
0.403876207382933,0.0329233246976792,18,1,548542561
0.962864136045148,0.217838788266825,18,1,548542561
0.955840831194149,0.65771430422921,18,1,548542561
0.174272870909811,0.629322868892214,18,1,548542561
0.292896581756141,0.966049676289224,18,1,548542561
0.464792885843651,0.723453112078496,18,1,548542561
0.502757747593729,0.539092887550065,18,1,548542561
0.998485230188844,0.701855493598678,18,1,548542561
0.721280075318224,0.439943903724619,18,1,548542561
0.961026240401727,0.871355567982375,18,1,548542561
0.067921137565742,0.0815254914849879,18,1,548542561
0.599451763065312,0.455151767142826,18,1,548542561
0.265465318228354,0.573643855935119,18,1,548542561
0.0446594446159194,0.408288783715345,18,1,548542561
0.964415760181905,0.352597129649543,18,1,548542561
0.404574399684764,0.866904465839022,18,1,548542561
0.307393127406089,0.280303157032253,18,1,548542561
0.374690295081228,0.203815352137963,18,1,548542561
0.741226330314059,0.40958904016202,18,1,548542561
0.316817748197554,0.472748282060304,18,1,548542561
0.760681624668671,0.814569686008731,18,1,548542561
0.835131355015039,0.890579123619141,18,1,548542561
0.926958332875565,0.852148569358489,18,1,548542561
0.893681640977529,0.37882677928605,18,1,548542561
0.896796515155198,0.548202894440525,18,1,548542561
0.921909106390721,0.598959743859133,18,1,548542561
0.349350173038793,0.606393506364952,18,1,548542561
0.000519062448554486,0.375447249274512,18,1,548542561
0.807528262926786,0.879187788525627,18,1,548542561
0.72853699550542,0.81344771611696,18,1,548542561
0.112176375762274,0.374574254284081,18,1,548542561
0.886183580946541,0.109450304899949,18,1,548542561
0.07281789193364,0.41668426989405,18,1,548542561
0.15789965047814,0.305513648463018,18,1,548542561
0.87424980072426,0.596127278681732,18,1,548542561
0.0953360924078548,0.0887187597592383,18,1,548542561
0.290150169508962,0.849428128555088,18,1,548542561
0.579724568259082,0.0987210501043487,18,1,548542561
0.672189968703251,0.323823368417682,18,1,548542561
0.591997360093621,0.875850212599326,18,1,548542561
0.3653063687841,0.693875670833452,18,1,548542561
0.255074131807768,0.163045394815001,18,1,548542561
0.0447831704466375,0.571799732450075,18,1,548542561
0.8708491266945,0.574198617779535,18,1,548542561
0.0207538320858949,0.740540752639401,18,1,548542561
0.153869092301651,0.210403607868625,18,1,548542561
0.932939130310578,0.719063754046712,18,1,548542561
0.258925474319227,0.380913845832533,18,1,548542561
0.101836583951296,0.562227544216984,18,1,548542561
0.769862452923141,0.571684120184273,18,1,548542561
0.215988383893537,0.776526745254345,18,1,548542561
0.398545017065198,0.325968494464256,18,1,548542561
0.59100894872898,0.788763111007487,18,1,548542561
0.155098806576137,0.318898011528785,18,1,548542561
0.317014424011799,0.298235548540307,18,1,548542561
0.684572714219144,0.992902727720572,18,1,548542561
0.947675828667046,0.633256657368326,18,1,548542561
0.803206731104366,0.124512750585206,18,1,548542561
0.395372451264204,0.345832143305262,18,1,548542561
0.869308711228878,0.524671575159968,18,1,548542561
0.835525821998536,0.380895895011166,18,1,548542561
0.764539404480884,0.966634815891134,18,1,548542561
0.997144946946422,0.350923546760122,18,1,548542561
0.876723525230168,0.448559539778049,18,1,548542561
0.0192336315665695,0.692513377011873,18,1,548542561
0.954419610851248,0.218336506971184,18,1,548542561
0.246393519489853,0.480569203216661,18,1,548542561
0.191263302172862,0.530620537666229,18,1,548542561
0.906391024923775,0.442776919294572,18,1,548542561
0.635240920516337,0.939469132050305,18,1,548542561
0.460774107212034,0.11252461072826,18,1,548542561
0.528520104631692,0.124485527227189,18,1,548542561
0.8214905604169,0.831605638144431,18,1,548542561
0.400712137431978,0.496256790938781,18,1,548542561
0.920551850661063,0.626348647954866,18,1,548542561
0.647713812777896,0.586244484503858,18,1,548542561
0.709228747564887,0.562348738949162,18,1,548542561
0.979601165205999,0.408453473498126,18,1,548542561
0.794907831701224,0.83102158630951,18,1,548542561
0.979939044666616,0.335300756428785,18,1,548542561
0.485445768085125,0.189017127137541,18,1,548542561
0.137891162877106,0.387473101040094,18,1,548542561
0.860683061453526,0.222515885942232,18,1,548542561
0.978752449781446,0.971942793862664,18,1,548542561
0.488894642867523,0.0385152707969656,18,1,548542561
0.279450893813469,0.512647070310275,18,1,548542561
0.44673864173556,0.516701944560985,18,1,548542561
0.620978899548363,0.0352346773385728,18,1,548542561
0.0669599695148051,0.467361676026981,18,1,548542561
0.494960075495139,0.456009103341637,18,1,548542561
0.399494165435476,0.71881834031617,18,1,548542561
0.594827667425638,0.979692173429781,18,1,548542561
0.692179086335452,0.135540434134476,18,1,548542561
0.552114308114127,0.81889478134852,18,1,548542561
0.11391915940718,0.584296559004178,18,1,548542561
0.857130475000655,0.279526998351667,18,1,548542561
0.353469514359564,0.344541784068907,18,1,548542561
0.317511478788629,0.143713418264266,18,1,548542561
0.516784452923289,0.548302303046166,18,1,548542561
0.00789022941637452,0.783240808059321,18,1,548542561
0.746987016287483,0.859485387580548,18,1,548542561
0.0428719205036394,0.185155412208321,18,1,548542561
0.849394686627346,0.708284446272212,18,1,548542561
0.0721237239608543,0.839947803532096,18,1,548542561
0.324016114751072,0.740672577229813,18,1,548542561
0.475616197269192,0.329892797900804,18,1,548542561
0.140589001083329,0.24364114821826,18,1,548542561
0.91446828306534,0.169745113468528,18,1,548542561
0.953565019008091,0.807653053034979,18,1,548542561
0.896176352614071,0.41810708652383,18,1,548542561
0.225261439017326,0.828863686165831,18,1,548542561
0.927247546158891,0.336529832603002,18,1,548542561
0.805011432688216,0.508394425382855,18,1,548542561
0.451695104060583,0.892537010352757,18,1,548542561
0.520522646671153,0.544162202436337,18,1,548542561
0.83002731912662,0.524271520713002,18,1,548542561
0.796327066402977,0.2583554706984,18,1,548542561
0.170135147896558,0.43110847330406,18,1,548542561
0.701968754679581,0.181007531872778,18,1,548542561
0.966119677167622,0.229147891764353,18,1,548542561
0.911125548542431,0.086328828451494,18,1,548542561
0.640337989699415,0.495305061547728,18,1,548542561
0.0971332314070352,0.737915792568467,18,1,548542561
0.401337459372623,0.0114158308254277,18,1,548542561
0.67175084330328,0.549673305912266,18,1,548542561
0.524712801911338,0.14891933093485,18,1,548542561
0.752216958818293,0.713696925383541,18,1,548542561
0.629119276771561,0.416344940361964,18,1,548542561
0.265074449408124,0.943141077628455,18,1,548542561
0.408770927046701,0.364379865673338,18,1,548542561
0.54507181606185,0.0307260427390428,18,1,548542561
0.289574595609202,0.406541838419498,18,1,548542561
0.84936824952762,0.24752747118267,18,1,548542561
0.479050108524323,0.161560353152272,18,1,548542561
0.816043643814452,0.0270469450706416,18,1,548542561
0.432403134396114,0.57510286464578,18,1,548542561
0.981529561005595,0.290329877792064,18,1,548542561
0.365408048936853,0.629187851413304,18,1,548542561
0.883838067725661,0.397202877208317,18,1,548542561
0.852316398401022,0.663105904320044,18,1,548542561
0.101216773811794,0.992323089698694,18,1,548542561
0.198440472325964,0.642674738327679,18,1,548542561
0.984096850281939,0.846604423354817,18,1,548542561
0.78459138359677,0.311983246729432,18,1,548542561
0.926184919796633,0.470666090640919,18,1,548542561
0.768947792121128,0.907926858827528,18,1,548542561
0.368391950659861,0.545119865648769,18,1,548542561
0.23566491168864,0.309701636465502,18,1,548542561
0.318139165405326,0.491062836010657,18,1,548542561
0.445468652573695,0.821415319145385,18,1,548542561
0.0185734767947103,0.63380090989578,18,1,548542561
0.591330369904768,0.055295716613708,18,1,548542561
0.374617276862932,0.862391041854553,18,1,548542561
0.449979884463636,0.193675395971451,18,1,548542561
0.779711384155239,0.686303464004739,18,1,548542561
0.54453159013424,0.364556078980935,18,1,548542561
0.351744050553321,0.0765925987267124,18,1,548542561
0.0203536412681009,0.29781892030152,18,1,548542561
0.294391858364625,0.315699163334644,18,1,548542561
0.185430942331565,0.699137119256098,18,1,548542561
0.605215482493855,0.705658091680651,18,1,548542561
0.854110025775995,0.474678070339337,18,1,548542561
0.320114444347804,0.65926803714043,18,1,548542561
0.171700181850751,0.00441857923908451,18,1,548542561
0.306495352712865,0.890996626489121,18,1,548542561
0.860524078560053,0.82550487998396,18,1,548542561
0.834909326835909,0.111433587868694,18,1,548542561
0.798856992902985,0.330858740414441,18,1,548542561
0.491682446848332,0.708584138594312,18,1,548542561
0.509680574127918,0.290249645491029,18,1,548542561
0.836390537404007,0.261172488689997,18,1,548542561
0.891721413162218,0.701206930625976,18,1,548542561
0.352484769080498,0.733203945162948,18,1,548542561
0.394456271287894,0.302640925160023,18,1,548542561
0.307099569074965,0.000354904516872701,18,1,548542561
0.134787044721035,0.879216046722731,18,1,548542561
0.137155888993501,0.648755848239637,18,1,548542561
0.256923004257209,0.941314407664927,18,1,548542561
0.775768596980529,0.00529485864411372,18,1,548542561
0.360419774287664,0.456299682003635,18,1,548542561
0.583812756507875,0.133563998268608,18,1,548542561
0.258737348307141,0.00401135005186881,18,1,548542561
0.814933513744713,0.657820423983595,18,1,548542561
0.243224735022308,0.452780650448918,18,1,548542561
0.59777941204892,0.0692375911048515,18,1,548542561
0.531058626863947,0.73578568713299,18,1,548542561
0.376815695222766,0.215862575219668,18,1,548542561
0.359339761400305,0.135333213050945,18,1,548542561
0.75903601986828,0.504778456820669,18,1,548542561
0.616697539170608,0.804515525968595,18,1,548542561
0.259198059068543,0.887051293016469,18,1,548542561
0.365436920354896,0.81572148929666,18,1,548542561
0.416292673661738,0.899994817269601,18,1,548542561
0.0387921513363292,0.693825000893659,18,1,548542561
0.294343393499844,0.790810410063014,18,1,548542561
0.0708540621449734,0.87135100931138,18,1,548542561
0.207603416785177,0.0424222191921491,18,1,548542561
0.023302974692367,0.613579787009779,18,1,548542561
0.646864316427542,0.0698268913874003,18,1,548542561
0.598236845188151,0.150357529068014,18,1,548542561
0.00890610284221793,0.50972839943235,18,1,548542561
0.153542971874697,0.143066547015117,18,1,548542561
0.629602052334705,0.182047498435161,18,1,548542561
0.493049280086616,0.358044703557563,18,1,548542561
0.224046981242415,0.343790445411777,18,1,548542561
0.789942531197936,0.0552466263186711,18,1,548542561
0.206780688698895,0.831284534395023,18,1,548542561
0.473372274445099,0.462067798788815,18,1,548542561
0.851738161928634,0.23264900104212,18,1,548542561
0.556608337111556,0.65584377182231,18,1,548542561
0.689736175652984,0.334423225894724,18,1,548542561
0.414407066736358,0.638483814067301,18,1,548542561
0.931766977595042,0.643570201210351,18,1,548542561
0.324852823675762,0.538870642586933,18,1,548542561
0.808799431213556,0.766182696314606,18,1,548542561
0.641582920651921,0.696640799837616,18,1,548542561
0.176498194552966,0.197331087325669,18,1,548542561
0.0277524988019364,0.520062402321774,18,1,548542561
0.2964905312944,0.6931631760172,18,1,548542561
0.293643326052417,0.387990669939985,18,1,548542561
0.673016037226159,0.672578923557883,18,1,548542561
0.11346932778813,0.185892203398604,18,1,548542561
0.700731738779445,0.94860690897031,18,1,548542561
0.770337836622937,0.435538464556334,18,1,548542561
0.375994762415131,0.0659448038123709,18,1,548542561
0.317812466424651,0.841026751225294,18,1,548542561
0.390049261652312,0.793824570172076,18,1,548542561
0.0123560031446672,0.984185682366294,18,1,548542561
0.87761256591961,0.323819151174306,18,1,548542561
0.857587872191465,0.808985568778061,18,1,548542561
0.677935157192985,0.111104388183462,18,1,548542561
0.723970333892409,0.641638207980574,18,1,548542561
0.911051850892806,0.848893709064777,18,1,548542561
0.935530074318972,0.335776288088613,18,1,548542561
0.34376250520549,0.278138420169284,18,1,548542561
0.171157738117623,0.192520570822652,18,1,548542561
0.993734690773227,0.225942229368988,18,1,548542561
0.280668626415607,0.567046378035712,18,1,548542561
0.797981650350176,0.233901383172789,18,1,548542561
0.0521856232103772,0.668670573391521,18,1,548542561
0.82422118073424,0.137729553580569,18,1,548542561
0.456705389621377,0.69019635593089,18,1,548542561
0.792103982830247,0.122015588169077,18,1,548542561
0.297802291351503,0.696000417210036,18,1,548542561
0.344619379741093,0.404071094448231,18,1,548542561
0.306119860624454,0.303734833216969,18,1,548542561
0.819761007954701,0.689967852081219,18,1,548542561
0.877190557194137,0.383506870375146,18,1,548542561
0.415808756630972,0.78933676190826,18,1,548542561
0.9487084939645,0.589709189474562,18,1,548542561
0.730169041384233,0.867295876334671,18,1,548542561
0.268439746412811,0.951607129905908,18,1,548542561
0.731836440875203,0.295514417181322,18,1,548542561
0.713428085555559,0.371195250065798,18,1,548542561
0.188660043057846,0.912120386079091,18,1,548542561
0.759846800228679,0.975190049694566,18,1,548542561
0.203526047637558,0.504171187650423,18,1,548542561
0.646605395279658,0.3695839853405,18,1,548542561
0.868634841783053,0.811870621376014,18,1,548542561
0.851151034536739,0.133693853270431,18,1,548542561
0.397378098876326,0.911401891315573,18,1,548542561
0.632292791746014,0.72445854798885,18,1,548542561
0.369156524792973,0.181925408151224,18,1,548542561
0.870651079923936,0.80742223734319,18,1,548542561
0.0471831875415063,0.0245984492443805,18,1,548542561
0.641517696883397,0.639502307465665,18,1,548542561
0.82887989437137,0.00391701705694913,18,1,548542561
0.824015083791857,0.120509186795304,18,1,548542561
0.173204040118895,0.984272182048036,18,1,548542561
0.307785419524064,0.929224579462896,18,1,548542561
0.578763081255613,0.107840084024295,18,1,548542561
0.196055282110001,0.0510636621456764,18,1,548542561
0.221372505355771,0.267978606377025,18,1,548542561
0.105999187220593,0.548274308708513,18,1,548542561
0.279358729596196,0.377793215281383,18,1,548542561
