0.0245578543147096,0.391844557944137,18,1,548542561
0.88271388933023,0.384418458587449,18,1,548542561
0.391596488744592,0.267276669521998,18,1,548542561
0.987472920548465,0.951959489149183,18,1,548542561
0.764221738570036,0.521909191304713,18,1,548542561
0.460347532974185,0.742383045213377,18,1,548542561
0.318496026959504,0.222607461712149,18,1,548542561
0.0699852635633225,0.993571726848964,18,1,548542561
0.18033711399602,0.107584322563071,18,1,548542561
0.31217908187587,0.221140494298383,18,1,548542561
0.0365135748029317,0.288498104323327,18,1,548542561
0.196565752235254,0.0455003661245996,18,1,548542561
0.966795683780483,0.16949502874924,18,1,548542561
0.697117418139802,0.954016671545008,18,1,548542561
0.546867462314379,0.592170832739043,18,1,548542561
0.417000058655825,0.859110099475019,18,1,548542561
0.837161866084492,0.320982137099878,18,1,548542561
0.689610009446201,0.13389390989181,18,1,548542561
0.45851341916658,0.171062871890073,18,1,548542561
0.592997102547301,0.130831973881319,18,1,548542561
0.584943632230866,0.462198882369505,18,1,548542561
0.672778340745934,0.724613609743241,18,1,548542561
0.678632191919575,0.240970615494857,18,1,548542561
0.672563678353732,0.940276804825702,18,1,548542561
0.172371944246745,0.678366906719513,18,1,548542561
0.979222540809497,0.339738216576645,18,1,548542561
0.981158461278114,0.0669460015143717,18,1,548542561
0.189239766631817,0.474365700829759,18,1,548542561
0.804432769207017,0.303826587149914,18,1,548542561
0.567880830999371,0.767371192166679,18,1,548542561
0.349066625999324,0.287595911868984,18,1,548542561
0.476005929721155,0.834383242430494,18,1,548542561
0.881874573611623,0.967058857402203,18,1,548542561
0.306933598269202,0.248887898073929,18,1,548542561
0.769393358456487,0.368901085602317,18,1,548542561
0.0659307220216183,0.641365449139723,18,1,548542561
0.272409256761022,0.541245692575695,18,1,548542561
0.267736892058138,0.330710297345422,18,1,548542561
0.386110250622343,0.665353612546172,18,1,548542561
0.521402014699221,0.161361835510737,18,1,548542561
0.02676121741305,0.754044831509794,18,1,548542561
0.739008890254556,0.276217024165508,18,1,548542561
0.824139487921198,0.199713137648762,18,1,548542561
0.0261564957353426,0.585777065594093,18,1,548542561
0.48792782218,0.52603111338421,18,1,548542561
0.682673323750151,0.902921069133176,18,1,548542561
0.608816652675226,0.145115989023515,18,1,548542561
0.833758379923548,0.339141978380159,18,1,548542561
0.637838803701378,0.868891018002138,18,1,548542561
0.0146115733302798,0.678475637662557,18,1,548542561
0.891048800380596,0.777648149883647,18,1,548542561
0.215942060259766,0.829887803404634,18,1,548542561
0.0371653357439481,0.398397402713769,18,1,548542561
0.938982720781951,0.548250173632995,18,1,548542561
0.00736518844890721,0.337023933423216,18,1,548542561
0.380022221171272,0.172388056689572,18,1,548542561
0.264983080339691,0.00345881241368362,18,1,548542561
0.232466317340246,0.0374073828023955,18,1,548542561
0.737949030283449,0.149780286052222,18,1,548542561
0.873816984035235,0.0313225832116688,18,1,548542561
0.26420917860505,0.733607812694921,18,1,548542561
0.684785518465988,0.356776756308004,18,1,548542561
0.522799455950106,0.950197507041416,18,1,548542561
0.239479320549691,0.974708657179672,18,1,548542561
0.215100043902577,0.581399251026755,18,1,548542561
0.957256339710041,0.568802166229638,18,1,548542561
0.182411555639715,0.912199423550555,18,1,548542561
0.523689760531304,0.328850037896528,18,1,548542561
0.342285774116933,0.251053501469676,18,1,548542561
0.84085877899266,0.466020068709811,18,1,548542561
0.158121711786343,0.245268919247541,18,1,548542561
0.599698217942114,0.152156878971922,18,1,548542561
0.113518979142534,0.366128105570294,18,1,548542561
0.965191259446495,0.385193467741556,18,1,548542561
0.871984556540111,0.786166861632295,18,1,548542561
0.863800689349041,0.585998537784317,18,1,548542561
0.159380098023795,0.460811077685517,18,1,548542561
0.0186943599697367,0.217425503404984,18,1,548542561
0.766516066787108,0.776240830904904,18,1,548542561
0.391955053584719,0.869581551349079,18,1,548542561
0.806200160202496,0.310839304671701,18,1,548542561
0.355222488778601,0.151921982729451,18,1,548542561
0.766339184440777,0.323194168443227,18,1,548542561
0.1941604220203,0.815472786656978,18,1,548542561
0.997349936231293,0.0754181875481832,18,1,548542561
0.258558131444803,0.594593091353206,18,1,548542561
0.732214924377937,0.42696978378631,18,1,548542561
0.591126722283683,0.712281627627369,18,1,548542561
0.167520737432142,0.811507855207882,18,1,548542561
0.219499677352766,0.779319275383192,18,1,548542561
0.485885828875284,0.586127732935489,18,1,548542561
0.339580168248444,0.0328784180105259,18,1,548542561
0.975062643147529,0.913062533599004,18,1,548542561
0.668480636671538,0.066940781320372,18,1,548542561
0.474149076955453,0.358904295755067,18,1,548542561
0.103716278617089,0.450842366074168,18,1,548542561
0.994890896046084,0.392003440775802,18,1,548542561
0.410007254136976,0.879918603421235,18,1,548542561
0.844939659845766,0.0298025445480068,18,1,548542561
0.250661048822574,0.154507371101682,18,1,548542561
0.0591328429227458,0.296337741399531,18,1,548542561
0.653559735418782,0.428000407488009,18,1,548542561
0.395626522937242,0.723461895632187,18,1,548542561
0.422142389121277,0.28352959513546,18,1,548542561
0.921575017433278,0.518394018728531,18,1,548542561
0.543764625365261,0.670318415192621,18,1,548542561
0.104632978508316,0.513321312719195,18,1,548542561
0.0430830397578452,0.917000004848928,18,1,548542561
0.0460523254397955,0.269056134425418,18,1,548542561
0.398412527324265,0.333938359113649,18,1,548542561
0.935291402983901,0.700745538857279,18,1,548542561
0.640622816870201,0.122712241524463,18,1,548542561
0.978267714793402,0.7922329776324,18,1,548542561
0.331682314881891,0.728607441605627,18,1,548542561
0.50948699638183,0.508200861876707,18,1,548542561
0.547308862662163,0.417103156560632,18,1,548542561
0.408676638300495,0.543997927260721,18,1,548542561
0.562747405939815,0.662531242495286,18,1,548542561
0.916908611045772,0.31979846132915,18,1,548542561
0.174336899126522,0.564761208206343,18,1,548542561
0.594794247980881,0.180967342333745,18,1,548542561
0.502513250491536,0.8079804939353,18,1,548542561
0.229795146434836,0.507316929365009,18,1,548542561
0.975362536670263,0.266692084339718,18,1,548542561
0.525561940192872,0.847970963751311,18,1,548542561
0.440545363278185,0.852596266100787,18,1,548542561
0.0492131942254268,0.954372516864014,18,1,548542561
0.724643410165517,0.849857410350251,18,1,548542561
0.826533089484013,0.553058132655903,18,1,548542561
0.807014239887915,0.489220591326438,18,1,548542561
0.484743614602822,0.390254000647604,18,1,548542561
0.142042714628166,0.163192050314706,18,1,548542561
0.347370457184321,0.565347003634842,18,1,548542561
0.171761246962025,0.916630533617496,18,1,548542561
0.581566981942991,0.707945858380015,18,1,548542561
0.0160704316512148,0.40682652019042,18,1,548542561
0.989531042205978,0.924433751974497,18,1,548542561
0.389755852464341,0.947849739985928,18,1,548542561
0.196127991583497,0.290294076579235,18,1,548542561
0.266597066493899,0.802447682892815,18,1,548542561
0.391751622867522,0.0262187516751142,18,1,548542561
0.632819341345044,0.607028624306666,18,1,548542561
0.768702345079453,0.524450607455189,18,1,548542561
0.448679527069562,0.856062689607133,18,1,548542561
0.171346100627748,0.402780841058823,18,1,548542561
0.619053231477645,0.930745055484667,18,1,548542561
0.405525902609559,0.696679589755673,18,1,548542561
0.408668005318705,0.196265710459445,18,1,548542561
0.407762433039318,0.474594464630225,18,1,548542561
0.473525096805915,0.00415498253602919,18,1,548542561
0.56114928238911,0.803260804398908,18,1,548542561
0.3748969437701,0.243867949746627,18,1,548542561
0.390447754099911,0.771372184260213,18,1,548542561
0.0560345054114484,0.0206972920790367,18,1,548542561
0.629527746702996,0.943160686210429,18,1,548542561
0.829331579672266,0.869669801451839,18,1,548542561
0.496305083398012,0.350301437515407,18,1,548542561
0.851909914252703,0.802567124470886,18,1,548542561
0.392400763759934,0.506837179567552,18,1,548542561
0.588165269067692,0.680589914237617,18,1,548542561
0.176939153059758,0.244853812880804,18,1,548542561
0.557471285347934,0.336351109170682,18,1,548542561
0.789317022917433,0.540471613493527,18,1,548542561
0.646687244290712,0.9346564936671,18,1,548542561
0.23833671133575,0.469138493369573,18,1,548542561
0.731576719975427,0.675103272570098,18,1,548542561
0.494107747969257,0.711550526964718,18,1,548542561
0.160498557085878,0.000945280781375235,18,1,548542561
0.218682096515682,0.850415008745216,18,1,548542561
0.774308818937323,0.515204991179574,18,1,548542561
0.845996566353007,0.786673479451724,18,1,548542561
0.184187049460649,0.275273363207162,18,1,548542561
0.984162907810535,0.428629818904012,18,1,548542561
0.164884225261948,0.532147450836781,18,1,548542561
0.657323707750221,0.836522835671378,18,1,548542561
0.633057670900702,0.597650852985272,18,1,548542561
0.900300647249638,0.992033733090705,18,1,548542561
0.367883938265084,0.602031704540941,18,1,548542561
0.0675419051597876,0.191062886041267,18,1,548542561
0.963293529615697,0.243058635867106,18,1,548542561
0.51272761095522,0.0502325981558551,18,1,548542561
0.635137904015594,0.866697187911382,18,1,548542561
0.19725849170688,0.220002894334927,18,1,548542561
0.703246694632574,0.557082652800032,18,1,548542561
0.875067942235754,0.440811248622777,18,1,548542561
0.879985500029419,0.944516836950244,18,1,548542561
0.78675667880367,0.62177742810723,18,1,548542561
0.903794024001709,0.7165633969531,18,1,548542561
0.255376327154424,0.901131833637534,18,1,548542561
0.32103364017618,0.135417917390774,18,1,548542561
0.507404049507096,0.0277104541501538,18,1,548542561
0.127989168738695,0.50274810770741,18,1,548542561
0.879349819054905,0.583128827495101,18,1,548542561
0.979261930088297,0.947674244639642,18,1,548542561
0.374731988543978,0.591149231426891,18,1,548542561
0.752095197448395,0.0945782001202797,18,1,548542561
0.417178326899113,0.494235948706294,18,1,548542561
0.0659713445143022,0.584282755439294,18,1,548542561
0.708776009647071,0.156286319589092,18,1,548542561
0.0204412170592563,0.855898696073798,18,1,548542561
0.414969966987921,0.259142345632926,18,1,548542561
0.908785723815031,0.427877955447609,18,1,548542561
0.902509084167946,0.272992011509925,18,1,548542561
0.22947254226888,0.152245565883035,18,1,548542561
0.358991960756001,0.00528465755281715,18,1,548542561
0.219923636898868,0.0840320968774906,18,1,548542561
0.426401383035758,0.385089915075698,18,1,548542561
0.571173006042677,0.865406163463688,18,1,548542561
0.105612317209562,0.139204540252482,18,1,548542561
0.365515212523466,0.86344250303748,18,1,548542561
0.305236569678637,0.979922122421612,18,1,548542561
0.57273777003545,0.292112053710832,18,1,548542561
0.744662823842529,0.479983830835179,18,1,548542561
0.878610618542547,0.899263409798073,18,1,548542561
0.87454202675791,0.495914702431012,18,1,548542561
0.378636715859685,0.861263113428326,18,1,548542561
0.462159772588602,0.082613999732783,18,1,548542561
0.769629769545333,0.138974100777339,18,1,548542561
0.598199479533652,0.433848721581468,18,1,548542561
0.508297910957458,0.606104419453105,18,1,548542561
0.0457096614076224,0.509795027984851,18,1,548542561
0.201244773881611,0.233189682061037,18,1,548542561
0.760839198223584,0.715748090341754,18,1,548542561
0.5976267823146,0.8430531733263,18,1,548542561
0.889113968739697,0.0746329592874488,18,1,548542561
0.456386432146571,0.262001330954063,18,1,548542561
0.742294381535842,0.42656569973644,18,1,548542561
0.882170787257474,0.929938068566,18,1,548542561
0.14272945305411,0.562623600409537,18,1,548542561
0.653542455595975,0.54506556333298,18,1,548542561
0.549076491046504,0.806677937684936,18,1,548542561
0.273355583015334,0.537697807496217,18,1,548542561
0.343184247706509,0.523000473675493,18,1,548542561
0.259007286702184,0.952845784766208,18,1,548542561
0.190205278318837,0.506991655319192,18,1,548542561
0.254215200234116,0.533768815952786,18,1,548542561
0.24207343315603,0.954075545939972,18,1,548542561
0.403383256669936,0.11883471293322,18,1,548542561
0.605342593877711,0.118416510783596,18,1,548542561
0.659290753773355,0.0106767625545423,18,1,548542561
0.661690034761859,0.091355975240508,18,1,548542561
0.600837549660124,0.137986313987222,18,1,548542561
0.325957330866318,0.980183701570968,18,1,548542561
0.941688581584233,0.0318301067537967,18,1,548542561
0.459330474970583,0.194210030543031,18,1,548542561
0.413010400238186,0.242438787626466,18,1,548542561
0.0616523189652409,0.0780879335499896,18,1,548542561
0.884288370821516,0.247314615028119,18,1,548542561
0.928002391297078,0.977797080651132,18,1,548542561
0.348204613810999,0.678218125535912,18,1,548542561
0.613300113662877,0.819357507728227,18,1,548542561
0.903746654288797,0.357569292390476,18,1,548542561
0.174266893275182,0.171399643235384,18,1,548542561
0.523363564667426,0.908455840803174,18,1,548542561
0.338691027010696,0.851960363561346,18,1,548542561
0.661320456129274,0.454397376800487,18,1,548542561
0.570401011603509,0.616416083922266,18,1,548542561
0.546581798606851,0.101243974535691,18,1,548542561
0.271589970179946,0.925397426941768,18,1,548542561
0.971566851273203,0.322243508680425,18,1,548542561
0.828551063332621,0.495718250361835,18,1,548542561
0.346349549355706,0.534251372010968,18,1,548542561
0.571889241517697,0.263465044202762,18,1,548542561
0.269036669233507,0.86574674366211,18,1,548542561
0.32305619469634,0.101631874513619,18,1,548542561
0.540020863048245,0.675934253173049,18,1,548542561
0.402088408052314,0.241589307437101,18,1,548542561
0.718260867568136,0.632873943457601,18,1,548542561
0.354542823702236,0.503549776250608,18,1,548542561
0.105189319337692,0.358939561903818,18,1,548542561
0.448234567547831,0.662320741171625,18,1,548542561
0.728866653841886,0.0240934832508692,18,1,548542561
0.880693629354805,0.877082509750086,18,1,548542561
0.0224816605684572,0.459028492455454,18,1,548542561
0.138662655916782,0.0341145992860898,18,1,548542561
0.170636533168274,0.676966306022924,18,1,548542561
0.509970256458339,0.403444925166449,18,1,548542561
0.557965175919572,0.0387014909981103,18,1,548542561
0.0678205449110703,0.330123987683569,18,1,548542561
0.965261632972715,0.818867274064762,18,1,548542561
0.560525593871251,0.411146757690033,18,1,548542561
0.763250905256453,0.527526603426446,18,1,548542561
0.543784935535162,0.0967858875556811,18,1,548542561
0.360346964127432,0.399795382507995,18,1,548542561
0.54988393229761,0.338446883904513,18,1,548542561
0.50869920980666,0.994253922378763,18,1,548542561
0.0280023783003891,0.68464876172484,18,1,548542561
0.000226916295524404,0.611734737166707,18,1,548542561
0.471845664538198,0.119962701867186,18,1,548542561
0.566005873021606,0.94775781714756,18,1,548542561
0.986631437172944,0.895358290125442,18,1,548542561
0.705483679464226,0.354826507969194,18,1,548542561
0.902071998971354,0.641934544827587,18,1,548542561
0.914087558728445,0.966212582421847,18,1,548542561
0.653050342741722,0.89046978090795,18,1,548542561
0.891449989892293,0.669450207758055,18,1,548542561
0.797269317640557,0.306670448028523,18,1,548542561
0.849690923693515,0.567136860019865,18,1,548542561
0.75980677589458,0.455958764045368,18,1,548542561
0.333175793749285,0.610267492923312,18,1,548542561
0.0231184166493952,0.541067572493639,18,1,548542561
0.438588645975868,0.876653365907272,18,1,548542561
0.363083703115645,0.288740165891389,18,1,548542561
0.487202493027076,0.806552962210947,18,1,548542561
0.44137207369283,0.284513059237115,18,1,548542561
0.303403204411755,0.167328178998171,18,1,548542561
0.346969925029599,0.0117514930145903,18,1,548542561
0.258593479168899,0.640617034367304,18,1,548542561
0.617454825213808,0.0546775754193063,18,1,548542561
0.524135674950478,0.666300350026263,18,1,548542561
0.735849740484291,0.693831043399916,18,1,548542561
0.97564334105137,0.929399385611688,18,1,548542561
0.0876974010024947,0.676502624370254,18,1,548542561
0.0788558610841381,0.790294603531845,18,1,548542561
0.419599745374132,0.801138113650667,18,1,548542561
0.368174827972704,0.555950936781299,18,1,548542561
0.386172775042096,0.395570988672728,18,1,548542561
0.663248802263065,0.693939189898233,18,1,548542561
0.156669917507132,0.174690130901006,18,1,548542561
0.404447689955544,0.998251666858473,18,1,548542561
0.24191764344122,0.758664869897767,18,1,548542561
0.638993157976244,0.700303682349691,18,1,548542561
0.828346297313169,0.275093696900975,18,1,548542561
0.494933187737072,0.0561045229082806,18,1,548542561
0.743583274374658,0.177186843979079,18,1,548542561
0.0670689580101094,0.100241564244561,18,1,548542561
0.546729915785376,0.807559307476239,18,1,548542561
0.791085005202041,0.457564781794544,18,1,548542561
0.581558186079702,0.548286008253131,18,1,548542561
0.335503802768065,0.0075345282024939,18,1,548542561
0.702546114774226,0.871145311590475,18,1,548542561
0.0656110956661256,0.761993101430286,18,1,548542561
0.277829515398382,0.555080420064239,18,1,548542561
0.328011931622614,0.0622486888311116,18,1,548542561
0.326789392546639,0.113900828010551,18,1,548542561
0.25009075764144,0.843582409825229,18,1,548542561
0.248808911664547,0.114294949553415,18,1,548542561
0.309153587417676,0.16210881947895,18,1,548542561
0.714645921169687,0.757593986944335,18,1,548542561
0.280916090597068,0.586150995226949,18,1,548542561
0.377998700544697,0.065825346023217,18,1,548542561
0.774987455894526,0.327331098437861,18,1,548542561
0.627278804015958,0.264395969150341,18,1,548542561
0.299687823883053,0.853838000241701,18,1,548542561
0.182770549930908,0.412397122000474,18,1,548542561
0.934813648639078,0.583425031301009,18,1,548542561
0.653623315650793,0.535910753184848,18,1,548542561
0.511351100854053,0.67854573925316,18,1,548542561
0.15959450380447,0.901771047171573,18,1,548542561
0.17345102995088,0.0850556408864671,18,1,548542561
0.00718430991308683,0.958130536740778,18,1,548542561
0.0541461162759607,0.4094032329283,18,1,548542561
0.0982333599895582,0.44796017574145,18,1,548542561
0.152835118950018,0.0921257087569325,18,1,548542561
0.168038582534616,0.279172106085023,18,1,548542561
0.269645637423672,0.156632064556128,18,1,548542561
0.521872715925674,0.125732789096625,18,1,548542561
0.611499060476782,0.521574247764233,18,1,548542561
0.864629353956891,0.837458270850639,18,1,548542561
0.652399370674784,0.0475622268250087,18,1,548542561
0.494400041933772,0.716757241246361,18,1,548542561
0.524475467588184,0.517180779765538,18,1,548542561
0.0244674147296244,0.178431749467849,18,1,548542561
0.683176224873812,0.340150767614094,18,1,548542561
0.980540192028764,0.276674994251422,18,1,548542561
0.832132553106055,0.750078490250931,18,1,548542561
0.618129652709274,0.826789249049151,18,1,548542561
0.316785333549247,0.127758959335947,18,1,548542561
0.992598912797322,0.836682973672665,18,1,548542561
0.244647428402413,0.514915979575516,18,1,548542561
0.0690934360339006,0.0758428783449405,18,1,548542561
0.576097213618834,0.826074477679244,18,1,548542561
0.432261772806703,0.476547885759935,18,1,548542561
0.0740228593480809,0.807792943678955,18,1,548542561
0.786292063987235,0.104818368668601,18,1,548542561
0.159741596112866,0.133599513170046,18,1,548542561
0.229361707794006,0.794769594695465,18,1,548542561
0.785519962595168,0.582808523771991,18,1,548542561
0.484724248035428,0.552195120977321,18,1,548542561
0.540512462473172,0.787836033920889,18,1,548542561
0.959983094961869,0.838097341497647,18,1,548542561
0.0427347777783273,0.173780027381868,18,1,548542561
0.280830145683414,0.761897666128927,18,1,548542561
0.72066777824563,0.932878324257591,18,1,548542561
0.99195283945878,0.606988680284013,18,1,548542561
0.317738723696015,0.206932648749176,18,1,548542561
0.21134037382262,0.558053363959459,18,1,548542561
0.199374064683974,0.558453595871942,18,1,548542561
0.285895542597722,0.846248519600744,18,1,548542561
0.56898947533661,0.560494296902743,18,1,548542561
0.0571846216661891,0.641383140463899,18,1,548542561
0.759277149138825,0.791563779411231,18,1,548542561
0.673991234982891,0.0563312368411384,18,1,548542561
0.133917060555474,0.774945905432916,18,1,548542561
0.561773318801861,0.0612241203565613,18,1,548542561
0.285362003915103,0.532328961602018,18,1,548542561
0.857006999468144,0.705560294356868,18,1,548542561
0.419342160774182,0.107770954276754,18,1,548542561
0.585223136900471,0.648645654142302,18,1,548542561
0.822340703356095,0.342427136419303,18,1,548542561
0.195567302791983,0.824082852891494,18,1,548542561
0.46290698423716,0.70588429655165,18,1,548542561
0.869399584125979,0.270571295134203,18,1,548542561
0.364882994928223,0.264153614149162,18,1,548542561
0.626583841482132,0.162664814786749,18,1,548542561
0.647969362551764,0.664226778800684,18,1,548542561
0.306705235729252,0.290718798089564,18,1,548542561
0.281608199792703,0.688632140584354,18,1,548542561
0.437823180567176,0.837426108320583,18,1,548542561
0.0588508364240852,0.505157012868188,18,1,548542561
0.579344028961674,0.798141489436976,18,1,548542561
0.0609253856836478,0.898891915709392,18,1,548542561
0.316016546323193,0.727215376372838,18,1,548542561
0.246177198260479,0.340221951149631,18,1,548542561
0.760614317203,0.53947884301644,18,1,548542561
0.441634060537784,0.936926947942693,18,1,548542561
0.500321094002254,0.940278768313269,18,1,548542561
0.662939965143545,0.168241338875777,18,1,548542561
0.0932385982473565,0.433419219328234,18,1,548542561
0.933716143173586,0.463693573126491,18,1,548542561
0.841886355645282,0.792223659167212,18,1,548542561
0.737076163068534,0.0499491872522895,18,1,548542561
0.847893700672806,0.111593273338777,18,1,548542561
0.905898537699715,0.988122966223548,18,1,548542561
0.0737749125339144,0.71667438426391,18,1,548542561
0.360044205921992,0.0973505103429142,18,1,548542561
0.761868619275604,0.954877990860608,18,1,548542561
0.507570685256067,0.639454288348907,18,1,548542561
0.692252654789225,0.460446263665035,18,1,548542561
0.844037878276618,0.453182427786748,18,1,548542561
0.932012703703071,0.957445455860166,18,1,548542561
0.761763560127224,0.608837720145129,18,1,548542561
0.0832904150671412,0.7447901161653,18,1,548542561
0.672819329451303,0.126703413197421,18,1,548542561
0.985249837830665,0.722205821045361,18,1,548542561
0.0417166070908102,0.799875443510645,18,1,548542561
0.863026974765372,0.269341422314819,18,1,548542561
0.298472753807153,0.910076570958729,18,1,548542561
0.527896819293806,0.120098165630842,18,1,548542561
0.546226916922965,0.806749847718506,18,1,548542561
0.7929271475929,0.599342043620748,18,1,548542561
0.323567529010067,0.065262082007604,18,1,548542561
0.564200932894482,0.443331236590466,18,1,548542561
0.797518187113122,0.900395042499778,18,1,548542561
0.886831557056354,0.987671523053561,18,1,548542561
0.961245838928093,0.427534730196713,18,1,524100231
0.162808091500535,0.343244406891908,18,1,524100231
0.416382906228648,0.0952655574575871,18,1,524100231
0.380428023787565,0.855959924294191,18,1,524100231
0.193843145413033,0.216974537224088,18,1,524100231
0.0245745949180989,0.124103600812751,18,1,524100231
0.390565920284519,0.286337849292912,18,1,524100231
0.873227952990214,0.833822100691373,18,1,524100231
0.888227124480371,0.34963963890475,18,1,524100231
0.50951824604214,0.15950258978981,18,1,524100231
0.498042553199567,0.172112280396943,18,1,524100231
0.495580966561381,0.692604275679876,18,1,524100231
0.361429011528406,0.852773412212359,18,1,524100231
0.989596303503887,0.0628649672066413,18,1,524100231
0.0640010991316529,0.486936532082523,18,1,524100231
0.707653900051534,0.546643935606877,18,1,524100231
0.250926409147193,0.910473361325555,18,1,524100231
0.826235961552397,0.00813559096148886,18,1,524100231
0.630858319565611,0.87629927781641,18,1,524100231
0.148111818560856,0.173720692267857,18,1,524100231
0.451471648006907,0.955534106597702,18,1,524100231
0.68833529164603,0.844734602683942,18,1,524100231
0.932830484788652,0.691833452611165,18,1,524100231
0.58377215752556,0.213713476957893,18,1,524100231
0.387278038670006,0.5603440963263,18,1,524100231
0.117921728806418,0.0131883062355531,18,1,524100231
0.789402832926911,0.503521763916916,18,1,524100231
0.53483878208589,0.18800713374923,18,1,524100231
0.495185816453155,0.6471883212601,18,1,524100231
0.726939881206898,0.514243600936706,18,1,524100231
0.978572516106166,0.395547459898625,18,1,524100231
0.114953089776225,0.11504507676356,18,1,524100231
0.136444978594215,0.400483538143924,18,1,524100231
0.417171107228422,0.0824069838194328,18,1,524100231
0.294644827823488,0.614522319233073,18,1,524100231
0.118559704407045,0.494015134020336,18,1,524100231
0.874438553597568,0.101218258292409,18,1,524100231
0.196478953909543,0.0308124080599652,18,1,524100231
0.341907310036525,0.170674804682377,18,1,524100231
0.987402948520597,0.405171829559389,18,1,524100231
0.835315075332302,0.108494995880972,18,1,524100231
0.100467788501633,0.830500931329142,18,1,524100231
0.00348330719998713,0.352805841543606,18,1,524100231
0.546870923523429,0.0417825707311659,18,1,524100231
0.0770050249170144,0.387210348151724,18,1,524100231
0.113079939680243,0.157297711171444,18,1,524100231
0.437490209482717,0.589374492157718,18,1,524100231
0.567290392738945,0.99163547681052,18,1,524100231
0.0190263524608543,0.79547989743122,18,1,524100231
0.218117246067132,0.0472668566588073,18,1,524100231
0.401558249411978,0.956228594025932,18,1,524100231
0.307796659307772,0.459841534117198,18,1,524100231
0.562050606382203,0.471467185467849,18,1,524100231
0.484361144051562,0.333898950477527,18,1,524100231
0.163337096579693,0.0283618383209783,18,1,524100231
0.689504158253244,0.494864828137113,18,1,524100231
0.0784571459864498,0.503843816170094,18,1,524100231
0.786085454653778,0.226242050835371,18,1,524100231
0.932285244168637,0.963511508714335,18,1,524100231
0.568214032777333,0.774519954320762,18,1,524100231
0.351590024139154,0.689507464356986,18,1,524100231
0.425148623814788,0.212826622254587,18,1,524100231
0.352648647610041,0.949219231746979,18,1,524100231
0.00166486902720653,0.806193822591691,18,1,524100231
0.698316230183788,0.677386017560363,18,1,524100231
0.692341496621943,0.463796971864766,18,1,524100231
0.974491445962801,0.41770113730929,18,1,524100231
0.529177151252202,0.521761933183505,18,1,524100231
0.202168652728462,0.0584627869113312,18,1,524100231
0.0735427084057676,0.733241607664513,18,1,524100231
0.580861737660082,0.0872439858448217,18,1,524100231
0.0816005675275031,0.531270561031975,18,1,524100231
0.235497597389845,0.76890727678539,18,1,524100231
0.760570890934434,0.262937325901873,18,1,524100231
0.499582684024795,0.281444262987202,18,1,524100231
0.694812437125819,0.977358524858742,18,1,524100231
0.693110436373301,0.716140567584865,18,1,524100231
0.628843762861989,0.380620910159252,18,1,524100231
0.167613351920242,0.147516005679426,18,1,524100231
0.639819940107222,0.7006474765477,18,1,524100231
0.40718776829974,0.188157485255837,18,1,524100231
0.414052033946081,0.947388446558291,18,1,524100231
0.732859751778273,0.256352334901317,18,1,524100231
0.820668830050965,0.689634352972626,18,1,524100231
0.284076338946778,0.914114893681108,18,1,524100231
0.359294595000146,0.354425059516969,18,1,524100231
0.363512137345424,0.349914302521949,18,1,524100231
0.931287406128995,0.604896810119228,18,1,524100231
0.226498335817909,0.700125878277709,18,1,524100231
0.750111257426943,0.108235955462058,18,1,524100231
0.859657562806304,0.683615826870842,18,1,524100231
0.70291283372122,0.918744825823797,18,1,524100231
0.746847397047218,0.583470017869014,18,1,524100231
0.673296660175099,0.517614356505348,18,1,524100231
0.106533370990965,0.371598442953712,18,1,524100231
0.825213781241488,0.0564137650221763,18,1,524100231
0.857547476729304,0.909660187139041,18,1,524100231
0.819137366732688,0.573103920461123,18,1,524100231
0.651560617262919,0.221695110343175,18,1,524100231
0.81505677249084,0.486994498662404,18,1,524100231
0.51854460124818,0.114073725259349,18,1,524100231
0.782984531162134,0.896232891642656,18,1,524100231
0.494403670812447,0.364883755422137,18,1,524100231
0.579687844909935,0.872356101947032,18,1,524100231
0.541740301523919,0.424229803936128,18,1,524100231
0.790860755287419,0.824908467101746,18,1,524100231
0.527774250575504,0.205415824612825,18,1,524100231
0.750180348237413,0.945925286828457,18,1,524100231
0.810862351122396,0.5224899053794,18,1,524100231
0.582483395016225,0.976373211092689,18,1,524100231
0.692778045535863,0.632052252393826,18,1,524100231
0.290795429368239,0.942183527662293,18,1,524100231
0.344302436708375,0.522755223385378,18,1,524100231
0.768427192864433,0.757764109962598,18,1,524100231
0.666606576446993,0.466337228158332,18,1,524100231
0.555060302629606,0.712423600034188,18,1,524100231
0.514024282505566,0.74055450879068,18,1,524100231
0.461366919429033,0.235606871927701,18,1,524100231
0.390515110784819,0.347337352818959,18,1,524100231
0.202442506899969,0.590038823260681,18,1,524100231
0.413277191038635,0.600268265078239,18,1,524100231
0.878870380320724,0.653399479340125,18,1,524100231
0.294588199070475,0.0944099463395653,18,1,524100231
0.630111166493936,0.260936591266085,18,1,524100231
0.970394178784177,0.878525033749933,18,1,524100231
0.865604178669027,0.114869857692443,18,1,524100231
0.74800695760988,0.614599109941295,18,1,524100231
0.362658658456191,0.116095010615934,18,1,524100231
0.54851530032117,0.342870009483454,18,1,524100231
0.0667329361478659,0.507843300895815,18,1,524100231
0.60044996408153,0.978527024050129,18,1,524100231
0.112224053216546,0.290031359991118,18,1,524100231
0.124413693753022,0.29996482212125,18,1,524100231
0.0471967217490672,0.279440002845047,18,1,524100231
0.703132404456116,0.752222483809819,18,1,524100231
0.37708655743574,0.827892080996999,18,1,524100231
0.0466845534023244,0.0349014943773298,18,1,524100231
0.292295890992504,0.886552811280008,18,1,524100231
0.112763409861458,0.59965234850313,18,1,524100231
0.621441570025244,0.170711473355759,18,1,524100231
0.768321786978889,0.530476823830193,18,1,524100231
0.676215265449433,0.481257299319356,18,1,524100231
0.190515576238533,0.755386199151244,18,1,524100231
0.435526912040406,0.16641306952515,18,1,524100231
0.497109033253078,0.462415382903525,18,1,524100231
0.542978247711872,0.265312267633924,18,1,524100231
0.896132271184349,0.613857830562133,18,1,524100231
0.184604161511779,0.526998671158834,18,1,524100231
0.404297556110685,0.950422366500496,18,1,524100231
0.279403291471466,0.733180413626981,18,1,524100231
0.984202690406309,0.997387103454586,18,1,524100231
0.161230321888346,0.158756173128967,18,1,524100231
0.448897221936318,0.582782972825982,18,1,524100231
0.844177318696653,0.227899125124263,18,1,524100231
0.766816741706522,0.234987962856328,18,1,524100231
0.326114854754556,0.500917353635495,18,1,524100231
0.0935285343108987,0.763349751402163,18,1,524100231
0.92352922737115,0.657880282546685,18,1,524100231
0.427125556909439,0.668698961011186,18,1,524100231
0.076058642713861,0.985750484974125,18,1,524100231
0.85649477580988,0.876844685116797,18,1,524100231
0.783666951085432,0.766130339299737,18,1,524100231
0.611193377197299,0.426220229584341,18,1,524100231
0.812125751505635,0.670614706340054,18,1,524100231
0.765603154351965,0.472616788206744,18,1,524100231
0.385309396547321,0.79301815818337,18,1,524100231
0.57945249494064,0.561816153693463,18,1,524100231
0.119867142024526,0.193646650024082,18,1,524100231
0.432349509902158,0.944085309403708,18,1,524100231
0.426933534302772,0.553176316566596,18,1,524100231
0.694267651830386,0.394242733515613,18,1,524100231
0.321652462009105,0.135241242646752,18,1,524100231
0.675668540280153,0.586938159067865,18,1,524100231
0.978602640033293,0.951221806262152,18,1,524100231
0.820182620052575,0.890145716153256,18,1,524100231
0.500210623043897,0.862490219521273,18,1,524100231
0.308147598829878,0.404369513152204,18,1,524100231
0.344638416408028,0.514041570939574,18,1,524100231
0.654965400013633,0.392189143147558,18,1,524100231
0.277702437986986,0.0427890005121272,18,1,524100231
0.226969426004781,0.889788723372459,18,1,524100231
0.876236564322811,0.678573685398798,18,1,524100231
0.36894118247899,0.407618434112922,18,1,524100231
0.127138413403294,0.794157820411939,18,1,524100231
0.869565366086923,0.996956264324411,18,1,524100231
0.120178353617711,0.304739419925005,18,1,524100231
0.655732474454158,0.712231171724636,18,1,524100231
0.474007793167457,0.86210717874867,18,1,524100231
0.946614589488736,0.263901689056754,18,1,524100231
0.473624632394638,0.141621599410136,18,1,524100231
0.993943577190734,0.681276264318719,18,1,524100231
0.061263761708376,0.538113238453273,18,1,524100231
0.282050845807825,0.890236289427683,18,1,524100231
0.0129260621087948,0.209670380976325,18,1,524100231
0.402867883704728,0.436586736787901,18,1,524100231
0.287397754871548,0.955536240549332,18,1,524100231
0.324821565334919,0.0336241552646843,18,1,524100231
0.569524891974094,0.192937716020768,18,1,524100231
0.638147180890077,0.673540844980655,18,1,524100231
0.324546465931644,0.49534531986206,18,1,524100231
0.932049428716661,0.750992204505454,18,1,524100231
0.912786622133699,0.723316740176448,18,1,524100231
0.0582354915463037,0.438549444778625,18,1,524100231
0.296378095898774,0.724596813565614,18,1,524100231
0.162583219236656,0.468816475990081,18,1,524100231
0.000838822077427359,0.613080269951651,18,1,524100231
0.316779354247864,0.980611714622618,18,1,524100231
0.634431757950248,0.683210129473865,18,1,524100231
0.129485569481918,0.811430062519085,18,1,524100231
0.725940799955652,0.0463024474971112,18,1,524100231
0.484775661580767,0.4364683125041,18,1,524100231
0.75297884420114,0.898153767497573,18,1,524100231
0.467360805404299,0.264349152637594,18,1,524100231
0.748606599420427,0.0882827139431654,18,1,524100231
0.95563865285393,0.681799250404986,18,1,524100231
0.258412516941231,0.901002596233099,18,1,524100231
0.651827542152411,0.590406872722478,18,1,524100231
0.289195095248833,0.251010601873917,18,1,524100231
0.507445766298897,0.485973721659242,18,1,524100231
0.660243640715203,0.870828134420344,18,1,524100231
0.18740754260236,0.326890686368814,18,1,524100231
0.422847363367325,0.757909369151445,18,1,524100231
0.418239249552263,0.0154476009581281,18,1,524100231
0.926775375364685,0.697804956623889,18,1,524100231
0.946055275479785,0.213456958800937,18,1,524100231
0.0899994836643172,0.301631938844181,18,1,524100231
0.962576554798805,0.654517692665942,18,1,524100231
0.641832084037489,0.598931420803337,18,1,524100231
0.949869973901859,0.345114401742953,18,1,524100231
0.6521546021508,0.271680787902958,18,1,524100231
0.439109109371225,0.761937727411657,18,1,524100231
0.787880342172605,0.0926641069238419,18,1,524100231
0.631094102838049,0.680789695617852,18,1,524100231
0.250803550297096,0.368690553829466,18,1,524100231
0.268391428550275,0.354152962066743,18,1,524100231
0.601911959087322,0.812829253938203,18,1,524100231
0.321520925604437,0.68829220512881,18,1,524100231
0.285381618240272,0.294213420141563,18,1,524100231
0.0600370023136223,0.432518167891762,18,1,524100231
0.566707833415354,0.229614797167478,18,1,524100231
0.769462525738548,0.334535325416656,18,1,524100231
0.585756693338467,0.955679411829668,18,1,524100231
0.414558217311926,0.457355363806409,18,1,524100231
0.752689897271162,0.671421564131509,18,1,524100231
0.788396562627437,0.796733729890323,18,1,524100231
0.39514796332362,0.527870202008407,18,1,524100231
0.150308037931834,0.128627356294515,18,1,524100231
0.440331037406772,0.847227167109164,18,1,524100231
0.514503443804291,0.0680607685534316,18,1,524100231
0.511241331835799,0.514910629975151,18,1,524100231
0.64198807973544,0.741935897637174,18,1,524100231
0.522070532074788,0.151111423104951,18,1,524100231
0.166734307658183,0.28903474407397,18,1,524100231
0.363817480199437,0.703810582448765,18,1,524100231
0.194402544614901,0.861656160679404,18,1,524100231
0.238645087811897,0.461473167293389,18,1,524100231
0.838265891475308,0.377699174188134,18,1,524100231
0.266962389015445,0.59240384373583,18,1,524100231
0.2629553164433,0.726650545689084,18,1,524100231
0.883920747054683,0.222846774320763,18,1,524100231
0.128491220592442,0.821541863867653,18,1,524100231
0.562427752513181,0.468652840945822,18,1,524100231
0.855894543809291,0.127076809976994,18,1,524100231
0.643888348175682,0.0800392750849874,18,1,524100231
0.813514312204777,0.226188355132483,18,1,524100231
0.908689545880288,0.434031372278089,18,1,524100231
0.419048708972587,0.726182677400899,18,1,524100231
0.101670831137097,0.0972485768699642,18,1,524100231
0.0330305918647837,0.581963186018083,18,1,524100231
0.753317357586922,0.170232469692832,18,1,524100231
0.0438424126407635,0.361304755024972,18,1,524100231
0.628136985614926,0.863359115203444,18,1,524100231
0.0260489810752476,0.425252725097848,18,1,524100231
0.171763623416294,0.145082741284501,18,1,524100231
0.315437261357134,0.459008618652224,18,1,524100231
0.271933227411425,0.0729658507746995,18,1,524100231
0.416212018455769,0.708284015596607,18,1,524100231
0.18158115099426,0.523488341773263,18,1,524100231
0.219893429376128,0.105247924264998,18,1,524100231
0.889739400839457,0.301641755964077,18,1,524100231
0.365540240609492,0.0380974540648382,18,1,524100231
0.46961098158561,0.71055535420884,18,1,524100231
0.569167024505585,0.928224371068116,18,1,524100231
0.41969781273245,0.309490605189158,18,1,524100231
0.90392495620546,0.479910867500225,18,1,524100231
0.804499033012025,0.475506632664742,18,1,524100231
0.494913586785167,0.167937347569712,18,1,524100231
0.687868774494508,0.926763354629991,18,1,524100231
0.420886743360747,0.22227747932121,18,1,524100231
0.674827384134131,0.120023867299504,18,1,524100231
0.640631513564651,0.698036599839412,18,1,524100231
0.531401553276106,0.792551103342235,18,1,524100231
0.77726102434909,0.389711355493762,18,1,524100231
0.75763361454991,0.288152625309607,18,1,524100231
0.362559226042507,0.610392811416816,18,1,524100231
0.219404781600136,0.34211817893611,18,1,524100231
0.438839720034111,0.813075237781728,18,1,524100231
0.130396056687383,0.871449523857788,18,1,524100231
0.692581147883208,0.511494655698342,18,1,524100231
0.0269749538514339,0.301166450602533,18,1,524100231
0.463758449633402,0.913010619891745,18,1,524100231
0.491447889935313,0.214516501084549,18,1,524100231
0.33996026533959,0.0802798514525476,18,1,524100231
0.0878205264399787,0.198161021827393,18,1,524100231
0.834169332112605,0.740381100612315,18,1,524100231
0.847303364795525,0.785869748258207,18,1,524100231
0.766227796671285,0.0116441649503884,18,1,524100231
0.0352375756178369,0.64317541520354,18,1,524100231
0.382329623260661,0.896216621492624,18,1,524100231
0.105451110622253,0.58316980822218,18,1,524100231
0.399394611542554,0.596400202962425,18,1,524100231
0.0511320694380766,0.840592971742718,18,1,524100231
0.444610710606901,0.372001470343821,18,1,524100231
0.246308775328215,0.11938981754636,18,1,524100231
0.405518387008474,0.192629642863851,18,1,524100231
0.586563253663079,0.95199534292375,18,1,524100231
0.61143198618817,0.715306280761123,18,1,524100231
0.256054197934273,0.942619456289143,18,1,524100231
0.245503932757618,0.151275900246317,18,1,524100231
0.34830488666099,0.234390142379015,18,1,524100231
0.428182438677671,0.549117069714991,18,1,524100231
0.211288334751331,0.774238492296824,18,1,524100231
0.543659206927979,0.868964811697347,18,1,524100231
0.359740792268459,0.96375517946093,18,1,524100231
0.640423200428816,0.306493602997469,18,1,524100231
0.541094293270333,0.568543494342283,18,1,524100231
0.146486487964565,0.693205243310745,18,1,524100231
0.428095178439943,0.0759074325321292,18,1,524100231
0.648679678400912,0.234964279376432,18,1,524100231
0.203721477835242,0.752179910757926,18,1,524100231
0.934601932978619,0.704497224405091,18,1,524100231
0.413228193380675,0.688040406218176,18,1,524100231
0.0959076559665748,0.424127755924504,18,1,524100231
0.150804194573606,0.0148511831983695,18,1,524100231
0.161013714605653,0.289158197125151,18,1,524100231
0.68051750870917,0.99284814947884,18,1,524100231
0.605024161685068,0.136112548177283,18,1,524100231
0.292182658815647,0.289641315621907,18,1,524100231
0.969374086176072,0.083768441674537,18,1,524100231
0.982004064282389,0.541680747694005,18,1,524100231
0.682088853809207,0.792687811912117,18,1,524100231
0.152364393493511,0.325932628016873,18,1,524100231
0.0836577844691488,0.768238870911219,18,1,524100231
0.262249272636398,0.293780163067051,18,1,524100231
0.399775586252254,0.926993375068752,18,1,524100231
0.543662178052737,0.638826876229979,18,1,524100231
0.176904874853954,0.974179601526163,18,1,524100231
0.361305607219,0.264595773110102,18,1,524100231
0.552135823960468,0.0730592633575649,18,1,524100231
0.920107654505651,0.127006804803292,18,1,524100231
0.15369341724483,0.463616385132666,18,1,524100231
0.393085465550257,0.0792813487295767,18,1,524100231
0.314031650736582,0.685790320865121,18,1,524100231
0.273129117262173,0.543642886429028,18,1,524100231
0.759264015081504,0.405148351571408,18,1,524100231
0.689838078850318,0.499440795108733,18,1,524100231
0.847514730752336,0.947411110696896,18,1,524100231
0.687137368154083,0.177823842057633,18,1,524100231
0.669001156978236,0.23695558920674,18,1,524100231
0.686423035774982,0.0171270798347338,18,1,524100231
0.258208946910469,0.0294077459298585,18,1,524100231
0.144166258453078,0.713581283512237,18,1,524100231
0.792440412125789,0.851250466571767,18,1,524100231
0.729426313635728,0.468874796350879,18,1,524100231
0.401468356745169,0.250160822092411,18,1,524100231
0.597749269217986,0.939747272883673,18,1,524100231
0.435357655230909,0.607552900215508,18,1,524100231
0.877410668602103,0.479084689388308,18,1,524100231
0.932024416247021,0.224314863631847,18,1,524100231
0.670786699549768,0.582662839840813,18,1,524100231
0.563304338579393,0.725891991565757,18,1,524100231
0.859533550683347,0.119471557285945,18,1,524100231
0.135570708959803,0.965600356575822,18,1,524100231
0.813647064862562,0.586185018514025,18,1,524100231
0.957626257783816,0.850743150364186,18,1,524100231
0.815470054638239,0.869963134342393,18,1,524100231
0.507729144341099,0.571378613937213,18,1,524100231
0.970393096648504,0.11296143989894,18,1,524100231
0.942150695893982,0.60164982202601,18,1,524100231
0.279941127493854,0.442060380316459,18,1,524100231
0.807768998543513,0.779513437091194,18,1,524100231
0.39690388794209,0.672894794774736,18,1,524100231
0.505831506704419,0.872226158656541,18,1,524100231
0.569149399468709,0.943600402340358,18,1,524100231
0.241818344307023,0.834941354603878,18,1,524100231
0.406317848902991,0.592844887542112,18,1,524100231
0.256988578939032,0.150912327274137,18,1,524100231
0.261956691229651,0.839432436826735,18,1,524100231
0.166463777210018,0.0451753294232713,18,1,524100231
0.735105231131291,0.558295073343493,18,1,524100231
0.404274831531892,0.166607252911238,18,1,524100231
0.314263735513994,0.552162898496822,18,1,524100231
0.995679916964803,0.689489855260738,18,1,524100231
0.318858746983934,0.254561865420971,18,1,524100231
0.285543111727494,0.000548239508977311,18,1,524100231
0.28985962110614,0.970795362518411,18,1,524100231
0.320734818433972,0.339652151987681,18,1,524100231
0.461804259786545,0.52071358467744,18,1,524100231
0.235080702492873,0.597069230307659,18,1,524100231
0.775612543611678,0.155228742267169,18,1,524100231
0.104858680052893,0.837946307180982,18,1,524100231
0.562690906579079,0.844415716973129,18,1,524100231
0.718870013217888,0.24620923729873,18,1,524100231
0.941639648935526,0.129813377730666,18,1,524100231
0.410707115070613,0.53464908275249,18,1,524100231
0.803513594678377,0.300220560233809,18,1,524100231
0.966999095930517,0.559407266992117,18,1,524100231
0.923615736356222,0.504722227972454,18,1,524100231
0.831891749161411,0.974900038953597,18,1,524100231
0.80184342632725,0.00846694440226936,18,1,524100231
0.53980737768502,0.418644261886719,18,1,524100231
0.990883211958179,0.114565034898375,18,1,524100231
0.0794158399664884,0.989216239156111,18,1,524100231
0.704451903016247,0.239430535255299,18,1,524100231
0.304898484865983,0.00414523537430167,18,1,524100231
0.167549383731707,0.0718324710452727,18,1,524100231
0.00225856648962264,0.398210694741413,18,1,524100231
0.66179239491938,0.348878273698427,18,1,524100231
0.38842841658589,0.928319467465815,18,1,524100231
0.787831370280075,0.722376904648059,18,1,524100231
0.185460163727972,0.950602788630316,18,1,524100231
0.572527893049,0.76578125274232,18,1,524100231
0.549656030112685,0.726638826774662,18,1,524100231
0.706296388910072,0.76315411882726,18,1,524100231
0.230276564751133,0.943841464505828,18,1,524100231
0.706232798825693,0.778921411510435,18,1,524100231
0.865637113855596,0.807521035846645,18,1,524100231
0.227592997238445,0.763787628018953,18,1,524100231
0.157328021076684,0.781355916687771,18,1,524100231
0.466009294289076,0.969097721697839,18,1,524100231
0.650044360561551,0.212528786588028,18,1,524100231
0.593386359499076,0.783916436578863,18,1,524100231
0.505319627775782,0.942239339223212,18,1,524100231
0.76071842202522,0.490091533076872,18,1,524100231
0.272305269272277,0.833248088705314,18,1,524100231
0.443701628029583,0.18599870336346,18,1,524100231
0.802228201988084,0.0442147289610337,18,1,524100231
0.211105587319577,0.980051216524887,18,1,524100231
0.335714220588582,0.646331609258759,18,1,524100231
0.494808286648807,0.309602719473085,18,1,524100231
0.160840682083881,0.716500069594259,18,1,524100231
0.533652260856388,0.46318343407653,18,1,524100231
0.864248643040436,0.999581125256289,18,1,524100231
0.263846308308672,0.178167824548189,18,1,524100231
0.302721816043099,0.245465987884049,18,1,524100231
0.128566613459146,0.964016496847935,18,1,524100231
0.652638007915866,0.82106949403862,18,1,524100231
0.171700201250355,0.991447200043133,18,1,524100231
0.893147883078041,0.750705354530049,18,1,524100231
0.760391779644586,0.977591600991133,18,1,524100231
0.874798362498156,0.796024140393893,18,1,524100231
0.979423345606045,0.161175047033498,18,1,524100231
0.173760675925503,0.826684260129845,18,1,524100231
0.918059746852945,0.743738570204095,18,1,524100231
0.691324755272781,0.200445977185437,18,1,524100231
0.172925245059338,0.665161494646134,18,1,524100231
0.153784843089562,0.625285477936052,18,1,524100231
0.0339710233699873,0.229880110091167,18,1,524100231
0.838533488892234,0.274607522238294,18,1,524100231
0.724369831670577,0.060481296481008,18,1,524100231
0.166683303347533,0.65741621184714,18,1,524100231
0.948298662429988,0.282360348706347,18,1,524100231
0.916397681569571,0.605332128600173,18,1,524100231
0.063419539943891,0.246268469576799,18,1,524100231
0.00491900733174866,0.812860463213734,18,1,524100231
0.2497509561724,0.29035902419988,18,1,524100231
0.250346406792629,0.0837431474198036,18,1,524100231
0.996266287879685,0.208807744483449,18,1,524100231
0.840252217107629,0.28309017112965,18,1,524100231
0.887572740797669,0.290333698496017,18,1,524100231
0.377078656869597,0.090131876311081,18,1,524100231
0.904157272664089,0.868208872760206,18,1,524100231
0.0828806123256713,0.896121729341339,18,1,524100231
0.172066856654495,0.875522557723583,18,1,524100231
0.878015745959642,0.368651688304275,18,1,524100231
0.222955746852341,0.153483035764325,18,1,524100231
0.180406683772585,0.712447586684553,18,1,524100231
0.246990956423824,0.826925784448519,18,1,524100231
0.234773319728868,0.537107831240769,18,1,524100231
0.365790956238336,0.250057879143865,18,1,524100231
0.646366196562314,0.906570153541029,18,1,524100231
0.430546570199641,0.0612429316254905,18,1,524100231
0.0420167550832673,0.432382556924233,18,1,524100231
0.0815859890895418,0.796089802034532,18,1,524100231
0.421513144844128,0.773138384358134,18,1,524100231
0.84759670804165,0.99691842847612,18,1,524100231
0.625460308754716,0.193495694734643,18,1,524100231
0.662089089049659,0.307999425986527,18,1,524100231
0.0559116778765647,0.355033744373022,18,1,524100231
0.0200824392880232,0.395182969451819,18,1,524100231
0.0943866286052912,0.546071413816236,18,1,524100231
0.507302057465198,0.21423911806538,18,1,524100231
0.0295892309372348,0.765760248060579,18,1,524100231
0.229180104633585,0.105389590928154,18,1,524100231
0.268103702751546,0.433945513227429,18,1,524100231
0.761847948633143,0.478001658198511,18,1,524100231
0.12119577745416,0.416854310923569,18,1,524100231
0.419898836750979,0.931692385867366,18,1,524100231
0.626851804159279,0.310104600962606,18,1,524100231
0.0462791025654159,0.971938168225975,18,1,524100231
0.365902877408008,0.52581718647096,18,1,524100231
0.0358814790841846,0.15932169700327,18,1,524100231
0.439485112528949,0.379816909373957,18,1,524100231
0.0281986882033298,0.675922768378324,18,1,524100231
0.300125550521172,0.135892273913737,18,1,524100231
0.492686164813408,0.981401814108155,18,1,524100231
0.0428969075198764,0.664584936240824,18,1,524100231
0.583390224244632,0.439181229723725,18,1,524100231
0.391298644563776,0.400216071296453,18,1,524100231
0.695565578601127,0.740011101288371,18,1,524100231
0.573424137740515,0.189474068873303,18,1,524100231
0.934528133226847,0.947675969229942,18,1,524100231
0.42881123061975,0.199717652118009,18,1,524100231
0.696193751815207,0.770491607659188,18,1,524100231
0.99072087596355,0.252532878094798,18,1,524100231
0.963426229377604,0.7707871044145,18,1,524100231
0.029584649437995,0.577439257776364,18,1,524100231
0.255962111221839,0.0154703852763947,18,1,524100231
0.489340251345705,0.632673013050799,18,1,524100231
0.620181894997597,0.274622162595248,18,1,524100231
0.122590642843823,0.536262745880269,18,1,524100231
0.930821057331355,0.727166803482622,18,1,524100231
0.380730732882251,0.467935683092827,18,1,524100231
0.0392448741766902,0.736461760311744,18,1,524100231
0.860690193680841,0.0325802477699475,18,1,524100231
0.563956814331925,0.630090337681757,18,1,524100231
0.0784757492071719,0.898538579684857,18,1,524100231
0.749068239740382,0.054630863683589,18,1,524100231
0.297597504677285,0.269940875675165,18,1,524100231
0.616072094653372,0.5473157039568,18,1,524100231
0.70181872333369,0.795462445992338,18,1,524100231
0.562196141305565,0.271129527518816,18,1,524100231
0.493070487629581,0.583992966020412,18,1,524100231
0.946455753257856,0.342038762523653,18,1,524100231
0.0392321322357088,0.422456579140665,18,1,524100231
0.171848268196117,0.577875697918665,18,1,524100231
0.712245937182181,0.85740755006921,18,1,524100231
0.0551148147613179,0.378994714169841,18,1,524100231
0.0937191115871947,0.271164186100581,18,1,524100231
0.805383154542164,0.0995359776412998,18,1,524100231
0.294168079021053,0.0511534515433631,18,1,524100231
0.512456481688844,0.235588595426055,18,1,524100231
0.456040715381204,0.36404182784152,18,1,524100231
0.799936598829202,0.943123393524114,18,1,524100231
0.0140549916795571,0.55041237153866,18,1,524100231
0.535239235790397,0.0692405196645982,18,1,524100231
0.269842073182698,0.724911037001737,18,1,524100231
0.73993830821192,0.119575928710863,18,1,524100231
0.83572952171522,0.901809275605231,18,1,524100231
0.282089098273524,0.536039670023883,18,1,524100231
0.910714243825213,0.23546923457176,18,1,524100231
0.0164469742487734,0.331115210071988,18,1,524100231
0.149634344576195,0.465319012549114,18,1,524100231
0.819158929003254,0.331870498356908,18,1,524100231
0.149020246436855,0.966973001814251,18,1,524100231
