0.250409830868387,0.577963265449764,18,1,524100231
0.804879902483242,0.424450212555733,18,1,524100231
0.427543685409759,0.508724977891417,18,1,524100231
0.95537647282326,0.442442420419742,18,1,524100231
0.728827558838135,0.358024132073486,18,1,524100231
0.0265388675893057,0.0963501933208939,18,1,524100231
0.171282093245,0.827350547344881,18,1,524100231
0.392768857274504,0.677448852314062,18,1,524100231
0.574525338899216,0.809377240902188,18,1,524100231
0.141721378103285,0.283153506567362,18,1,524100231
0.0340108109355439,0.47460084613621,18,1,524100231
0.776719001072089,0.925225836463328,18,1,524100231
0.996303249412575,0.24695296196064,18,1,524100231
0.694120949647118,0.431842102852237,18,1,524100231
0.17256775287632,0.45186968999105,18,1,524100231
0.0461156020063787,0.143159539233734,18,1,524100231
0.711506751515226,0.968667030024981,18,1,524100231
0.657208256264555,0.989656771182485,18,1,524100231
0.535820068529468,0.156511310204438,18,1,524100231
0.181543858237784,0.567040602180991,18,1,524100231
0.944553385253917,0.0672600339138871,18,1,524100231
0.702781367790488,0.0623447994312389,18,1,524100231
0.416167269270942,0.0421921515877299,18,1,524100231
0.17320820597608,0.57601242706518,18,1,524100231
0.0474105758222798,0.770610801188611,18,1,524100231
0.625882874784778,0.793205279159431,18,1,524100231
0.714979119690634,0.0870675100580516,18,1,524100231
0.290106181426389,0.921610767532397,18,1,524100231
0.832252480686111,0.555534552575795,18,1,524100231
0.481572910021084,0.464266775147773,18,1,524100231
0.7423507335491,0.780562498586498,18,1,524100231
0.181740912813004,0.627272881704084,18,1,524100231
0.917982767009978,0.240529970359044,18,1,524100231
0.481057272582023,0.118741357473001,18,1,524100231
0.235454981563225,0.945966012023644,18,1,524100231
0.892238836062468,0.0721610440800209,18,1,524100231
0.763947042034185,0.449047345321442,18,1,524100231
0.440616684975446,0.231724758819503,18,1,524100231
0.161031439386413,0.348452121056419,18,1,524100231
0.857496022166085,0.838876737745549,18,1,524100231
0.788300146187944,0.53525819363984,18,1,524100231
0.3826519216938,0.294505966956309,18,1,524100231
0.267913692863102,0.804934494926391,18,1,524100231
0.570733870928754,0.0124900442883265,18,1,524100231
0.749623001860917,0.486916300275064,18,1,524100231
0.169757000481893,0.0095665800027529,18,1,524100231
0.177996480579612,0.831242824022289,18,1,524100231
0.603090804512984,0.305610169247917,18,1,524100231
0.334876664472003,0.590615380285517,18,1,524100231
0.733479336883834,0.650077602902897,18,1,524100231
0.912645862059707,0.626616881243316,18,1,524100231
0.61186212004436,0.301410495195212,18,1,524100231
0.279451300672387,0.914662928458842,18,1,524100231
0.842744812889594,0.0960754573016986,18,1,524100231
0.711052819958589,0.396085415352059,18,1,524100231
0.380972089826734,0.0162443353943966,18,1,524100231
0.770914864385753,0.251918466495225,18,1,524100231
0.446420624872112,0.32012602414088,18,1,524100231
0.781005946531677,0.88047526964704,18,1,524100231
0.528008986514588,0.163755810023786,18,1,524100231
0.979772021810513,0.142853852550266,18,1,524100231
0.0168225830021456,0.469725288634262,18,1,524100231
0.814117920844275,0.119213254038923,18,1,524100231
0.0822787277688433,0.796132547471005,18,1,524100231
0.317799025621439,0.296355061230694,18,1,524100231
0.0939232859199242,0.37107948352206,18,1,524100231
0.989803001177275,0.835423869114416,18,1,524100231
0.916463332169531,0.175174972115327,18,1,524100231
0.454731809607208,0.986370687714999,18,1,524100231
0.162761232065435,0.850752416212477,18,1,524100231
0.118232542442134,0.0187624993963944,18,1,524100231
0.317677117597371,0.886063722324227,18,1,524100231
0.616748251009063,0.53855702894271,18,1,524100231
0.54847068914278,0.80455285898008,18,1,524100231
0.73534292154952,0.158714002882295,18,1,524100231
0.154783636263232,0.0352537157225967,18,1,524100231
0.134707933040438,0.638870130150408,18,1,524100231
0.240716599185844,0.810936404392731,18,1,524100231
0.188317906958639,0.889944553321908,18,1,524100231
0.918799084564281,0.593488764606405,18,1,524100231
0.210844108667628,0.907557350565636,18,1,524100231
0.646338667746588,0.653976286407894,18,1,524100231
0.128575874805595,0.963086192802153,18,1,524100231
0.6870904804084,0.462054222038411,18,1,524100231
0.38872373573236,0.923056408259264,18,1,524100231
0.396746434238263,0.299448578059922,18,1,524100231
0.0121982045706321,0.738600289033548,18,1,524100231
0.340198177011826,0.0836076816675289,18,1,524100231
0.477908542450834,0.921044256069141,18,1,524100231
0.204503280700466,0.696048784514663,18,1,524100231
0.490499428312263,0.603558261270104,18,1,524100231
0.272702474076191,0.503922540193931,18,1,524100231
0.848339730167259,0.193346757196057,18,1,524100231
0.405158699723054,0.504231556648167,18,1,524100231
0.231094723145261,0.536056377314647,18,1,524100231
0.0177384948559225,0.808956760944916,18,1,524100231
0.0050878188816732,0.362802999529145,18,1,524100231
0.169941761493016,0.125627790565858,18,1,524100231
0.869337164252992,0.888990114637931,18,1,524100231
0.508596746947845,0.358282341453685,18,1,524100231
0.815680551501345,0.223646274598368,18,1,524100231
0.0175270624312729,0.997442935610816,18,1,524100231
0.698223181428181,0.92519113028073,18,1,524100231
0.469843002917328,0.624644539398099,18,1,524100231
0.716650301914495,0.696166969282014,18,1,524100231
0.33264625621017,0.315023570560278,18,1,524100231
0.228955243131037,0.890678317961624,18,1,524100231
0.619201917275954,0.848326698589231,18,1,524100231
0.21861674719426,0.712339014698194,18,1,524100231
0.246058520611818,0.453191721517587,18,1,524100231
0.448683384480315,0.855707790839064,18,1,524100231
0.540229245652974,0.453756525384047,18,1,524100231
0.508313967386809,0.580198651345318,18,1,524100231
0.776368369087391,0.445705222610536,18,1,524100231
0.238060706136809,0.100010444571285,18,1,524100231
0.702318129393456,0.309219614735551,18,1,524100231
0.95944922779902,0.326743959336925,18,1,524100231
0.627700618814339,0.794039726541096,18,1,524100231
0.821740358729323,0.494387991781956,18,1,524100231
0.67903199553629,0.284556321092858,18,1,524100231
0.842428367306068,0.962787653406952,18,1,524100231
0.544958715989944,0.624797592446922,18,1,524100231
0.726578814443747,0.433666207700258,18,1,524100231
0.775930083234422,0.451136672882238,18,1,524100231
0.197016716860589,0.108342879578369,18,1,524100231
0.315926151494109,0.559112436289792,18,1,524100231
0.513820306524428,0.598067580043076,18,1,524100231
0.292511549471292,0.110299331491738,18,1,524100231
0.335193941899248,0.641421773572021,18,1,524100231
0.849320026784103,0.321960992510546,18,1,524100231
0.780648980300449,0.692575021186226,18,1,524100231
0.0355272060451046,0.409248994307373,18,1,524100231
0.874238242762813,0.347681716955508,18,1,524100231
0.151170930609491,0.251392995795821,18,1,524100231
0.70385533442796,0.94884697385955,18,1,524100231
0.562703692155814,0.511927755334094,18,1,524100231
0.573609801278441,0.774052738717333,18,1,524100231
0.538955088887642,0.654694006991107,18,1,524100231
0.70336791934526,0.213030365991359,18,1,524100231
0.702067291955788,0.802790058395265,18,1,524100231
0.231247601517437,0.2412588841574,18,1,524100231
0.26469933934699,0.362547508063171,18,1,524100231
0.900700041893296,0.140944280276554,18,1,524100231
0.301262971338956,0.907930235583954,18,1,524100231
0.319262512237499,0.311530620273986,18,1,524100231
0.587185698596733,0.791074148815389,18,1,524100231
0.981084529098002,0.851833388948733,18,1,524100231
0.579669791356995,0.827651314943576,18,1,524100231
0.963116006491295,0.961078233691805,18,1,524100231
0.682030432728571,0.0490839831943899,18,1,524100231
0.173076858778765,0.0384135421635199,18,1,524100231
0.672982375050589,0.894502840008786,18,1,524100231
0.131345268869524,0.0505622739943705,18,1,524100231
0.907102568061378,0.827315822011345,18,1,524100231
0.494445151563228,0.731902918396226,18,1,524100231
0.580082559294794,0.485133290211569,18,1,524100231
0.214566277564466,0.753196601267399,18,1,524100231
0.934468483169684,0.179210377167823,18,1,524100231
0.360627874943279,0.542437140552918,18,1,524100231
0.0730355254354387,0.0303068693413191,18,1,524100231
0.0278467393016606,0.221675602097553,18,1,524100231
0.519969966923339,0.149103478838263,18,1,524100231
0.938953337999377,0.865647241383574,18,1,524100231
0.115253440708611,0.901136615594329,18,1,524100231
0.0277406627925663,0.774566116448804,18,1,524100231
0.157761044732119,0.103238297060076,18,1,524100231
0.162637846349906,0.853931735963116,18,1,524100231
0.945812950264995,0.994226944276677,18,1,524100231
0.301033183025291,0.343427527693825,18,1,524100231
0.640393487590577,0.962588358896695,18,1,524100231
0.712639293771363,0.864690351170859,18,1,524100231
0.499614129911776,0.221477228649006,18,1,524100231
0.0969353702426901,0.184852649407424,18,1,524100231
0.776044627924559,0.900886943294527,18,1,524100231
0.738796738114616,0.737309171419558,18,1,524100231
0.960082525981216,0.375474923306541,18,1,524100231
0.133882237236497,0.960262967903696,18,1,524100231
0.531731017595848,0.683076287694233,18,1,524100231
0.120686524527359,0.570393291428304,18,1,524100231
0.444444629230506,0.610023339491196,18,1,524100231
0.0522468668088583,0.928279463576793,18,1,524100231
0.0954602295319851,0.563090418250453,18,1,524100231
0.338426981082504,0.71085022644851,18,1,524100231
0.677252591194395,0.028109494220274,18,1,524100231
0.196838818034767,0.774882927274965,18,1,524100231
0.0689128168678002,0.714915537875862,18,1,524100231
0.575373300606491,0.57836342102146,18,1,524100231
0.154584494382056,0.159799399547218,18,1,524100231
0.565656977567949,0.517679484549284,18,1,524100231
0.926589465102617,0.268577970969032,18,1,524100231
0.406374583958711,0.124707883825443,18,1,524100231
0.625298436974994,0.0646414832822597,18,1,524100231
0.558564303356974,0.754306620133638,18,1,524100231
0.910621018997193,0.368097005107173,18,1,524100231
0.891696037347331,0.636380990814027,18,1,524100231
0.610679353654513,0.355199428437329,18,1,524100231
0.555648063066931,0.961432064871722,18,1,524100231
0.527719550537666,0.226262306223891,18,1,524100231
0.307012734626709,0.961048686364096,18,1,524100231
0.442625710213462,0.650320533389997,18,1,524100231
0.342259338089288,0.443604750294635,18,1,524100231
0.615811464918604,0.956653181270338,18,1,524100231
0.318119810673892,0.193122705604705,18,1,524100231
0.4440266896228,0.090176790795619,18,1,524100231
0.582025360424459,0.339163153084274,18,1,524100231
0.905156154070498,0.400541568166607,18,1,524100231
0.63825920078661,0.690426436423045,18,1,524100231
0.241556187706929,0.359041483859318,18,1,524100231
0.802847825654557,0.391623379790518,18,1,524100231
0.470910240881456,0.923145180960073,18,1,524100231
0.563194622347234,0.426467580299168,18,1,524100231
0.689654095360916,0.978521483442798,18,1,524100231
0.943140858992623,0.637050274236072,18,1,524100231
0.890616322071083,0.320367798419048,18,1,524100231
0.901770620841333,0.182542510046168,18,1,524100231
0.753250882411479,0.605790570753948,18,1,524100231
0.166747181507703,0.817008758406177,18,1,524100231
0.525191768140725,0.859056581692497,18,1,524100231
0.192070047108732,0.71294567726706,18,1,524100231
0.439419535951378,0.516619986849158,18,1,524100231
0.499252174681587,0.506074745964036,18,1,524100231
0.318172528740428,0.70516642439773,18,1,524100231
0.706787589394476,0.817387059179741,18,1,524100231
0.510326966210997,0.336573941870857,18,1,524100231
0.776837544064622,0.152355965180215,18,1,524100231
0.854464124691419,0.65756109765262,18,1,524100231
0.64420925359939,0.127879482010883,18,1,524100231
0.621099988947978,0.0150813136500725,18,1,524100231
0.926851719554526,0.0689310966316921,18,1,524100231
0.462340593889977,0.510181069916794,18,1,524100231
0.73407481564664,0.913327384173354,18,1,524100231
0.932059780291438,0.774594243662209,18,1,524100231
0.779813095060975,0.513510521726012,18,1,524100231
0.711856105611452,0.099035153515552,18,1,524100231
0.255725494191974,0.996454156196675,18,1,524100231
0.126520189441808,0.451404127183259,18,1,524100231
0.594883660370987,0.220451044133655,18,1,524100231
0.900943314068533,0.224292681598632,18,1,524100231
0.0435329228074526,0.919293140906475,18,1,524100231
0.457519501404334,0.153961288935459,18,1,524100231
0.062525622693232,0.0938218208481034,18,1,524100231
0.0942301448443992,0.589757571523053,18,1,524100231
0.684850425274476,0.418880941495182,18,1,524100231
0.943538010894312,0.190791964368949,18,1,524100231
0.367403331418206,0.887924528823971,18,1,524100231
0.182216330614934,0.120339563634411,18,1,524100231
0.198523041210105,0.836259603486888,18,1,524100231
0.141238618474244,0.884287002559606,18,1,524100231
0.187973555582722,0.311962859496714,18,1,524100231
0.128808460237235,0.899257879395408,18,1,524100231
0.247627307407208,0.763008794085972,18,1,524100231
0.30790380650234,0.186007369725762,18,1,524100231
0.904934193729045,0.791946888944631,18,1,524100231
0.292954435842826,0.871259028871964,18,1,524100231
0.278010069599951,0.416633155306187,18,1,524100231
0.248632460599656,0.329874695985368,18,1,524100231
0.338539330298894,0.590881671086541,18,1,524100231
0.172104930994033,0.637388207191804,18,1,524100231
0.192386018574082,0.631409264280276,18,1,524100231
0.219326907924184,0.373485748913052,18,1,524100231
0.794522843042293,0.582993561613323,18,1,524100231
0.383794537297889,0.366285833105745,18,1,524100231
0.640742685973195,0.373247627594618,18,1,524100231
0.122262394605744,0.469158494296136,18,1,524100231
0.115557380743402,0.122826711462633,18,1,524100231
0.126434764679086,0.277364727967572,18,1,524100231
0.956692436343403,0.0526955128761544,18,1,524100231
0.776783017666415,0.189106149953588,18,1,524100231
0.442796046493243,0.837707517408576,18,1,524100231
0.574720198562789,0.166819703371317,18,1,524100231
0.503716504424129,0.257296732259972,18,1,524100231
0.789291779161436,0.347265088975312,18,1,524100231
0.420267552836061,0.561776014283246,18,1,524100231
0.755483229171331,0.251567048399488,18,1,524100231
0.242344237434444,0.944621612178078,18,1,524100231
0.395380423224868,0.0578157031339472,18,1,524100231
0.553605825380676,0.55245559500195,18,1,524100231
0.0131390999464778,0.175688902250498,18,1,524100231
0.213383943123436,0.965359648976195,18,1,524100231
0.0453462335960397,0.826442672692476,18,1,524100231
0.40475229226521,0.707385802354591,18,1,524100231
0.66922068518146,0.919029066945216,18,1,524100231
0.309415995299418,0.698821111705352,18,1,524100231
0.328633471586091,0.906405662643091,18,1,524100231
0.979062889908756,0.915520796827406,18,1,524100231
0.0884797372603265,0.0574182592978585,18,1,524100231
0.841134726610874,0.111137783134175,18,1,524100231
0.828128614182727,0.464606616841665,18,1,524100231
0.804267668399402,0.999903847016261,18,1,524100231
0.368516914354062,0.677558240286233,18,1,524100231
0.964232041545112,0.100163320332485,18,1,524100231
0.421382477124889,0.935609438771319,18,1,524100231
0.210079636481976,0.189153066796839,18,1,524100231
0.370279766237385,0.712708913951653,18,1,524100231
0.409870572048411,0.86238032961572,18,1,524100231
0.526211387878205,0.728401014768295,18,1,524100231
0.848037121540092,0.358128311583045,18,1,524100231
0.947624847514352,0.992748423260684,18,1,524100231
0.102884566161731,0.780009213591296,18,1,524100231
0.0998821337505635,0.158783950741264,18,1,524100231
0.255276507210579,0.0906916293456836,18,1,524100231
0.141535398312218,0.672932110101438,18,1,524100231
0.719122186182519,0.819792828885051,18,1,524100231
0.463467718193495,0.464334334150652,18,1,524100231
0.000604840698410047,0.571399467890044,18,1,524100231
0.65348536771041,0.694636087847231,18,1,524100231
0.528880742704303,0.983939011386703,18,1,524100231
0.726402843362901,0.316050453635023,18,1,524100231
0.83465834212133,0.281541534309097,18,1,524100231
0.562958501544787,0.333082782226007,18,1,524100231
0.893863940845355,0.00010754636148036,18,1,524100231
0.376040446218297,0.577533278679771,18,1,524100231
0.244540389087788,0.374922425482414,18,1,524100231
0.857554236093332,0.8590178765604,18,1,524100231
0.617130552557714,0.336872912913699,18,1,524100231
0.900845840553131,0.574247174748036,18,1,524100231
0.824885323994361,0.779220065361094,18,1,524100231
0.0150454362394898,0.23236218638995,18,1,524100231
0.907375859004807,0.152106160991897,18,1,524100231
0.923414685837643,0.281237273971015,18,1,524100231
0.766002289772896,0.0593623950594484,18,1,524100231
0.540141267465728,0.861891268855397,18,1,524100231
0.618069627173978,0.877935021789557,18,1,524100231
0.46736656358007,0.540146503633648,18,1,524100231
0.842318183085426,0.509997728723635,18,1,524100231
0.605398516998071,0.242900197173053,18,1,524100231
0.445410394330061,0.390656025503337,18,1,524100231
0.967408317226814,0.766599946947972,18,1,524100231
0.0195177689807275,0.887475702438877,18,1,524100231
0.446375240047166,0.139277059446884,18,1,524100231
0.947516332878844,0.884449421316094,18,1,524100231
0.771253775056649,0.249333888318148,18,1,524100231
0.135367737080379,0.124749569566334,18,1,524100231
0.403629156337908,0.36763475343422,18,1,524100231
0.529411101114499,0.589372905865133,18,1,524100231
0.24987546373613,0.861036355977761,18,1,524100231
0.185151590612914,0.318466704135565,18,1,524100231
0.83006796647529,0.498798385802387,18,1,524100231
0.24710588683218,0.210085885433127,18,1,524100231
0.285262790353515,0.501553040185141,18,1,524100231
0.217395840876744,0.843731389223267,18,1,524100231
0.724901738057744,0.475867738098892,18,1,524100231
0.906208686015477,0.657650165947012,18,1,524100231
0.0542031007763357,0.65781509446353,18,1,524100231
0.127416494945967,0.332154929500614,18,1,524100231
0.294761146315467,0.286350773717901,18,1,524100231
0.226597474414127,0.765399408005784,18,1,524100231
0.0203762499107878,0.773031195956002,18,1,524100231
0.34610467151845,0.762051214277447,18,1,524100231
0.244570827678361,0.966450762878569,18,1,524100231
0.0766215724311357,0.167210327020261,18,1,524100231
0.149878489634797,0.377836328391959,18,1,524100231
0.153865786538102,0.374160142585469,18,1,524100231
0.793720793987269,0.0270086367924307,18,1,524100231
0.278668954844401,0.0844627770714921,18,1,524100231
0.787445495441911,0.683086074328251,18,1,524100231
0.607584757928694,0.96180674951184,18,1,524100231
0.403882940369487,0.690823994082215,18,1,524100231
0.803929775506848,0.0702548040520541,18,1,524100231
0.197803395257073,0.688233767612034,18,1,524100231
0.733136288997045,0.959660401730974,18,1,524100231
0.250317679050512,0.299309670674006,18,1,524100231
0.388977159433715,0.712166319253999,18,1,524100231
0.766817870726985,0.818504877305424,18,1,524100231
0.0637891928433409,0.197875935466028,18,1,524100231
0.267215009788671,0.960117821443986,18,1,524100231
0.382623398536696,0.107830978081689,18,1,524100231
0.97774419297872,0.0286734409000486,18,1,524100231
0.383221621656624,0.350391964648444,18,1,524100231
0.70003681543665,0.535239925495646,18,1,524100231
0.100383234561144,0.197995180250976,18,1,524100231
0.863171104085765,0.0228853853081965,18,1,524100231
0.159031114374467,0.848540395879579,18,1,524100231
0.27223678073159,0.105927155957476,18,1,524100231
0.537382441393937,0.206325165820296,18,1,524100231
0.730806257401933,0.207555068858903,18,1,524100231
0.12260795597333,0.395905938292229,18,1,524100231
0.378938528788427,0.879790629492255,18,1,524100231
0.708112469570947,0.00722319487155798,18,1,524100231
0.931544707863316,0.251212053195138,18,1,524100231
0.498189235344574,0.454892653523344,18,1,524100231
0.934766996554718,0.711745080598413,18,1,524100231
0.837628214694596,0.10535880905506,18,1,524100231
0.645961010748526,0.246333573714276,18,1,524100231
0.514462766435503,0.574588085625571,18,1,524100231
0.462721163582353,0.663887074538286,18,1,524100231
0.810601125761072,0.253199436720293,18,1,524100231
0.712076633831493,0.999705756334105,18,1,524100231
0.45661404329654,0.0138622800035506,18,1,524100231
0.883332931648284,0.632776183099543,18,1,524100231
0.241072306195466,0.0282440884068758,18,1,524100231
0.151020766056691,0.200720061177418,18,1,524100231
0.99216804556327,0.911211763544005,18,1,524100231
0.302951028797021,0.251300954976238,18,1,524100231
0.561753760209693,0.372924228372775,18,1,524100231
0.91609178493119,0.0343891316738201,18,1,524100231
0.0217151872832559,0.784996586299822,18,1,524100231
0.706213454948303,0.0888585457858015,18,1,524100231
0.933347919034139,0.28652098565899,18,1,524100231
0.498356024921093,0.252224699278304,18,1,524100231
0.127430643823984,0.50868025532364,18,1,524100231
0.701652090433736,0.419548053229035,18,1,524100231
0.832124487100881,0.89104842183817,18,1,524100231
0.309331998057286,0.764930669204959,18,1,524100231
0.012255096888504,0.753692587011377,18,1,524100231
0.320235906517353,0.690964692049365,18,1,524100231
0.50017552148434,0.0546662086192031,18,1,524100231
0.118457483625942,0.489651122573414,18,1,524100231
0.620383652393516,0.823674555104629,18,1,524100231
0.479432194399744,0.990957338737011,18,1,524100231
0.850421589803309,0.321066560253471,18,1,524100231
0.879350358334892,0.0256752629303403,18,1,524100231
0.957531223636185,0.436047882971765,18,1,524100231
0.306681425424301,0.0762080123402034,18,1,524100231
0.318082568885389,0.15085180767103,18,1,524100231
0.00195728367749659,0.636602555409914,18,1,524100231
0.0706103944829932,0.685969419727188,18,1,524100231
0.841884285054042,0.677110973805091,18,1,524100231
0.0614380561275185,0.05878208351157,18,1,524100231
0.986759982101251,0.22857738167306,18,1,524100231
0.449411739073577,0.769019953454391,18,1,524100231
0.229753943777574,0.213944529552673,18,1,524100231
0.341437691701645,0.421113292861882,18,1,524100231
0.561933097233392,0.355326922871634,18,1,524100231
0.821078105648382,0.351929788229155,18,1,524100231
0.111014983434824,0.319327094017229,18,1,524100231
0.761147721627834,0.153530004974717,18,1,524100231
0.891574016966172,0.115682120502282,18,1,524100231
0.351913935519909,0.618377020250144,18,1,524100231
0.442907943630586,0.603364782163333,18,1,524100231
0.690272284110493,0.896166849542992,18,1,524100231
0.438118540290045,0.220651900598231,18,1,524100231
0.870231212587319,0.222123678671584,18,1,524100231
0.22190233225947,0.703988757761455,18,1,524100231
0.88498985834002,0.694730862437853,18,1,524100231
0.453417435598385,0.560426188585335,18,1,524100231
0.0804423040678124,0.177675942049824,18,1,524100231
0.0804065876112929,0.901470384979356,18,1,524100231
0.577734695553459,0.0866498043584283,18,1,524100231
0.382421853204719,0.780751033121442,18,1,524100231
0.968027981727337,0.636410917351264,18,1,524100231
0.632604051195579,0.467648611640675,18,1,524100231
0.857412145036784,0.321048806582652,18,1,524100231
0.525104410424152,0.20500831133132,18,1,524100231
0.818973101550533,0.377405295002616,18,1,524100231
0.199481453146949,0.511509333240515,18,1,524100231
0.299357056759737,0.885902167894405,18,1,524100231
0.0107741408830808,0.0121932575581898,18,1,524100231
0.857940986834605,0.530040383347029,18,1,524100231
0.436397352051261,0.277991420662816,18,1,524100231
0.203098371423305,0.282625894680666,18,1,524100231
0.614066288995905,0.749347329424694,18,1,524100231
0.372019045538292,0.488479567515288,18,1,524100231
0.95087631654467,0.940863061902201,18,1,524100231
0.0533770438759422,0.871097979695191,18,1,524100231
0.953716790978214,0.546928410726164,18,1,524100231
0.133243751894692,0.689090407984134,18,1,524100231
0.831660015929034,0.974674642715047,18,1,524100231
0.171650147325046,0.136760106653554,18,1,524100231
0.0589491218228346,0.206163504708955,18,1,524100231
0.784645567251425,0.565131386363924,18,1,524100231
0.550082590268546,0.983227195275592,18,1,524100231
0.733958433738501,0.297272193275615,18,1,524100231
0.718213690872949,0.958639461584484,18,1,524100231
0.660989220850217,0.648628512060891,18,1,524100231
0.102015163749814,0.596573997772119,18,1,524100231
0.35611970893494,0.345747973750684,18,1,524100231
0.67140834272437,0.0375703679206041,18,1,524100231
0.617640453739408,0.640745680644081,18,1,524100231
0.254486869288365,0.0292587105496036,18,1,524100231
0.958131385765237,0.788376124228733,18,1,524100231
0.757692966836459,0.238936808802401,18,1,524100231
0.919794431588886,0.483282096353802,18,1,524100231
0.809720751587872,0.331678023151716,18,1,524100231
0.342803121040234,0.549549760125216,18,1,524100231
0.787510018044896,0.743513129984908,18,1,524100231
0.223752082453445,0.240849019159957,18,1,524100231
0.765403756680145,0.582405640537295,18,1,524100231
0.723432168741942,0.606594919430126,18,1,524100231
0.783276807516752,0.209294756351246,18,1,524100231
0.562594670695929,0.767188875608619,18,1,524100231
0.102069566535713,0.622688073320123,18,1,524100231
0.712389919814438,0.495404341115503,18,1,524100231
0.642646387147748,0.709733942137491,18,1,524100231
0.145808438241557,0.280496125407842,18,1,524100231
0.554473674527492,0.934704250198978,18,1,524100231
0.064891256114719,0.741056404649769,18,1,524100231
0.142426544100008,0.215023741025273,18,1,524100231
0.0922034315052223,0.210442852387193,18,1,524100231
0.461350330071302,0.312792879818028,18,1,524100231
0.215213022196252,0.334593719367706,18,1,524100231
0.00593187852390464,0.543516158067604,18,1,524100231
0.171323566236814,0.988599635974013,18,1,524100231
0.626289863474336,0.486714338320033,18,1,524100231
0.315997457714152,0.0530098129492005,18,1,524100231
0.36448641222039,0.580020369521521,18,1,524100231
0.724077094193437,0.967947327320791,18,1,524100231
0.557823875148269,0.420852386502403,18,1,524100231
0.0511536919140971,0.425391731787226,18,1,524100231
0.378595242561346,0.280552360304353,18,1,524100231
0.114129535797725,0.225068289269247,18,1,524100231
0.24121747059594,0.854858277744363,18,1,524100231
0.0537641480059721,0.166860965285459,18,1,524100231
0.865245878091847,0.13889672385268,18,1,524100231
0.226669825280448,0.566254980397776,18,1,524100231
0.807057475785244,0.657013431417927,18,1,524100231
0.4920235015032,0.0443953873154701,18,1,524100231
0.830647575493051,0.155304742393983,18,1,524100231
0.0387030219981739,0.545991544048647,18,1,524100231
0.191877041251813,0.289726682448646,18,1,524100231
0.0798309085103179,0.402847707650329,18,1,524100231
0.257806418366465,0.12835918984895,18,1,524100231
0.3550641794417,0.973556923223421,18,1,524100231
0.0147609190070153,0.299618295241499,18,1,524100231
0.555535563760145,0.163011976603904,18,1,524100231
0.615411517557823,0.96049847264196,18,1,524100231
0.888431334079952,0.982983941032264,18,1,524100231
0.798779465298228,0.680869844821242,18,1,524100231
0.239833305451376,0.851362407418262,18,1,524100231
0.567824101869975,0.912288579543189,18,1,524100231
0.864569434745182,0.504207034575963,18,1,524100231
0.589308059287926,0.174528173338978,18,1,524100231
0.4735107584386,0.584109265997996,18,1,524100231
0.956658835472076,0.481721773264763,18,1,524100231
0.0448691566015911,0.116099360119205,18,1,524100231
0.911994597936933,0.968915502303931,18,1,524100231
0.0930715310787362,0.380602693960354,18,1,524100231
0.212914314421108,0.0414510791096174,18,1,524100231
0.722983646144928,0.520283631450022,18,1,524100231
0.868808929075925,0.00364003763812359,18,1,524100231
0.26746924711879,0.434880610730107,18,1,524100231
0.0462398750079709,0.381791512194984,18,1,524100231
0.347253518854179,0.320569661796715,18,1,524100231
0.456172335269343,0.622803475738393,18,1,524100231
0.997904045190096,0.520821110315134,18,1,524100231
0.322971662001324,0.945032639374899,18,1,524100231
0.651157670915519,0.137399111533987,18,1,524100231
0.756307626731122,0.352564744175101,18,1,524100231
0.888023693673653,0.243907845923324,18,1,524100231
0.837966100812822,0.21151011827176,18,1,524100231
0.813528579651614,0.157833211155189,18,1,524100231
0.0602923807302718,0.502383609523162,18,1,524100231
0.686511056841965,0.149092732366144,18,1,524100231
0.851132309463875,0.117635085732696,18,1,524100231
0.745480289918871,0.10028461348012,18,1,524100231
0.897928404525818,0.146889894611396,18,1,524100231
0.610942141652785,0.36824983140056,18,1,524100231
0.526101478882084,0.0520945235941201,18,1,524100231
0.846141132741942,0.720375902344076,18,1,524100231
0.173281058123326,0.716693466117586,18,1,524100231
0.627196579349314,0.445557162342321,18,1,524100231
0.625604871927196,0.629877600019055,18,1,524100231
0.783108277668144,0.431699303198411,18,1,524100231
0.440426962528098,0.41601339251887,18,1,524100231
0.891013247253264,0.513832897401948,18,1,524100231
0.746669156866119,0.669993698649874,18,1,524100231
0.210054076770306,0.904044312122699,18,1,524100231
0.24072476889747,0.4153564133749,18,1,524100231
0.161313487364764,0.841097480748468,18,1,524100231
0.739675154616631,0.81632909870087,18,1,524100231
0.695531061030803,0.274945532635559,18,1,524100231
0.671460990666545,0.217820086853491,18,1,524100231
0.53516593618475,0.26536102872315,18,1,524100231
0.433799756760277,0.705868995410991,18,1,524100231
0.192980683620018,0.713770576220462,18,1,524100231
0.534805711830354,0.140113726602129,18,1,524100231
0.0156461210992971,0.40535079616616,18,1,524100231
0.383127263314464,0.180948607922556,18,1,524100231
0.761811897264082,0.259642513802461,18,1,524100231
0.653956880341176,0.694791914637541,18,1,524100231
0.989042848097421,0.615573021236944,18,1,524100231
0.581178127722602,0.76945544064552,18,1,524100231
0.554834415855686,0.376899353645654,18,1,524100231
0.539782672494552,0.978458230416316,18,1,524100231
0.0897368354688233,0.239201501931943,18,1,524100231
0.090557964052195,0.770158366745253,18,1,524100231
0.0590433909249335,0.769751523295359,18,1,524100231
0.75274697236549,0.187601576136609,18,1,524100231
0.612896816366008,0.0455212525950659,18,1,524100231
0.750689342868632,0.400260886351561,18,1,524100231
0.674281820254482,0.91774139432531,18,1,524100231
0.474735522005393,0.55464689653051,18,1,524100231
0.710663168455151,0.763416155965257,18,1,524100231
0.705912800785344,0.233511214977544,18,1,524100231
0.584547867999914,0.199320802212213,18,1,524100231
0.304887919776663,0.428374749263683,18,1,524100231
0.382081488018282,0.625935656173786,18,1,524100231
0.484846211100778,0.702916140493582,18,1,524100231
0.830888412201,0.826873194109223,18,1,524100231
0.683797975235382,0.993907560002284,18,1,524100231
0.409817286921992,0.787295246158816,18,1,524100231
0.746679301723746,0.592906596010218,18,1,524100231
0.142086477273599,0.423484745119057,18,1,524100231
0.943902488751516,0.111485971730374,18,1,524100231
0.604084895652474,0.472467383861585,18,1,524100231
0.462067991827086,0.145998159727503,18,1,524100231
0.339601210153755,0.524148727131136,18,1,524100231
0.582031991505396,0.238018965445506,18,1,524100231
0.413491621379628,0.782776658296426,18,1,524100231
0.475543517403663,0.587910998250243,18,1,524100231
0.315461561459066,0.101909985960706,18,1,524100231
0.586585957920916,0.0106275443936896,18,1,524100231
0.0853170856767789,0.175057868015722,18,1,524100231
0.224202283878827,0.649810942938515,18,1,524100231
0.890592785453407,0.924705266370325,18,1,524100231
0.761524492506181,0.624037312075816,18,1,524100231
0.930231717172595,0.460830512850734,18,1,524100231
0.140158239991243,0.926813746958715,18,1,524100231
0.602373266540377,0.17645607771835,18,1,524100231
0.514300795230007,0.270808514106352,18,1,524100231
0.51238709043378,0.150254453990468,18,1,524100231
0.886527188653569,0.968021733955554,18,1,524100231
0.771143608493387,0.87880577945851,18,1,524100231
0.602495212339121,0.0593150668041682,18,1,524100231
0.232778262614953,0.489218650254453,18,1,524100231
0.876158183487587,0.574967261419296,18,1,524100231
0.637002678351111,0.0661262982642024,18,1,524100231
0.678696106569244,0.866477672618488,18,1,524100231
0.355862860957425,0.955632954231088,18,1,524100231
0.530185189187163,0.102337820670402,18,1,524100231
0.713847279158483,0.355252970833334,18,1,524100231
0.132005788101487,0.606462064733178,18,1,524100231
0.726700936608325,0.19995799625834,18,1,524100231
0.986827909269783,0.197643389945387,18,1,524100231
0.0457970346975705,0.874639708059921,18,1,524100231
0.0863325324416224,0.814589446958917,18,1,524100231
0.139109231769492,0.351708370624699,18,1,524100231
0.356703042707278,0.217416781425412,18,1,524100231
0.969717649094635,0.151679802918666,18,1,524100231
0.985709254368736,0.940980500199345,18,1,524100231
0.725397598097978,0.209063703540194,18,1,524100231
0.961812400054878,0.813858920355692,18,1,524100231
0.157016746084018,0.440334522765268,18,1,524100231
0.277941358739988,0.650590520526536,18,1,524100231
0.133616521684372,0.979376129093467,18,1,524100231
0.709046874412926,0.340128211125772,18,1,524100231
0.129648372188559,0.959202711819244,18,1,524100231
0.59463621535328,0.610758613624627,18,1,524100231
0.589746661136909,0.414686486566271,18,1,524100231
0.269213186464583,0.356730994928611,18,1,524100231
0.526477608816905,0.790110424446085,18,1,524100231
0.742397810402869,0.695843501572946,18,1,524100231
0.160225563846637,0.339437487666533,18,1,524100231
0.159129854871536,0.812594128651111,18,1,524100231
0.531684841096906,0.0192064463715429,18,1,524100231
0.815397917166451,0.289036969214187,18,1,524100231
0.332147660646383,0.266320133764787,18,1,524100231
0.749014248226977,0.556592220928477,18,1,524100231
0.6975679300423,0.240986853041026,18,1,524100231
0.621806768818935,0.656452288974298,18,1,524100231
0.0619446030926114,0.0136668573165313,18,1,524100231
0.687040724253468,0.34349428047081,18,1,524100231
0.00755689471138954,0.747371831016551,18,1,524100231
0.358918026825117,0.28076090306833,18,1,524100231
0.973211474060665,0.625019966904115,18,1,524100231
0.275224452892436,0.711611444652374,18,1,524100231
0.625644839599066,0.578312369189631,18,1,524100231
0.778159089427506,0.406749698964315,18,1,524100231
0.38880221574919,0.789544096831742,18,1,524100231
0.690157337986257,0.375800442610216,18,1,524100231
0.224970619497807,0.636869174580085,18,1,524100231
0.471759105669721,0.314345800673196,18,1,524100231
0.822678560087061,0.0828487975761554,18,1,524100231
0.767707629704834,0.642329083611716,18,1,524100231
0.49452898690433,0.123145228778822,18,1,524100231
0.618951443768448,0.514324784699285,18,1,524100231
0.700779411963175,0.105599773135448,18,1,524100231
0.315220933707357,0.395832683779024,18,1,524100231
0.720307239649258,0.452934398435184,18,1,524100231
0.496327824619296,0.652815293874019,18,1,524100231
0.879642455831629,0.738003168468428,18,1,524100231
0.656259523234914,0.531680855734836,18,1,524100231
0.361030153512468,0.700237976750851,18,1,524100231
0.234996051707747,0.194299942910251,18,1,524100231
0.918247097229286,0.947559915935209,18,1,524100231
0.503452685689079,0.832489840214643,18,1,524100231
0.650450066575474,0.221774846865496,18,1,524100231
0.51464990825592,0.661454312263054,18,1,524100231
0.70105681421102,0.627324524479922,18,1,524100231
0.232297715771835,0.304143677478108,18,1,524100231
0.318282627090323,0.798511950412045,18,1,524100231
0.37821542036968,0.589155261760607,18,1,524100231
0.187396130701518,0.136383285399347,18,1,524100231
0.516947008426683,0.471948124158725,18,1,524100231
0.688611081955956,0.127740033688693,18,1,524100231
0.680924897102607,0.984176673870779,18,1,524100231
0.350824702308305,0.008734025041643,18,1,524100231
0.49444829195063,0.0407745967248943,18,1,524100231
0.709294706304265,0.1995321577677,18,1,524100231
0.903317712650328,0.893491969408542,18,1,524100231
0.364041522520986,0.920892541623139,18,1,524100231
0.908273901792036,0.994010139304027,18,1,524100231
0.643065294171313,0.399186015038585,18,1,524100231
0.641579195734834,0.283776759787381,18,1,524100231
0.716054459700299,0.846494092928569,18,1,524100231
0.944470790873164,0.201267642312655,18,1,524100231
0.773641470801055,0.877422300334844,18,1,524100231
0.608153871335929,0.177008653358196,18,1,524100231
0.949233168358928,0.805734862471302,18,1,524100231
0.743080915255141,0.137563228210263,18,1,524100231
0.554996224363226,0.0531788217814297,18,1,524100231
0.733973311493393,0.386832012909054,18,1,524100231
0.872944410432224,0.38089669646417,18,1,524100231
0.138059514192905,0.523666039040495,18,1,524100231
0.577580086035326,0.0738848436269799,18,1,524100231
0.698081863827351,0.746331974596996,18,1,524100231
0.591994824841298,0.552710452492957,18,1,524100231
0.617819100237961,0.0789167865439941,18,1,524100231
0.0213799467733393,0.924702434938342,18,1,524100231
0.64277798065393,0.912539964320527,18,1,524100231
0.0199743460135426,0.360089885333155,18,1,524100231
0.597935095654502,0.354891619155818,18,1,524100231
0.365022313305469,0.144937832083334,18,1,524100231
0.239306362412959,0.738087583694531,18,1,524100231
0.957132630738611,0.633077833985283,18,1,524100231
0.64849886520103,0.730825603404825,18,1,524100231
0.0822242219753948,0.753422988484225,18,1,524100231
0.576795944569413,0.950826529560207,18,1,524100231
0.847603689636335,0.944992683305718,18,1,524100231
0.0947088220426044,0.18310757069005,18,1,524100231
0.498598481050319,0.314115705957124,18,1,524100231
0.186500288962202,0.172343064506239,18,1,524100231
0.802235759559085,0.968946831103229,18,1,524100231
0.241884653565,0.396390409300046,18,1,524100231
0.0550844984571097,0.901050455147956,18,1,524100231
0.463830597957683,0.480259633730556,18,1,524100231
0.381979564944468,0.754636069291901,18,1,524100231
0.409175827268955,0.4357337921731,18,1,524100231
0.438333015453914,0.461034425940307,18,1,524100231
0.0734289808715909,0.120323033238765,18,1,524100231
0.555422458702618,0.849112752578463,18,1,524100231
0.642283423973915,0.335622424340486,18,1,524100231
0.688749726633056,0.367147020109874,18,1,524100231
0.781131175313702,0.969911343753153,18,1,524100231
0.601902280876264,0.34825906982976,18,1,524100231
0.733042336400904,0.452469467577599,18,1,524100231
0.577766497017842,0.320037853622612,18,1,524100231
0.966711141185374,0.774056208928248,18,1,524100231
0.0930724553291213,0.695419700722673,18,1,524100231
0.570356508669859,0.827040805375209,18,1,524100231
0.933479477146782,0.345272662695253,18,1,524100231
0.429925497816459,0.709403924051894,18,1,524100231
0.81999804280183,0.0495767296946994,18,1,524100231
0.0159485125457577,0.444638406979584,18,1,524100231
0.105676236878357,0.968420260788988,18,1,524100231
0.608856219262814,0.505146488860313,18,1,524100231
0.69538509149655,0.310826015815776,18,1,524100231
0.606142918744197,0.0108782205038731,18,1,524100231
0.643802272054104,0.792481213928103,18,1,524100231
0.560124393280518,0.622921684428047,18,1,524100231
0.539424690573112,0.627341004555553,18,1,524100231
0.786061272846402,0.971029858065323,18,1,524100231
0.255573835300388,0.930812826577215,18,1,524100231
0.382653275801681,0.379581245273655,18,1,524100231
0.246470419313646,0.293238753571455,18,1,524100231
0.247876581599914,0.461058465955642,18,1,524100231
0.900491218229727,0.144681697701772,18,1,524100231
0.188622637410018,0.568091346201435,18,1,524100231
0.107574208980693,0.351628822537642,18,1,524100231
0.265027182719033,0.598625784221024,18,1,524100231
0.946249007875649,0.313368097435379,18,1,524100231
0.649581841969058,0.196888760745344,18,1,524100231
0.0906281072809669,0.184257134244645,18,1,524100231
0.993707766594899,0.706636611188355,18,1,524100231
0.4528690396217,0.617540085961662,18,1,524100231
0.0131294313319978,0.261822662411932,18,1,524100231
0.782049009646529,0.596049759226382,18,1,524100231
0.293232638309181,0.755860114109319,18,1,524100231
0.657634008891407,0.0213497593522458,18,1,524100231
0.284382764885948,0.403060398738993,18,1,524100231
0.10604695197174,0.216019079423846,18,1,524100231
0.223927330437859,0.262845442326912,18,1,524100231
0.917406911726442,0.116887313906372,18,1,524100231
0.0745055921529287,0.95012279169674,18,1,524100231
0.231376607044611,0.29468197212855,18,1,524100231
0.566011384371306,0.411314312056434,18,1,524100231
0.960361725006532,0.756519635850159,18,1,524100231
0.985795345018921,0.271762685936036,18,1,524100231
0.320688182706136,0.95734203396506,18,1,524100231
0.0633455252217967,0.763257061071205,18,1,524100231
0.905636117472749,0.891036813172164,18,1,524100231
0.701805380381768,0.368718385713726,18,1,524100231
0.342281225537194,0.726913961010876,18,1,524100231
0.63254189710869,0.505738340266231,18,1,524100231
0.936156094406904,0.637739403254075,18,1,524100231
0.406267557532709,0.4795189483984,18,1,524100231
0.697629387791518,0.48763979478293,18,1,524100231
0.582348644009393,0.31459368333047,18,1,524100231
0.740216277921399,0.312682766199621,18,1,524100231
0.474096970814742,0.0491089808121705,18,1,524100231
0.800319497884981,0.595865990693846,18,1,524100231
0.16015990979277,0.0894466641005285,18,1,524100231
0.00602858866995382,0.757096743876079,18,1,524100231
0.859725926216434,0.590621338585047,18,1,524100231
0.0995718388632163,0.905118984304721,18,1,524100231
0.896458025787057,0.00655688239969354,18,1,524100231
0.385933449739109,0.0845284882139392,18,1,524100231
0.384872921081235,0.347308873586939,18,1,524100231
0.569715923934564,0.384924033764346,18,1,524100231
0.104979728123678,0.165661560807135,18,1,524100231
0.842639151235171,0.317805047079175,18,1,524100231
0.69885695405141,0.64869082855078,18,1,524100231
0.14141891044375,0.37604891705011,18,1,524100231
0.73628018119212,0.171322592202474,18,1,524100231
0.245430423769581,0.103110632629346,18,1,524100231
0.985742979207643,0.106636105188927,18,1,524100231
0.931342236817733,0.226316107868836,18,1,524100231
0.441899199913234,0.908934228308103,18,1,524100231
0.641917692915809,0.355219376702914,18,1,524100231
0.935970778682197,0.318626105439338,18,1,524100231
0.0828503906138014,0.00631724305294501,18,1,524100231
0.525309178837771,0.616065086042001,18,1,524100231
0.577531888210598,0.401941472922483,18,1,524100231
0.720393872531902,0.439840929670891,18,1,524100231
0.0126331651665295,0.883706789616212,18,1,524100231
0.768889905687367,0.880308828687102,18,1,524100231
0.100757847746842,0.322723306588128,18,1,524100231
0.236425784832589,0.944601399402545,18,1,524100231
0.118509899107472,0.62597937921539,18,1,524100231
0.436094323460313,0.47115195322512,18,1,524100231
0.232917702145419,0.717739688755735,18,1,524100231
0.936160533742532,0.0895421910162151,18,1,524100231
0.467024282637612,0.531560438731189,18,1,524100231
0.785220029947055,0.2779503942478,18,1,524100231
0.00231210652906455,0.0119695841281429,18,1,524100231
0.0320902296170638,0.0930548460767628,18,1,524100231
0.468367128869301,0.701301628749508,18,1,524100231
0.332633328354546,0.858817492763987,18,1,524100231
0.221222919520184,0.114516396550629,18,1,524100231
0.338692709694212,0.3173032590776,18,1,524100231
0.854270364133171,0.235838743665224,18,1,524100231
0.880194586466825,0.724048700727607,18,1,524100231
0.430297193022355,0.266821643017476,18,1,524100231
0.643653260395672,0.89089374881082,18,1,524100231
0.229518757577105,0.752745156506339,18,1,524100231
0.534694778447325,0.773469645474123,18,1,524100231
0.480494830780163,0.381340582737125,18,1,524100231
0.45616188164743,0.771130575533254,18,1,524100231
0.0280443583882448,0.961382361108279,18,1,524100231
0.523296201718912,0.522217194105608,18,1,524100231
0.710049613561308,0.580643803196463,18,1,524100231
0.459896016213233,0.902112224968929,18,1,524100231
0.587511296610666,0.485008842422603,18,1,524100231
0.727389914595466,0.41711085293668,18,1,524100231
0.187452394332749,0.299576710328261,18,1,524100231
0.153219783471103,0.253619747542949,18,1,524100231
0.456344855027096,0.367794996178992,18,1,524100231
0.480141746187169,0.498609810748134,18,1,524100231
0.727259121321363,0.494350286950671,18,1,524100231
0.298385762920939,0.494716280131696,18,1,524100231
0.839889499812867,0.0785286269819414,18,1,524100231
0.0863540201576822,0.781540816442187,18,1,524100231
0.258624773056119,0.0467375383363033,18,1,524100231
0.365362170459435,0.543054225570487,18,1,524100231
0.606048002657479,0.849913179005425,18,1,524100231
0.45257758707346,0.44850445505461,18,1,524100231
0.00584172615152756,0.766226830397842,18,1,524100231
0.44798163239051,0.634697582476354,18,1,524100231
0.511523989258303,0.804959917845692,18,1,524100231
0.317380315093492,0.719128967356353,18,1,524100231
0.917635004715203,0.747975747373873,18,1,524100231
0.738662570116887,0.982862945802384,18,1,524100231
0.910162114403705,0.643482831829147,18,1,524100231
0.582026865874812,0.77782355693178,18,1,524100231
0.61479719671847,0.166248456443858,18,1,524100231
0.52336815594589,0.0232367914518639,18,1,524100231
0.472129476837045,0.87943329083134,18,1,524100231
0.868370306854683,0.452272992445271,18,1,524100231
0.268179344367309,0.782233450681002,18,1,524100231
0.924039617812693,0.510611740501569,18,1,524100231
0.792594538165185,0.592366310739751,18,1,524100231
0.589097116253146,0.249938141784511,18,1,524100231
0.852497698456548,0.247782296603024,18,1,524100231
0.639962604392783,0.514794013277632,18,1,524100231
0.783496472585859,0.427698773967618,18,1,524100231
0.485267406181496,0.760346684446446,18,1,524100231
0.57672512132459,0.131976690943201,18,1,524100231
0.413773580559956,0.692162438865819,18,1,524100231
0.425480303899991,0.640711464487881,18,1,524100231
0.944255502483827,0.500614685065267,18,1,524100231
0.709341765623223,0.318490201326307,18,1,524100231
0.100601718125651,0.486163469618331,18,1,524100231
0.540792183496108,0.539539529776113,18,1,524100231
0.525804902153535,0.349080273350331,18,1,524100231
0.0440328898102367,0.377461716108912,18,1,524100231
0.387012664450293,0.741516690686558,19,1,600124212
0.666380989702001,0.540013479814194,19,1,600124212
0.195133810358302,0.216037410201907,19,1,600124212
0.881234971249663,0.0403892926867644,19,1,600124212
0.230856229297558,0.586216498569004,19,1,600124212
0.903136866194147,0.271874341889365,19,1,600124212
0.039549457548981,0.997444952547405,19,1,600124212
0.662948928370969,0.366120962629974,19,1,600124212
0.876816724805617,0.787401200653242,19,1,600124212
0.727697857991089,0.34037848368957,19,1,600124212
0.81214807144798,0.415268581137111,19,1,600124212
0.137946267612483,0.292341328906866,19,1,600124212
0.0188240632098617,0.47847568153474,19,1,600124212
0.345211786063275,0.825042859803975,19,1,600124212
0.452533428119995,0.415827381598047,19,1,600124212
0.35984705098349,0.268092057204287,19,1,600124212
0.155687883289787,0.416879605114612,19,1,600124212
0.849704891985047,0.819202156294701,19,1,600124212
0.206450265787594,0.89516970347318,19,1,600124212
0.495251615378262,0.450825233763087,19,1,600124212
0.129671105042687,0.0530420143605945,19,1,600124212
0.0084376038914673,0.18564542993951,19,1,600124212
0.309226746643828,0.634637324079744,19,1,600124212
0.0591323107140878,0.0198473200533793,19,1,600124212
0.410962928987849,0.809369102161669,19,1,600124212
0.414259361284921,0.971524380212093,19,1,600124212
0.604730361661572,0.564827788652067,19,1,600124212
0.618832918832395,0.960298191743264,19,1,600124212
0.873899535432994,0.0478248401143333,19,1,600124212
0.709706376766801,0.529738094527232,19,1,600124212
0.480200088960929,0.962716915291979,19,1,600124212
0.016803063654133,0.0525486483040138,19,1,600124212
0.820779645649329,0.331283202163178,19,1,600124212
0.846453232364988,0.420209920008902,19,1,600124212
0.922983474288205,0.112108781336692,19,1,600124212
0.323736431568602,0.654523582935493,19,1,600124212
0.877758389946338,0.755288504858695,19,1,600124212
0.155140692104733,0.0614064431735404,19,1,600124212
0.0716870203586994,0.325327029642678,19,1,600124212
0.00380011298070748,0.169537451645841,19,1,600124212
0.809080890308041,0.647743736797072,19,1,600124212
0.0856228763492766,0.715824456741908,19,1,600124212
0.387612624418112,0.440856778446576,19,1,600124212
0.31308569929273,0.530940024217142,19,1,600124212
0.650467555168774,0.0291283945822176,19,1,600124212
0.593963218633508,0.662417721259793,19,1,600124212
0.683667492793286,0.49098607422679,19,1,600124212
0.737203908632814,0.900341368812674,19,1,600124212
0.482373411374218,0.174629412203521,19,1,600124212
0.925389493939746,0.832763954228671,19,1,600124212
0.849033247022557,0.373081770263513,19,1,600124212
0.733120887363694,0.96744416183888,19,1,600124212
0.683734860942266,0.193774387239439,19,1,600124212
0.979044389488177,0.185531879103292,19,1,600124212
0.609867236786653,0.65816615709707,19,1,600124212
0.407125070860359,0.212174181260334,19,1,600124212
0.780260483003243,0.298004140671903,19,1,600124212
0.652649174659525,0.636430774984379,19,1,600124212
0.0730035240809057,0.550479138340265,19,1,600124212
0.711217498321105,0.48798103146794,19,1,600124212
0.638545967389988,0.0170611118407491,19,1,600124212
0.940262549305331,0.367212500714786,19,1,600124212
0.596007342704776,0.192597222983751,19,1,600124212
0.931731449865227,0.388363897960809,19,1,600124212
0.0809239856117403,0.937829501635367,19,1,600124212
0.89501379273839,0.792924015490532,19,1,600124212
0.269823904439117,0.106996836561629,19,1,600124212
0.139296270793402,0.820230931488567,19,1,600124212
0.375908177058343,0.525055159361089,19,1,600124212
0.130927482355402,0.196132672557658,19,1,600124212
0.514305851228065,0.833123761079778,19,1,600124212
0.222483375222328,0.990995794550273,19,1,600124212
0.668033266431753,0.957511007372797,19,1,600124212
0.993539918436321,0.233682036534961,19,1,600124212
0.364303776321037,0.669256789703454,19,1,600124212
0.809378626510935,0.0710719555461292,19,1,600124212
0.0924916900209123,0.639752329329418,19,1,600124212
0.116412934805878,0.781380857717614,19,1,600124212
0.102720362555086,0.51740216720726,19,1,600124212
0.924793730347287,0.257384769163738,19,1,600124212
0.576543844209524,0.345552274625686,19,1,600124212
0.554501820579116,0.67304948426221,19,1,600124212
0.679841241375482,0.0174050962353887,19,1,600124212
0.917749543787242,0.519091029539406,19,1,600124212
0.392679366958276,0.942394998505155,19,1,600124212
0.248276295082282,0.581387135944349,19,1,600124212
0.764998516613086,0.741139424389677,19,1,600124212
0.68912664468297,0.286452264975811,19,1,600124212
0.969126123026325,0.476546658983482,19,1,600124212
0.691275123587255,0.597465853856316,19,1,600124212
0.189334638751862,0.844318509732794,19,1,600124212
0.554338156608555,0.0251579653504557,19,1,600124212
0.0167058383466359,0.345606232014109,19,1,600124212
0.895744090783056,0.42032051690714,19,1,600124212
0.647764721448864,0.367949743657207,19,1,600124212
0.735826756273409,0.123087285411253,19,1,600124212
0.34886660115062,0.890753140210453,19,1,600124212
0.101951437922177,0.314173843125478,19,1,600124212
0.938515447223942,0.643584861996084,19,1,600124212
0.696205185198246,0.589111891079784,19,1,600124212
0.321114783659489,0.197996852025028,19,1,600124212
0.666870626326604,0.139827008768761,19,1,600124212
0.31331673287758,0.280797645203555,19,1,600124212
0.136907016784473,0.803705293466454,19,1,600124212
0.735229665373052,0.247433682494678,19,1,600124212
0.0917010481566833,0.748194603018911,19,1,600124212
0.520727164782029,0.741029963364556,19,1,600124212
0.279361120786113,0.0012389589882531,19,1,600124212
0.446360749597643,0.674647599829255,19,1,600124212
0.723464138389279,0.777638715038768,19,1,600124212
0.882827595726828,0.8783078221459,19,1,600124212
0.68000884512845,0.662839596299682,19,1,600124212
0.57758191593152,0.430858039273049,19,1,600124212
0.953739792729621,0.876270430244533,19,1,600124212
0.740011880613481,0.474477118887668,19,1,600124212
