0.532975846066824,0.8846040424182,19,1,600124212
0.0281620936723206,0.311742258643418,19,1,600124212
0.0827567190095913,0.448439189866535,19,1,600124212
0.728850733602212,0.692364116599329,19,1,600124212
0.1627914491022,0.330938382940695,19,1,600124212
0.178227810353828,0.691383818874409,19,1,600124212
0.326949257067866,0.698710546001827,19,1,600124212
0.40960224239432,0.506253787055095,19,1,600124212
0.161228059961098,0.962169483517417,19,1,600124212
0.04469266148319,0.937597566446283,19,1,600124212
0.137806619538597,0.605909996109718,19,1,600124212
0.155303969666403,0.605095482440357,19,1,600124212
0.986869394412141,0.190397219745283,19,1,600124212
0.979725173901183,0.817192430590177,19,1,600124212
0.0592613476399961,0.765369606128803,19,1,600124212
0.420137844359678,0.129022253721414,19,1,600124212
0.854594809399173,0.41886854658337,19,1,600124212
0.279134402351703,0.628825486656787,19,1,600124212
0.368883731987867,0.306733357784901,19,1,600124212
0.91906937368411,0.547487002968462,19,1,600124212
0.444595054962861,0.451663462438383,19,1,600124212
0.446702284484735,0.266149858347881,19,1,600124212
0.349476237149997,0.489998596872592,19,1,600124212
0.179622406678971,0.342850923840594,19,1,600124212
0.106203200263908,0.383318092213323,19,1,600124212
0.885827871636702,0.94184262242731,19,1,600124212
0.206384222627558,0.205605421400867,19,1,600124212
0.972421575304762,0.989404529678082,19,1,600124212
0.887462408084287,0.707540951149732,19,1,600124212
0.0324287827206384,0.335157163820595,19,1,600124212
0.639882428411497,0.78485692942623,19,1,600124212
0.0638230984576476,0.299268705607507,19,1,600124212
0.105542427062181,0.740526764233445,19,1,600124212
0.70006569425773,0.182022689848597,19,1,600124212
0.954266899206557,0.832765789329315,19,1,600124212
0.288651716159665,0.789355679293776,19,1,600124212
0.840930570058997,0.738155275874198,19,1,600124212
0.678138240563951,0.976979062314284,19,1,600124212
0.0599653810952383,0.148129844924231,19,1,600124212
0.99009505529342,0.657658647528824,19,1,600124212
0.820940332579605,0.890752179163451,19,1,600124212
0.532910297552379,0.712358759414703,19,1,600124212
0.046347475060043,0.590711584949422,19,1,600124212
0.508299260742094,0.152607156605798,19,1,600124212
0.650372464569098,0.63444500656325,19,1,600124212
0.465586099764276,0.964926750940758,19,1,600124212
0.433765365620983,0.253125173479189,19,1,600124212
0.480778179947617,0.187359163558582,19,1,600124212
0.944982905880529,0.473780589052421,19,1,600124212
0.0636972743376998,0.853475794820054,19,1,600124212
0.893184981013183,0.154747685181239,19,1,600124212
0.136144029798756,0.771845498092148,19,1,600124212
0.455692049271459,0.595610055183969,19,1,600124212
0.551768025313533,0.18099702159289,19,1,600124212
0.148569370722415,0.22242163178538,19,1,600124212
0.528011415687128,0.880588096543091,19,1,600124212
0.593677526143414,0.977259077283455,19,1,600124212
0.834002406613303,0.882815975816232,19,1,600124212
0.620328423041556,0.915451020112148,19,1,600124212
0.393460183767417,0.0509590296427778,19,1,600124212
0.204163542835408,0.00641738462684582,19,1,600124212
0.265535536418025,0.611580281188068,19,1,600124212
0.419367559061169,0.32801651978474,19,1,600124212
0.80353575738488,0.131574091465955,19,1,600124212
0.716960884403785,0.564596636537214,19,1,600124212
0.058420699311033,0.0342099022618187,19,1,600124212
0.152402665658935,0.0349232701471482,19,1,600124212
0.066104246879223,0.0654341888798013,19,1,600124212
0.175864958736435,0.744386181056548,19,1,600124212
0.907652330044426,0.428302211205553,19,1,600124212
0.879605590765888,0.893500035445185,19,1,600124212
0.574915363013128,0.938511378619835,19,1,600124212
0.56923236849413,0.825167409276163,19,1,600124212
0.463759838701319,0.00790393654984034,19,1,600124212
0.966968257843194,0.253231873621118,19,1,600124212
0.124587164871291,0.39138522271554,19,1,600124212
0.679066050064782,0.856854406416381,19,1,600124212
0.00696559195019475,0.888575272701841,19,1,600124212
0.802642651569205,0.173802920082953,19,1,600124212
0.759628191852255,0.204547860279296,19,1,600124212
0.695752633372514,0.390048215717278,19,1,600124212
0.852498982266604,0.651553733129266,19,1,600124212
0.935350598712374,0.380364095969829,19,1,600124212
0.288632013204822,0.274303000283374,19,1,600124212
0.772739509810553,0.0840252643535315,19,1,600124212
0.663298317409072,0.233410444432879,19,1,600124212
0.212128298752071,0.264132534059395,19,1,600124212
0.627473849357129,0.428611995218041,19,1,600124212
0.0717151371271774,0.495614639428021,19,1,600124212
0.520565935304607,0.541974204035709,19,1,600124212
0.493211747674912,0.497109633187171,19,1,600124212
0.719506796802106,0.599233055151561,19,1,600124212
0.21764549158252,0.949576806390756,19,1,600124212
0.438359840126087,0.276276612776818,19,1,600124212
0.63819689282621,0.79614576398102,19,1,600124212
0.290144255329738,0.871704598579264,19,1,600124212
0.982865186200058,0.58280489424409,19,1,600124212
0.514039077815609,0.960101171609541,19,1,600124212
0.536758906934714,0.221874667035213,19,1,600124212
0.458541207391926,0.519457179862434,19,1,600124212
0.269119156511259,0.165039756298913,19,1,600124212
0.0845987954427925,0.0520660004485807,19,1,600124212
0.686848203221031,0.0143974169951311,19,1,600124212
0.362900939447157,0.292669231943396,19,1,600124212
0.465515117532634,0.804705099237542,19,1,600124212
0.943743523645836,0.264341736318639,19,1,600124212
0.70103160078335,0.890562160212731,19,1,600124212
0.980621684326243,0.929246705056145,19,1,600124212
0.999767331002835,0.806767904082127,19,1,600124212
0.4061563295482,0.64742786782628,19,1,600124212
0.908900510764373,0.166846209747688,19,1,600124212
0.40789397953767,0.621146443253283,19,1,600124212
0.945924957484084,0.690500322793123,19,1,600124212
0.350320360011438,0.887220267884807,19,1,600124212
0.171497312122441,0.293270547977948,19,1,600124212
0.695542673691042,0.721604786893549,19,1,600124212
0.625213723670554,0.185782548118826,19,1,600124212
0.510144978599097,0.474328160672632,19,1,600124212
0.796756371116314,0.0545239190718636,19,1,600124212
0.0929162760833027,0.132968115372893,19,1,600124212
0.368951519045347,0.745873162828102,19,1,600124212
0.569151569182361,0.0907353497032535,19,1,600124212
0.654393750537106,0.959587814895865,19,1,600124212
0.126959580293949,0.640848113554507,19,1,600124212
0.45369954286638,0.421493402524914,19,1,600124212
0.687911199477695,0.597216581982874,19,1,600124212
0.529412760959217,0.352058830306925,19,1,600124212
0.152506145070023,0.0493750100806265,19,1,600124212
0.670485647446266,0.128454744348406,19,1,600124212
0.709059266508326,0.402313520581392,19,1,600124212
0.0566897709671501,0.500356031116048,19,1,600124212
0.6190016845205,0.0275801596943133,19,1,600124212
0.692292839570674,0.73030176148561,19,1,600124212
0.957312901789667,0.15966134860559,19,1,600124212
0.499678885862435,0.824631433829398,19,1,600124212
0.772956979070968,0.967920706914811,19,1,600124212
0.453650462368994,0.501157633258758,19,1,600124212
0.679102342829978,0.633433104076593,19,1,600124212
0.0951315226963119,0.946612820160822,19,1,600124212
0.719309253269338,0.750106056368048,19,1,600124212
0.988231570065618,0.978662253017005,19,1,600124212
0.891600670371126,0.354310939868362,19,1,600124212
0.469994665432159,0.704542367264822,19,1,600124212
0.975388744623031,0.986577242948163,19,1,600124212
0.548528919312741,0.172370619162463,19,1,600124212
0.141449592930553,0.268032369778873,19,1,600124212
0.61414047949768,0.909300926632296,19,1,600124212
0.519536853926009,0.393916230527785,19,1,600124212
0.229640195891254,0.825518570613259,19,1,600124212
0.0225114830000965,0.147372662791345,19,1,600124212
0.788196130346123,0.183071937509206,19,1,600124212
0.914065620027942,0.834275432606151,19,1,600124212
0.561299347872767,0.368847216158864,19,1,600124212
0.0875236444741905,0.828969273833821,19,1,600124212
0.928625223279781,0.579975347576934,19,1,600124212
0.831903374599473,0.209776267950721,19,1,600124212
0.658104800215912,0.541788049232846,19,1,600124212
0.601469082884156,0.0393277703435304,19,1,600124212
0.821437265889677,0.463944536514723,19,1,600124212
0.495620407282988,0.248124170783869,19,1,600124212
0.472689911359909,0.590179325708638,19,1,600124212
0.823107525090388,0.969681774009216,19,1,600124212
0.234638006783323,0.00793939243868547,19,1,600124212
0.220909611492484,0.152128005176623,19,1,600124212
0.992316087037691,0.914315506323869,19,1,600124212
0.39973547886039,0.635319487988689,19,1,600124212
0.536730161830554,0.1816831981049,19,1,600124212
0.740148548293662,0.974215768852131,19,1,600124212
0.762316203231113,0.0435092859256718,19,1,600124212
0.945375989609346,0.267333803618725,19,1,600124212
0.361093154717126,0.226277499624732,19,1,600124212
0.0792054688485475,0.0104318737617222,19,1,600124212
0.680115235715674,0.0236809045951762,19,1,600124212
0.723253438722363,0.14824529757293,19,1,600124212
0.278996532981492,0.723916261885421,19,1,600124212
0.619282910144152,0.652830707158371,19,1,600124212
0.0112268928683721,0.171912522891282,19,1,600124212
0.877306894948952,0.713562362884847,19,1,600124212
0.230970455425874,0.791529806041059,19,1,600124212
0.837132650232613,0.381032982885253,19,1,600124212
0.591682987934555,0.868418917081814,19,1,600124212
0.540719860986789,0.15354081445561,19,1,600124212
0.812074371016336,0.438132606251345,19,1,600124212
0.230134124589475,0.932919631455183,19,1,600124212
0.69881734970067,0.882168881947549,19,1,600124212
0.719858955848078,0.809511186331983,19,1,600124212
0.743774213307042,0.873971876164303,19,1,600124212
0.378256216626275,0.801331199499393,19,1,600124212
0.0755434619323685,0.244480245107718,19,1,600124212
0.166664642526767,0.0793360613114307,19,1,600124212
0.850224409162395,0.70876341293482,19,1,600124212
0.137993644989112,0.516171152593684,19,1,600124212
0.831394049885844,0.0128423844859697,19,1,600124212
0.94826829425145,0.735814181029565,19,1,600124212
0.989498680562494,0.269200612446217,19,1,600124212
0.550104507946358,0.376907089686085,19,1,600124212
0.740099930402295,0.503185103181087,19,1,600124212
0.566234215993381,0.920559003350345,19,1,600124212
0.00689102162025912,0.463206758663742,19,1,600124212
0.896284607292427,0.0587075083647779,19,1,600124212
0.697074120339353,0.315317898119768,19,1,600124212
0.0271858148174955,0.67401559920372,19,1,600124212
0.888932410944709,0.641560076860468,19,1,600124212
0.87077915983985,0.622689064619879,19,1,600124212
0.175571502107763,0.425624759596535,19,1,600124212
0.676030854835578,0.326708590703352,19,1,600124212
0.83361318522517,0.41718887872729,19,1,600124212
0.243910295718237,0.421836429438694,19,1,600124212
0.326558329297684,0.059556523396445,19,1,600124212
0.859166647803221,0.555857168806579,19,1,600124212
0.641935926459992,0.966193328135591,19,1,600124212
0.654377040739369,0.750213736975672,19,1,600124212
0.822853971440638,0.223226140573096,19,1,600124212
0.91890673042794,0.468540723394415,19,1,600124212
0.023570086025841,0.0244236536022573,19,1,600124212
0.173096124027492,0.76904615803205,19,1,600124212
0.605149958980798,0.506544884710387,19,1,600124212
0.326255290676801,0.00327041699888131,19,1,600124212
0.467458362806556,0.368375156390054,19,1,600124212
0.765393300063001,0.613869407315967,19,1,600124212
0.813649549505219,0.58240181212765,19,1,600124212
0.734388995051605,0.466256649462947,19,1,600124212
0.581892626902142,0.829754519586965,19,1,600124212
0.84803431260017,0.342353556695195,19,1,600124212
0.723985742287049,0.220446937666003,19,1,600124212
0.937471814012552,0.312294795875018,19,1,600124212
0.3950441475428,0.593231215070241,19,1,600124212
0.198573373306013,0.556506595638565,19,1,600124212
0.691395393604479,0.981061350704118,19,1,600124212
0.733351003331271,0.751144306447792,19,1,600124212
0.526278775780262,0.883128546931977,19,1,600124212
0.25591177404632,0.151154261654269,19,1,600124212
0.203174225794885,0.546317328465005,19,1,600124212
0.699781321855625,0.400757997463965,19,1,600124212
0.340449902959151,0.162481102764391,19,1,600124212
0.779665901183241,0.866989627663074,19,1,600124212
0.586090824030179,0.0274265830016684,19,1,600124212
0.995432583940069,0.306676572005222,19,1,600124212
0.175299038611539,0.140095306357211,19,1,600124212
0.258066618116077,0.0511136293386354,19,1,600124212
0.0690143264778911,0.720308389681505,19,1,600124212
0.961587184146475,0.0943912928501724,19,1,600124212
0.338782605879113,0.861464481563769,19,1,600124212
0.219928501113351,0.123833694761571,19,1,600124212
0.807432003357882,0.200308359190128,19,1,600124212
0.983723420528916,0.0474570218916828,19,1,600124212
0.49045944054453,0.721774025529998,19,1,600124212
0.302251553222281,0.701917978999546,19,1,600124212
0.931932648071234,0.402978929317542,19,1,600124212
0.828451044613121,0.187784031100244,19,1,600124212
0.586363036010001,0.214872563858027,19,1,600124212
0.0220985354172476,0.217229501145401,19,1,600124212
0.198999283912747,0.481584571019188,19,1,600124212
0.918648087374468,0.546942144663563,19,1,600124212
0.677038831592713,0.263302056308087,19,1,600124212
0.00270038153484631,0.633081565718863,19,1,600124212
0.83067378518377,0.807493180685623,19,1,600124212
0.641681444050726,0.00797137334810971,19,1,600124212
0.0565546165412583,0.425250091681926,19,1,600124212
0.933354768158473,0.368163187098378,19,1,600124212
0.00112345812777592,0.8328459740097,19,1,600124212
0.240392162940845,0.0226326234856469,19,1,600124212
0.801425950097115,0.583214969223909,19,1,600124212
0.136302393126186,0.492637571639893,19,1,600124212
0.0221245459646449,0.272974091643384,19,1,600124212
0.538306364064528,0.274351839372213,19,1,600124212
0.464197467578515,0.215183889120854,19,1,600124212
0.711633017174294,0.486232589092301,19,1,600124212
0.290370165055232,0.740205076977138,19,1,600124212
0.579606280952224,0.945684079702433,19,1,600124212
0.315537967765971,0.763393058939552,19,1,600124212
0.0236408842022398,0.0455574250285409,19,1,600124212
0.145475420498087,0.456721674178106,19,1,600124212
0.503206693215319,0.00796084208053149,19,1,600124212
0.892064050585494,0.738221314519656,19,1,600124212
0.514951809584914,0.95688715150907,19,1,600124212
0.601517153282765,0.442973392976682,19,1,600124212
0.459920841347325,0.643892460358497,19,1,600124212
0.531944967590568,0.865790994287148,19,1,600124212
0.896549547201065,0.398955984923862,19,1,600124212
0.609923408727726,0.558015546148996,19,1,600124212
0.0110331172070017,0.995517858868785,19,1,600124212
0.114388541382577,0.773604539223221,19,1,600124212
0.972363488386859,0.462827617379592,19,1,600124212
0.729081999990666,0.620527612088047,19,1,600124212
0.318195097318929,0.140645732338981,19,1,600124212
0.95215634237633,0.116802631780612,19,1,600124212
0.123428930993541,0.799411876118822,19,1,600124212
0.821454826323933,0.919305686808442,19,1,600124212
0.675096364374279,0.788148747993443,19,1,600124212
0.143797164089982,0.466934179932605,19,1,600124212
0.464102090382831,0.0966790950486753,19,1,600124212
0.944173355705327,0.820791924142014,19,1,600124212
0.35788932407376,0.792053653065855,19,1,600124212
0.700059683399368,0.325977835492775,19,1,600124212
0.213369340220664,0.565438540706563,19,1,600124212
0.724384833048183,0.535118469341957,19,1,600124212
0.357184368948104,0.736949445764835,19,1,600124212
0.24009929966276,0.47103410740639,19,1,600124212
0.963910605766918,0.192662365310424,19,1,600124212
0.269602931074498,0.347542787863566,19,1,600124212
0.979205135547798,0.919665205960528,19,1,600124212
0.832848552998048,0.00072039214273012,19,1,600124212
0.49622676415764,0.0625846085835651,19,1,600124212
0.818291527401135,0.729549970068661,19,1,600124212
0.215315410563571,0.273832257796197,19,1,600124212
0.615472174524238,0.751345300480599,19,1,600124212
0.611005109206808,0.305669314004954,19,1,600124212
0.760719673412591,0.797428953100363,19,1,600124212
0.161283513326754,0.0602302237167145,19,1,600124212
0.860714903662085,0.0225989952108243,19,1,600124212
0.0237684722274176,0.923909056825136,19,1,600124212
0.703533731314129,0.39701865731101,19,1,600124212
0.688038281603411,0.808822551725394,19,1,600124212
0.391131005342285,0.672805079004696,19,1,600124212
0.967447145179503,0.415053361664968,19,1,600124212
0.496197637469821,0.308017182635522,19,1,600124212
0.234053933925831,0.558146085862552,19,1,600124212
0.426838355023726,0.317415544494256,19,1,600124212
0.128690521108788,0.894236325640638,19,1,600124212
0.785759089601707,0.811119528277081,19,1,600124212
0.0929415659118931,0.351986633975702,19,1,600124212
0.70343145093694,0.0156823407728455,19,1,600124212
0.582065124632761,0.0560738482296934,19,1,600124212
0.635394794871011,0.744109607772376,19,1,600124212
0.506775569410781,0.775300556331307,19,1,600124212
0.0676213839625932,0.534612787543892,19,1,600124212
0.856927147645485,0.852937040962153,19,1,600124212
0.895367821077119,0.716587229057996,19,1,600124212
0.660983024027049,0.104374417777895,19,1,600124212
0.8749453552069,0.614434407348864,19,1,600124212
0.123856668208629,0.0338178947107859,19,1,600124212
0.291970154022493,0.424404063321647,19,1,600124212
0.150568719301301,0.429293149639625,19,1,600124212
0.442803017375238,0.618635640138435,19,1,600124212
0.787626149644085,0.161636898048311,19,1,600124212
0.739780962833247,0.368331962782873,19,1,600124212
0.663351635271393,0.685472186070571,19,1,600124212
0.505267382887636,0.21513643809504,19,1,600124212
0.258174038239315,0.668134539573039,19,1,600124212
0.983735561644105,0.886267257594391,19,1,600124212
0.0857507652588394,0.126278158298447,19,1,600124212
0.661811847011066,0.261824311471651,19,1,600124212
0.0431656296499066,0.144377878116804,19,1,600124212
0.659865303210983,0.306759852776769,19,1,600124212
0.902320298365378,0.163350464452543,19,1,600124212
0.759308994535997,0.311815546299457,19,1,600124212
0.980601783436696,0.641931233626878,19,1,600124212
0.955111593036573,0.33734559488895,19,1,600124212
0.270171203311858,0.711257673572773,19,1,600124212
0.665346220103276,0.869187140616483,19,1,600124212
0.0361684911783682,0.901849023711334,19,1,600124212
0.170096537303998,0.116275196809586,19,1,600124212
0.566268574605354,0.656635101828035,19,1,600124212
0.964323420256006,0.437457671487559,19,1,600124212
0.576307394104896,0.976648458774554,19,1,600124212
0.397365284820034,0.738294443534084,19,1,600124212
0.518333173392253,0.349960930200905,19,1,600124212
0.182241103317307,0.0628291101482994,19,1,600124212
0.926897822964719,0.00405619380361699,19,1,600124212
0.0119379298387907,0.895893531710695,19,1,600124212
0.508983556379587,0.582035647780531,19,1,600124212
0.697920358962337,0.420438136376627,19,1,600124212
0.0285974192794312,0.613320646472707,19,1,600124212
0.236490983350827,0.795761633356785,19,1,600124212
0.959286553428587,0.386355985332403,19,1,600124212
0.521805680495388,0.317882659373083,19,1,600124212
0.281872783803452,0.094987857341847,19,1,600124212
0.421243429263292,0.121198193284662,19,1,600124212
0.584769624066404,0.113605688071508,19,1,600124212
0.379825165503463,0.874995409586257,19,1,600124212
0.643034580123622,0.132639749375687,19,1,600124212
0.950492257267723,0.042723352533895,19,1,600124212
0.656122097521889,0.908846752235791,19,1,600124212
0.874458256369191,0.568877337548725,19,1,600124212
0.13455248552592,0.159455367568311,19,1,600124212
0.471216485791212,0.0801261356437113,19,1,600124212
0.034640822427451,0.0790842595329293,19,1,600124212
0.814631231679696,0.390690186809896,19,1,600124212
0.794915966800362,0.784843215266088,19,1,600124212
0.241543788928579,0.970332667318644,19,1,600124212
0.179687995281708,0.0844605266806449,19,1,600124212
0.198406170984741,0.0079923478681021,19,1,600124212
0.490377239121794,0.322935825115024,19,1,600124212
0.292108012899173,0.901200736848974,19,1,600124212
0.376546794716871,0.482505663128447,19,1,600124212
0.861884647551867,0.887398021146037,19,1,600124212
0.705247934874209,0.588756534587711,19,1,600124212
0.241364681546619,0.781690947862901,19,1,600124212
0.792579887166564,0.0743919065586596,19,1,600124212
0.511653151422618,0.152651198288653,19,1,600124212
0.866366966973844,0.0658384809637536,19,1,600124212
0.368606771820178,0.0794332604375647,19,1,600124212
0.652960997208844,0.631768789579678,19,1,600124212
0.565215112557904,0.167976226260295,19,1,600124212
0.576917455665767,0.954600523190889,19,1,600124212
0.0402866750533308,0.845827139943293,19,1,600124212
0.015679758315279,0.67796803909605,19,1,600124212
0.539677242365953,0.212946443247774,19,1,600124212
0.386709148229084,0.163228986785759,19,1,600124212
0.862217840945203,0.540963308494764,19,1,600124212
0.640639330172433,0.0766675789535443,19,1,600124212
0.428735931225984,0.170352401223368,19,1,600124212
0.00509210899391332,0.262749180474199,19,1,600124212
0.892667480172476,0.254553742636398,19,1,600124212
0.146661811287161,0.879973517680713,19,1,600124212
0.860501559030968,0.133201024960158,19,1,600124212
0.766924816282,0.204405664855319,19,1,600124212
0.563302330394763,0.161153646619079,19,1,600124212
0.98441723871314,0.313894811809815,19,1,600124212
0.20569658480866,0.954365778329157,19,1,600124212
0.685884230675978,0.34995538373839,19,1,600124212
0.775729380707547,0.229258075891097,19,1,600124212
0.854722635253022,0.600641198012687,19,1,600124212
0.706627625392334,0.904436364716175,19,1,600124212
0.789510307035365,0.924528903398294,19,1,600124212
0.61568869229156,0.799940416350279,19,1,600124212
0.832647218682031,0.820804550911053,19,1,600124212
0.961034460711355,0.292319638069984,19,1,600124212
0.0209844059139952,0.834872332097164,19,1,600124212
0.731956993654035,0.61732821379524,19,1,600124212
0.339169101651239,0.140462850744231,19,1,600124212
0.466539488227734,0.56283227138068,19,1,600124212
0.310049186840335,0.398945560395985,19,1,600124212
0.449263767346872,0.244117115377526,19,1,600124212
0.62601003226529,0.784294165930164,19,1,600124212
0.215562138785292,0.817169356984015,19,1,600124212
0.38710654143037,0.538961428930562,19,1,600124212
0.709293440880907,0.932464305055148,19,1,600124212
0.389483926878112,0.601579110373892,19,1,600124212
0.151215809639274,0.41941469910158,19,1,600124212
0.968412621523218,0.628928580179941,19,1,600124212
0.275016441856311,0.861666945269126,19,1,600124212
0.22638699348786,0.987329859721536,19,1,600124212
0.623852883673443,0.808006831350826,19,1,600124212
0.383204426002316,0.615304805716417,19,1,600124212
0.512624113954929,0.535943852955841,19,1,600124212
0.596814651563403,0.249247584837248,19,1,600124212
0.815312776115417,0.0350543358944688,19,1,600124212
0.373357617687728,0.536751828654184,19,1,600124212
0.297419150027074,0.61640766299509,19,1,600124212
0.571970412761247,0.323646404666363,19,1,600124212
0.273998410636599,0.677998554607727,19,1,600124212
0.278529369601329,0.618059789057459,19,1,600124212
0.0713893791977362,0.0306856580909456,19,1,600124212
0.0965777791932925,0.651654348377833,19,1,600124212
0.483473134819721,0.940195116048616,19,1,600124212
0.592488268326306,0.808661380185143,19,1,600124212
0.947180054092912,0.949969366271234,19,1,600124212
0.94458759980896,0.850066835022323,19,1,600124212
0.324721973623228,0.383055495927734,19,1,600124212
0.678578428096202,0.241348578189626,19,1,600124212
0.418161291835868,0.685017114940831,19,1,600124212
0.447263493642711,0.413431022808197,19,1,600124212
0.255730476494866,0.404180182359507,19,1,600124212
0.936957248367552,0.37831577417708,19,1,600124212
0.87475041532528,0.436238594469173,19,1,600124212
0.892258152195376,0.268073110848984,19,1,600124212
0.603109252822859,0.695389031125825,19,1,600124212
0.259283274606225,0.00534831139183201,19,1,600124212
0.877759179560486,0.319172405736252,19,1,600124212
0.224469906531857,0.632581859570116,19,1,600124212
0.798652322914179,0.781933563097822,19,1,600124212
0.189506800817339,0.666366695987877,19,1,600124212
0.308991550217229,0.117273206561808,19,1,600124212
0.990744759674914,0.234537869381782,19,1,600124212
0.48773938461198,0.729279701975172,19,1,600124212
0.611727456769996,0.914329556822685,19,1,600124212
0.988622996957133,0.55890687243954,19,1,600124212
0.0554128165229848,0.643468974388814,19,1,600124212
0.564016281775906,0.737467191099083,19,1,600124212
0.283527363215362,0.760028256405568,19,1,600124212
0.415469786741273,0.524921676993857,19,1,600124212
0.822625801611697,0.670259709828759,19,1,600124212
0.452928604483029,0.109946764461356,19,1,600124212
0.546950125593554,0.798595613684484,19,1,600124212
0.213470100089112,0.65899716394899,19,1,600124212
0.409530754783861,0.230533621001502,19,1,600124212
0.0891326352512749,0.251532859132273,19,1,600124212
0.494341132186194,0.928458380450829,19,1,600124212
0.0609041657344807,0.274137836584686,19,1,600124212
0.023404016640884,0.594013450451073,19,1,600124212
0.724286900877921,0.5454645425114,19,1,600124212
0.829062181621716,0.254456249871879,19,1,600124212
0.719277714866525,0.198129185179011,19,1,600124212
0.89550142006942,0.680284470753143,19,1,600124212
0.748602615365131,0.348411077991579,19,1,600124212
0.0656994868688587,0.562615200878322,19,1,600124212
0.152480065981956,0.109215374016919,19,1,600124212
0.0549230599217487,0.434850358728107,19,1,600124212
0.482798590197472,0.706219061671531,19,1,600124212
0.671137783953708,0.0634865407552108,19,1,600124212
0.401834352562306,0.606825058360106,19,1,600124212
0.875330222059939,0.275761368183729,19,1,600124212
0.808386015396339,0.776783935514221,19,1,600124212
0.927973938318211,0.957218989912199,19,1,600124212
0.290397993999371,0.0114695102587767,19,1,600124212
0.278943395451035,0.0102139635969927,19,1,600124212
0.155873947482767,0.787419024682447,19,1,600124212
0.0243556783008989,0.351799239864649,19,1,600124212
0.82636401642153,0.78941538134347,19,1,600124212
0.351223169758153,0.365984132377894,19,1,600124212
0.782021123102318,0.944657821964165,19,1,600124212
0.0744954258687409,0.97361941462548,19,1,600124212
0.54842126037269,0.439214313634697,19,1,600124212
0.416929746707814,0.522625397783061,19,1,600124212
0.274385003528383,0.200887172127149,19,1,600124212
0.574309695868211,0.0398102380095011,19,1,600124212
0.396919909499185,0.752672193143402,19,1,600124212
0.224769257998024,0.500841458421319,19,1,600124212
0.766655139696633,0.320731152914387,19,1,600124212
0.574425795364803,0.144399529686436,19,1,600124212
0.772399252764303,0.614709121746834,19,1,600124212
0.963257839772188,0.126568750776797,19,1,600124212
0.137759011892324,0.540861859763128,19,1,600124212
0.185431214322972,0.992743578046865,19,1,600124212
0.956420564869432,0.94362842068761,19,1,600124212
0.565511057685281,0.625654532615479,19,1,600124212
0.645743701113128,0.166098891948378,19,1,600124212
0.482736953311149,0.95920960049829,19,1,600124212
0.783932205852352,0.612537229006694,19,1,600124212
0.341062357747846,0.614938579489395,19,1,600124212
0.72415105181536,0.559502420376797,19,1,600124212
0.720422369955971,0.993653434517631,19,1,600124212
0.120617301716351,0.490236924211179,19,1,600124212
0.116551738046424,0.518892879092946,19,1,600124212
0.985263360610324,0.121453419785575,19,1,600124212
0.919549591471327,0.947486848085357,19,1,600124212
0.289667459316992,0.341630143513335,19,1,600124212
0.374732659041181,0.455820507857359,19,1,600124212
0.660614113376627,0.0445844910432234,19,1,600124212
0.164276807879403,0.863416613710537,19,1,600124212
0.812598236065328,0.214306045881895,19,1,600124212
0.161174062225802,0.603614741481538,19,1,600124212
0.835516623607685,0.0310487036222826,19,1,600124212
0.682315227877536,0.434919530774942,19,1,600124212
0.832149462396417,0.598445489689678,19,1,600124212
0.501364344844855,0.235400083782274,19,1,600124212
0.572938078865128,0.571071733749798,19,1,600124212
0.719645276807875,0.471861391361996,19,1,600124212
0.875748651762931,0.341098689783272,19,1,600124212
0.358985739611149,0.567709831044954,19,1,600124212
0.986901428844112,0.121525532105143,19,1,600124212
0.901682984313177,0.566843808066759,19,1,600124212
0.924577460374004,0.569027234373896,19,1,600124212
0.0450768463028228,0.83577675339571,19,1,600124212
0.420116710092112,0.571144112055253,19,1,600124212
0.398682795098964,0.319554806330113,19,1,600124212
0.660972292816667,0.494266133334229,19,1,600124212
0.775534224792412,0.55316140407846,19,1,600124212
0.500608658040321,0.969053391702922,19,1,600124212
0.723041265158202,0.562043041980465,19,1,600124212
0.177078546915826,0.0929026624275471,19,1,600124212
0.0871569906751546,0.753381415259721,19,1,600124212
0.0617058123866068,0.835599739906821,19,1,600124212
0.890010444026649,0.444701533413581,19,1,600124212
0.314214713535318,0.000751656689914171,19,1,600124212
0.479771561278949,0.160537278346497,19,1,600124212
0.860587992683013,0.312580827965337,19,1,600124212
0.224461214830881,0.567773575614495,19,1,600124212
0.828674101384416,0.120941599727005,19,1,600124212
0.0553068653382791,0.645691601131762,19,1,600124212
0.427672968111103,0.429880027956443,19,1,600124212
0.428382542893136,0.338528749976931,19,1,600124212
0.305459837415502,0.245396214863706,19,1,600124212
0.638894065387319,0.210423924092282,19,1,600124212
0.901473345347901,0.45451055352514,19,1,600124212
0.866293977347448,0.413131584886676,19,1,600124212
0.115665646491716,0.90886164869232,19,1,600124212
0.0370144583163281,0.177701527473912,19,1,600124212
0.170670615901704,0.145014284302063,19,1,600124212
0.286331265709975,0.656389817884826,19,1,600124212
0.946882207852147,0.0774049939462746,19,1,600124212
0.0718582241947525,0.544441568059595,19,1,600124212
0.418922980593007,0.851834651301352,19,1,600124212
0.23747582217557,0.70416549983506,19,1,600124212
0.369974807918832,0.16002484976696,19,1,600124212
0.42876298751118,0.0695134279863172,19,1,600124212
0.956374159542868,0.535615298774178,19,1,600124212
0.0214876622794629,0.560489935448371,19,1,600124212
0.308933911590684,0.546994978778701,19,1,600124212
0.932591932806426,0.336549923330277,19,1,600124212
0.599192034769296,0.751221006295021,19,1,600124212
0.943509616506009,0.781477541161491,19,1,600124212
0.325848934260473,0.0765104204897651,19,1,600124212
0.468649333637316,0.858976308913748,19,1,600124212
0.018980697890556,0.708150409183122,19,1,600124212
0.247974097847336,0.10731446674825,19,1,600124212
0.0804120792297027,0.825324219456534,19,1,600124212
0.774820489640517,0.939404660712617,19,1,600124212
0.890802139147531,0.634068088760897,19,1,600124212
0.620569970831927,0.0698184576391665,19,1,600124212
0.808841083692845,0.264679224821576,19,1,600124212
0.602937006872475,0.55338731443502,19,1,600124212
0.412421957005352,0.840730954399908,19,1,600124212
0.932497013124248,0.870539559632514,19,1,600124212
0.823909524283594,0.3154881982712,19,1,600124212
0.0829258858965032,0.926117327478399,19,1,600124212
0.567426730567661,0.220521231237775,19,1,600124212
0.421195755525231,0.463839070249069,19,1,600124212
0.411887603847325,0.861517369240666,19,1,600124212
0.649859198080765,0.168877285230755,19,1,600124212
0.413775613737464,0.0228089419585151,19,1,600124212
0.773053021207636,0.180701323904705,19,1,600124212
0.853881151934657,0.580177093110646,19,1,600124212
0.397695889735655,0.454129861431224,19,1,600124212
0.292075456151804,0.0444018623154951,19,1,600124212
0.343167725355954,0.281983415865806,19,1,600124212
0.824986904511913,0.408385300659359,19,1,600124212
0.0284782344253047,0.0724087463938183,19,1,600124212
0.757226618763086,0.313224129822313,19,1,600124212
0.33997890267063,0.378405728259532,19,1,600124212
0.396230900471886,0.18038646072755,19,1,600124212
0.984350186804731,0.453965892477669,19,1,600124212
0.334774313637812,0.695376430427801,19,1,600124212
0.760935135560577,0.317929984084901,19,1,600124212
0.241701108622059,0.835758240370836,19,1,600124212
0.0347328566384597,0.513607424571021,19,1,600124212
0.898683641182361,0.961122379424455,19,1,600124212
0.443503896513742,0.129061808855567,19,1,600124212
0.120127107737197,0.615409677832441,19,1,600124212
0.382435262535247,0.547417311195046,19,1,600124212
0.0174816103885131,0.958295945800834,19,1,600124212
0.724944329897958,0.772738733309257,19,1,600124212
0.503595004432345,0.74352475930029,19,1,600124212
0.0842120408130898,0.910937713399088,19,1,600124212
0.511493187266817,0.351687089791031,19,1,600124212
0.76961996248875,0.385887664784477,19,1,600124212
0.0817501390076387,0.167795692412484,19,1,600124212
0.53301288730242,0.779098058106177,19,1,600124212
0.897972332924871,0.652297935230151,19,1,600124212
0.417754269524536,0.139850518714507,19,1,600124212
0.18520699368214,0.0128430134250666,19,1,600124212
0.128133828739133,0.392342899098567,19,1,600124212
0.207583823363367,0.734886615560096,19,1,600124212
0.627115809523062,0.644337621873241,19,1,600124212
0.126753711280262,0.200827152497276,19,1,600124212
0.366146182125201,0.170116397333286,19,1,600124212
0.402063551108339,0.634988627259336,19,1,600124212
0.75413640987075,0.594761540542042,19,1,600124212
0.715900532622022,0.263701925044041,19,1,600124212
0.303268118126311,0.487688405583285,19,1,600124212
0.676977242721013,0.446901365296754,19,1,600124212
0.435521640855045,0.344741060891414,19,1,600124212
0.152588038634698,0.118502303527136,19,1,600124212
0.726983582601187,0.549229509486036,19,1,600124212
0.141016221651951,0.849117448152396,19,1,600124212
0.363679941107552,0.953678761251213,19,1,600124212
0.779724078869198,0.154857844557934,19,1,600124212
0.63201270296538,0.922806677301007,19,1,600124212
0.55235123201249,0.413772849582299,19,1,600124212
0.158597750183277,0.241971820479065,19,1,600124212
0.806906155521864,0.809449960524727,19,1,600124212
0.660127493251095,0.434201276020144,19,1,600124212
0.80982021507678,0.0470406975797477,19,1,600124212
0.36936685767777,0.873469481655484,19,1,600124212
0.506245865286476,0.413342849349854,19,1,600124212
0.170722188279953,0.090558121788102,19,1,600124212
0.708282386805707,0.824860781054575,19,1,600124212
0.542728362385111,0.784829664891685,19,1,600124212
0.986633554380105,0.836463021104935,19,1,600124212
0.564908813819255,0.980168876349929,19,1,600124212
0.533758237018543,0.902652330979429,19,1,600124212
0.479203643690228,0.0596396871563041,19,1,600124212
0.584962712803953,0.642196779915714,19,1,600124212
0.272357641461419,0.537256221484544,19,1,600124212
0.474838377090657,0.860987549075536,19,1,600124212
0.876114530934613,0.0881592317437514,19,1,600124212
0.229426364010897,0.843078434747998,19,1,600124212
0.526931615349302,0.661405772063479,19,1,600124212
0.584977461052178,0.253082164576577,19,1,600124212
0.0311616372004506,0.0421217359220263,19,1,600124212
0.676145084197238,0.33192291869004,19,1,600124212
0.325293269382933,0.637765273145477,19,1,600124212
0.179231387079509,0.3263599912616,19,1,600124212
0.720652722951687,0.702534070891645,19,1,600124212
0.569087605782191,0.469615563705532,19,1,600124212
0.0065132866332025,0.0661011234544784,19,1,600124212
0.413998749419096,0.291980480031054,19,1,600124212
0.532901731468883,0.66641934909178,19,1,600124212
0.878533387404633,0.965096714551352,19,1,600124212
0.000946905846230139,0.726769046617671,19,1,600124212
0.352157155151396,0.336192498193959,19,1,600124212
0.25305474493731,0.615892284708189,19,1,600124212
0.97802971531291,0.641335594817146,19,1,600124212
0.441210367144102,0.470164801572743,19,1,600124212
0.934149723481587,0.965197378180357,19,1,600124212
0.855323932416069,0.391667933092322,19,1,600124212
0.943256413026483,0.965327857524652,19,1,600124212
0.960474403535327,0.239762333929453,19,1,600124212
0.0661869964523683,0.485357827653027,19,1,600124212
0.669615217112693,0.910124139415589,19,1,600124212
0.239651296931684,0.78355234274521,19,1,600124212
0.0606118313046293,0.243261901498387,19,1,600124212
0.945424421852834,0.14893462600782,19,1,600124212
0.516310203040278,0.0471381213946662,19,1,600124212
0.838843845760769,0.978146293639709,19,1,600124212
0.0135141185695593,0.181468360664939,19,1,600124212
0.482023846613711,0.838979903000715,19,1,600124212
0.47358724786383,0.202772058092584,19,1,600124212
0.544391336299852,0.46983178416034,19,1,600124212
0.0161203341949481,0.402077851760892,19,1,600124212
0.647199853865385,0.981729305489306,19,1,600124212
0.156842889794432,0.242663579439307,19,1,600124212
0.426402198629656,0.237897321171035,19,1,600124212
0.709334884046766,0.862136487874862,19,1,600124212
0.205132117533184,0.167541183851295,19,1,600124212
0.665255914685228,0.497549882722675,19,1,600124212
0.700827095596191,0.164786828034155,19,1,600124212
0.691651779423422,0.259095424031827,19,1,600124212
0.243926024187939,0.100854269591481,19,1,600124212
0.770419006099977,0.257810417233943,19,1,600124212
0.11948831841333,0.60988660073933,19,1,600124212
0.613406409100339,0.0528622467301698,19,1,600124212
0.201759506232624,0.816184332543521,19,1,600124212
0.830838593406904,0.0568876219993499,19,1,600124212
0.228106450055097,0.0873556052816027,19,1,600124212
0.0102375222887332,0.696526442951012,19,1,600124212
0.630784699249464,0.458498229605125,19,1,600124212
0.235835471341299,0.143229659478229,19,1,600124212
0.504245435343812,0.11430683498044,19,1,600124212
0.306273378484812,0.0020804930229783,19,1,600124212
0.333833164685542,0.36664629703645,19,1,600124212
0.414527057193985,0.670242392871129,19,1,600124212
0.777670115444251,0.370482789334424,19,1,600124212
0.616053255616994,0.673136319548588,19,1,600124212
0.240831806658311,0.982147726426252,19,1,600124212
0.317729912520076,0.0128353277168758,19,1,600124212
0.97132095161593,0.363455395158761,19,1,600124212
0.310374717163449,0.528603303912806,19,1,600124212
0.811136577391435,0.352005779403825,19,1,600124212
0.563011849208386,0.509709970868472,19,1,600124212
0.567556132706075,0.548319267551454,19,1,600124212
0.134671754524993,0.432096716839466,19,1,600124212
0.069689603218861,0.795310651419737,19,1,600124212
0.109819351326802,0.0304358540919714,19,1,600124212
0.64782431215981,0.245935819802129,19,1,600124212
0.461588641657274,0.178372133742216,19,1,600124212
0.0247755746761964,0.462875128739688,19,1,600124212
0.417614481988563,0.0678192340693462,19,1,600124212
0.598159978447599,0.0927272057815678,19,1,600124212
0.861124278372297,0.150870311338119,19,1,600124212
0.202715700902393,0.73626212073103,19,1,600124212
0.281953106539584,0.271761355756624,19,1,600124212
0.0384065810625176,0.0866744999695737,19,1,600124212
0.0901013129694102,0.447585766601441,19,1,600124212
0.639459418981408,0.835437253434694,19,1,600124212
0.70043907951306,0.513020328510694,19,1,600124212
0.946703759499183,0.745670507662932,19,1,600124212
0.991192133953558,0.381211198649829,19,1,600124212
0.213364319946523,0.917000118098849,19,1,600124212
0.50537658920134,0.146525492136728,19,1,600124212
0.497480195677391,0.890881869934624,19,1,600124212
0.976205079891697,0.413724837525757,19,1,600124212
0.395733772933077,0.035134751988009,19,1,600124212
0.364145502156834,0.404326091663799,19,1,600124212
0.0184329530365166,0.867056109365145,19,1,600124212
0.000567352169758673,0.702749009154145,19,1,600124212
0.0386185144953535,0.890702194589003,19,1,600124212
0.114249937512809,0.356240268397318,19,1,600124212
0.194908421618416,0.10898160493956,19,1,600124212
0.73362948388616,0.160834217580127,19,1,600124212
0.21882177852074,0.951386805863471,19,1,600124212
0.955600803118947,0.941788177574813,19,1,600124212
0.672286254842186,0.987377720768094,19,1,600124212
0.478849480324345,0.649542692605689,19,1,600124212
0.443243995602847,0.734102676923567,19,1,600124212
0.846498110506662,0.169852461134266,19,1,600124212
0.380197118677829,0.683699980814817,19,1,600124212
0.822022892124049,0.352612004808537,19,1,600124212
0.357476973973595,0.713538436103477,19,1,600124212
0.697858795262258,0.529435280543125,19,1,600124212
0.581357244221356,0.798349467134648,19,1,600124212
0.530286425548941,0.160954249512262,19,1,600124212
0.667399804749308,0.147204067353504,19,1,600124212
0.931982311966954,0.887212519375788,19,1,600124212
0.493397635525728,0.394471697287614,19,1,600124212
0.643230186394935,0.438042421581287,19,1,600124212
0.32442726685727,0.395544831394181,19,1,600124212
0.544677370473656,0.388162191235988,19,1,600124212
0.00784115399329144,0.58073265367413,19,1,600124212
0.158290719314772,0.459076376170829,19,1,600124212
0.339424641826922,0.37901908951758,19,1,600124212
0.895603236450487,0.947487423068232,19,1,600124212
0.163545519559453,0.0906663856832406,19,1,600124212
0.40475147408784,0.482824566218453,19,1,600124212
0.696330499653487,0.503100880186422,19,1,600124212
0.184378034399117,0.700993088609751,19,1,600124212
0.765569322647267,0.271642604106632,19,1,600124212
0.0944196033127802,0.223746927300378,19,1,600124212
0.268551190393371,0.0142943971730909,19,1,600124212
0.96796376950454,0.269159736163694,19,1,600124212
0.55622730579014,0.827966717212427,19,1,600124212
0.0120385053206038,0.872222812969649,19,1,600124212
0.0252162348071474,0.319097814406071,19,1,600124212
0.30294800329205,0.0135180836747359,19,1,600124212
0.133760631609461,0.888528206152048,19,1,600124212
0.159661399016198,0.927445484899228,19,1,600124212
0.528312505050491,0.651122971633332,19,1,600124212
0.574043621751826,0.909391668345217,19,1,600124212
0.313594623367518,0.0480021202381122,19,1,600124212
0.967198243666411,0.476872702555227,19,1,600124212
0.617345080467675,0.0946284629188918,19,1,600124212
0.485932188079005,0.517656946581516,19,1,600124212
0.389495218849519,0.215155864340172,19,1,600124212
0.257526598481221,0.23286792856774,19,1,600124212
0.85836114993421,0.779223608131658,19,1,600124212
0.0345857354163348,0.939434590685419,19,1,600124212
0.657924204871339,0.211362249904636,19,1,600124212
0.381147547366912,0.988472269139355,19,1,600124212
0.132351452337388,0.0773230351979914,19,1,600124212
0.267336876885528,0.598785681199949,19,1,600124212
0.808109834678271,0.809950345736912,19,1,600124212
0.530417595047816,0.420768231934424,19,1,600124212
0.56330345184492,0.0559241067001737,19,1,600124212
0.0941311806792937,0.676059853592979,19,1,600124212
0.337188304929775,0.952537391724132,19,1,600124212
0.789061167298009,0.980640807366661,19,1,600124212
0.387684970207505,0.44171720881505,19,1,600124212
0.910874909519859,0.637425599809125,19,1,600124212
0.693073214876437,0.546397633107846,19,1,600124212
0.627901186162014,0.152412475681119,19,1,600124212
0.98123367334889,0.695531896633403,19,1,600124212
0.608920949273848,0.973980344516436,19,1,600124212
0.813059603653763,0.971711298201541,19,1,600124212
0.152656518490283,0.688315534896428,19,1,600124212
0.107671830935744,0.142960428060791,19,1,600124212
0.263242072050513,0.117636106708382,19,1,600124212
0.602614945054893,0.284199128714044,19,1,600124212
0.90325468724973,0.227999402505075,19,1,600124212
0.718956006524361,0.704708343142818,19,1,600124212
0.228486932209025,0.442489966058961,19,1,600124212
0.280686149553724,0.9105204162118,19,1,600124212
0.00475675618944482,0.0123255128389363,19,1,600124212
0.457237643933253,0.450162420334766,19,1,600124212
0.330117766959169,0.0237290033153101,19,1,600124212
0.871264127129949,0.981713227211612,19,1,600124212
0.823158192517317,0.0338191340127514,19,1,600124212
0.0163238716659715,0.901041576682269,19,1,600124212
0.227303732669552,0.723787136110723,19,1,600124212
0.764710625672295,0.863504328070468,19,1,600124212
0.816166641428633,0.537309437460073,19,1,600124212
0.205918509013939,0.780279016667018,19,1,600124212
0.650658387848676,0.484586580006046,19,1,600124212
0.366481393245446,0.793159087884863,19,1,600124212
0.00659985792993023,0.453991643796106,19,1,600124212
0.40507915919197,0.45401260260909,19,1,600124212
0.816612602926913,0.239298511473212,19,1,600124212
0.900113743082992,0.655240365672798,19,1,600124212
0.39532787665263,0.589271199923924,19,1,600124212
0.8593292729379,0.9967956305286,19,1,600124212
0.921866200874794,0.0221265723854689,19,1,600124212
0.065752260713307,0.0115939334649937,19,1,600124212
0.49121507409424,0.579274414913074,19,1,600124212
0.133418101180796,0.169977223449228,19,1,600124212
0.586934457733899,0.554665058996095,19,1,600124212
0.69172271030222,0.592661041844636,19,1,600124212
0.755367366871704,0.0227440226357472,19,1,600124212
0.512451927705061,0.124684841922551,19,1,600124212
0.427902878262091,0.0927527889774673,19,1,600124212
0.393151244772645,0.284847415901401,19,1,600124212
0.0336601728524917,0.341527417923595,19,1,600124212
0.999603117267082,0.630543313856225,19,1,600124212
0.823030589728188,0.752064849927078,19,1,600124212
0.963934980185314,0.879520404908748,19,1,600124212
0.91112340857546,0.707618334212306,19,1,600124212
0.114015874059078,0.953534798003283,19,1,600124212
0.943379524369411,0.792190163350763,19,1,600124212
0.830374406517785,0.331760453631382,19,1,600124212
0.469208842335486,0.855961977361681,19,1,600124212
0.479344489222235,0.680885942063209,19,1,600124212
0.5328168295951,0.0555864208366543,19,1,600124212
0.412480952580237,0.942388929223588,19,1,600124212
0.517572549730691,0.852550207869995,19,1,600124212
0.916286217012815,0.32551070587601,19,1,600124212
0.962280326663853,0.510960572788344,19,1,600124212
0.589255106879835,0.231432086798737,19,1,600124212
0.257499331247002,0.232574577629317,19,1,600124212
0.180502379065148,0.871255428428596,19,1,600124212
0.524397336631163,0.539237415761355,19,1,600124212
0.115982641228631,0.12748172674462,19,1,600124212
0.975033833287521,0.450214856041205,19,1,600124212
0.944311104469847,0.970971659468656,19,1,600124212
0.139123876555616,0.633913536270936,19,1,600124212
0.688955192510823,0.489424935005999,19,1,600124212
0.849400354209478,0.168096549029098,19,1,600124212
0.593937128630468,0.419648691536236,19,1,600124212
0.2394673997795,0.133610157511045,19,1,600124212
0.338801566503824,0.996656733662972,19,1,600124212
0.116874427315446,0.730270415035148,19,1,600124212
0.0548783346813722,0.34777993913008,19,1,600124212
0.805938672738684,0.710430845499498,19,1,600124212
0.0433208348034044,0.764749754459733,19,1,600124212
0.0851039069180719,0.514993188647816,19,1,600124212
0.698451625644458,0.345098311415072,19,1,600124212
0.526842801661828,0.16995201534212,19,1,600124212
0.108447497951868,0.555636815778772,19,1,600124212
0.0429275089759189,0.765113204503095,19,1,600124212
0.570232662163817,0.756281168881743,19,1,600124212
0.703554066440685,0.537944380168088,19,1,600124212
0.958732999804735,0.852158625146316,19,1,600124212
0.918747300316212,0.665718309776824,19,1,600124212
0.574749766840693,0.48131368283786,19,1,600124212
0.0930454411707817,0.274049435397046,19,1,600124212
0.612548176660002,0.729099187026081,19,1,600124212
0.41269156938138,0.82145062230571,19,1,600124212
0.855456014190251,0.111659117482562,19,1,600124212
0.718883228753561,0.710485790130264,19,1,600124212
0.0315302959339228,0.881458425045064,19,1,600124212
0.0235732013373724,0.357050318541627,19,1,600124212
0.655606214164346,0.130241758502166,19,1,600124212
0.0733508564193626,0.117792061417576,19,1,600124212
0.148898732754672,0.627727947722138,19,1,600124212
0.522825241067479,0.460871797226162,19,1,600124212
0.737815622376626,0.880102975771153,19,1,600124212
0.274757889574014,0.460038782249418,19,1,600124212
0.237751686277679,0.91723067437951,19,1,600124212
0.0906286149174349,0.218238754204489,19,1,600124212
0.540982683987949,0.489467654833502,19,1,600124212
0.714525812807957,0.706665188115652,19,1,600124212
0.792286522736656,0.785684654172011,19,1,600124212
0.136108823344664,0.820265714820257,19,1,600124212
0.941414353320944,0.127455113132507,19,1,600124212
0.494027327702383,0.631445126158755,19,1,600124212
0.632711443668622,0.77714307822914,19,1,600124212
0.449460332831535,0.611384158673246,19,1,600124212
0.210892564405831,0.305848349168273,19,1,600124212
0.203146805021237,0.664211966775374,19,1,600124212
0.33051966056904,0.0301973649595164,19,1,600124212
0.116986933247158,0.991816554702095,19,1,600124212
0.584835345544822,0.667339042063346,19,1,600124212
0.472946054824215,0.396536234855557,19,1,600124212
0.148492625595708,0.586624877647876,19,1,600124212
0.394263776399883,0.825405650512552,19,1,600124212
0.968035489413685,0.88867635526321,19,1,600124212
0.370646802576092,0.305013993026141,19,1,600124212
0.241432466545199,0.600893103524209,19,1,600124212
0.239822047436696,0.961712981070082,19,1,600124212
0.129804680706769,0.524704650305035,19,1,600124212
0.593543423297827,0.315234814177345,19,1,600124212
0.926581974315408,0.18378182673854,19,1,600124212
0.43052420788665,0.92963989620319,19,1,600124212
0.0568559186058719,0.352934436829869,19,1,600124212
0.451892525335772,0.264219501877999,19,1,600124212
0.0756242208677032,0.208335601306527,19,1,600124212
0.319131192545013,0.236844742646698,19,1,600124212
0.216422256176589,0.194624767932932,19,1,600124212
0.507202837867472,0.0099149994412997,19,1,600124212
0.525586048100519,0.863310224682743,19,1,600124212
0.271993766316946,0.741199068917461,19,1,600124212
0.459541700920391,0.313352465118589,19,1,600124212
0.21886641872979,0.810883035217485,19,1,600124212
0.622117695060676,0.220476321501172,19,1,600124212
0.415168440415518,0.205326089549496,19,1,600124212
0.413397342269329,0.813362696239019,19,1,600124212
0.948419482273184,0.782066058329425,19,1,600124212
0.314850565004193,0.552794086823353,19,1,600124212
0.749597677980291,0.537700128592456,19,1,600124212
0.691819849597468,0.777323936615714,19,1,600124212
0.761983477372226,0.645876339804151,19,1,600124212
0.350995833928293,0.0694035327396465,19,1,600124212
0.855901424575341,0.808695220185195,19,1,600124212
0.444662050259969,0.00624401572010225,19,1,600124212
0.695092544477243,0.467880923168423,19,1,600124212
0.889971239575379,0.0883391281294772,19,1,600124212
0.10082971525036,0.64132973823742,19,1,600124212
0.0436483053100698,0.231855823368107,19,1,600124212
0.644205534623062,0.988112567365321,19,1,600124212
0.912827090340342,0.915496486085223,19,1,600124212
0.69718878014287,0.987140522959717,19,1,600124212
0.0633839444291384,0.0732608726491124,19,1,600124212
0.560465370216185,0.8987824515536,19,1,600124212
0.915080787621239,0.528376279650711,19,1,600124212
0.888655672365419,0.0214926920070129,19,1,600124212
0.179251675106623,0.848348539267223,19,1,600124212
0.494773238514036,0.593321389256427,19,1,600124212
0.520651109336932,0.320549490455086,19,1,600124212
0.350422392333227,0.0280807130941634,19,1,600124212
0.207109551952673,0.467305895270497,19,1,600124212
0.465750249549136,0.39672347289494,19,1,600124212
0.537688187571684,0.0207633333435795,19,1,600124212
0.809723652953966,0.323436633927831,19,1,600124212
0.840119615789831,0.808900011260026,19,1,600124212
0.608704703222274,0.612000580142357,19,1,600124212
0.00926658766100807,0.161084293305283,19,1,600124212
0.265562871985622,0.669628491929946,19,1,600124212
0.744181681724052,0.692528107853187,19,1,600124212
0.94949882572635,0.841986235911921,19,1,600124212
0.733672095453821,0.245013941952195,19,1,600124212
0.578750300422236,0.936073215518664,19,1,600124212
0.00602882371136637,0.316159559137399,19,1,600124212
0.249591598169586,0.122456659395821,19,1,600124212
0.428290323188772,0.986035940379719,19,1,600124212
0.781584312781658,0.405018931124326,19,1,600124212
0.0538202008483371,0.00134070942937381,19,1,600124212
0.77382951099194,0.0667885660909491,19,1,600124212
0.195841227114947,0.566252220828122,19,1,600124212
0.196592116218974,0.605024355454058,19,1,600124212
0.636043139289383,0.895167181952275,19,1,600124212
0.209326671063187,0.8827842034395,19,1,600124212
