0.247019465708423,0.996484782548879,19,1,600124212
0.441886549472558,0.700488635025579,19,1,600124212
0.804960893319627,0.558571700515601,19,1,600124212
0.782296602376239,0.816321319734606,19,1,600124212
0.0586478493483273,0.941994131666721,19,1,600124212
0.455078677941631,0.243962789779841,19,1,600124212
0.68632440982599,0.0228789200523654,19,1,600124212
0.647241233869867,0.414107332951825,19,1,600124212
0.662342521236982,0.802663341872832,19,1,600124212
0.298697752246734,0.269970372706347,19,1,600124212
0.305851917089036,0.677652426570213,19,1,600124212
0.730275161757128,0.522558072532586,19,1,600124212
0.547099535632354,0.325434974367476,19,1,600124212
0.974869079224709,0.389743224073928,19,1,600124212
0.250521919760991,0.851461226628866,19,1,600124212
0.245110876219522,0.163310962401909,19,1,600124212
0.690360299470691,0.0231051383531318,19,1,600124212
0.343752181410355,0.841824132837495,19,1,600124212
0.47657289693282,0.786192047221423,19,1,600124212
0.325018349498707,0.117035002991547,19,1,600124212
0.630315992138561,0.848598635091685,19,1,600124212
0.863188958406053,0.835205019888164,19,1,600124212
0.0979715360537574,0.360008853148941,19,1,600124212
0.802308435134039,0.546808870968451,19,1,600124212
0.300121802752458,0.512249089420536,19,1,600124212
0.758136667453575,0.280045931901951,19,1,600124212
0.0925282933727649,0.136529842062862,19,1,600124212
0.864741115135268,0.0916918304858747,19,1,600124212
0.524737385257025,0.799381533427156,19,1,600124212
0.116980599379506,0.147702458907671,19,1,600124212
0.656536769313793,0.253193619351314,19,1,600124212
0.823220024764987,0.877400809255859,19,1,600124212
0.164970969976866,0.56234336406833,19,1,600124212
0.743384648365151,0.264142359031116,19,1,600124212
0.0134892557639299,0.173594765749368,19,1,600124212
0.816520936931616,0.474250537402589,19,1,600124212
0.968467433327586,0.336193718458303,19,1,600124212
0.345693106135568,0.886078106121094,19,1,600124212
0.919828037645447,0.008037062412801,19,1,600124212
0.152090709635256,0.132249075335202,19,1,600124212
0.126793442372097,0.110367778347371,19,1,600124212
0.114650627470871,0.695391804336926,19,1,600124212
0.593493277268222,0.483020215396812,19,1,600124212
0.0878325489019964,0.736970863926135,19,1,600124212
0.571199589081755,0.322197757247243,19,1,600124212
0.32587974882989,0.293587749598908,19,1,600124212
0.577643474444042,0.753898228992844,19,1,600124212
0.634933121268685,0.704016686989182,19,1,600124212
0.109837133403878,0.112203691197124,19,1,600124212
0.0150230982566921,0.0220629156700207,19,1,600124212
0.0523909807445389,0.576841861240686,19,1,600124212
0.453212569084401,0.503613901030604,19,1,600124212
0.383442751424895,0.341499228582162,19,1,600124212
0.498142256568296,0.132201564341696,19,1,600124212
0.543528407156702,0.840093309755826,19,1,600124212
0.524643371884487,0.571895412554719,19,1,600124212
0.0475493699032876,0.151064808168829,19,1,600124212
0.497846598843695,0.221694813548353,19,1,600124212
0.788646276330222,0.874808192327747,19,1,600124212
0.998519032420991,0.0840601301579573,19,1,600124212
0.86701818039044,0.0128803098683941,19,1,600124212
0.201074553952313,0.53909610643675,19,1,600124212
0.296956666960213,0.524925126517802,19,1,600124212
0.797022442830667,0.243193927522286,19,1,600124212
0.150374526154286,0.997477970950305,19,1,600124212
0.572292647932342,0.96610501256029,19,1,600124212
0.76194474640543,0.738983747474148,19,1,600124212
0.277367233543413,0.645350363032941,19,1,600124212
0.306174429150445,0.800904842737242,19,1,600124212
0.991891632335577,0.765398728594218,19,1,600124212
0.503613202255394,0.347224216827088,19,1,600124212
0.222056140982253,0.226259307512843,19,1,600124212
0.350766876442879,0.0843891610430703,19,1,600124212
0.138086243624419,0.61409268610661,19,1,600124212
0.304880515462779,0.888894994293433,19,1,600124212
0.759389770627766,0.419728384328288,19,1,600124212
0.187998523881149,0.834211563171501,19,1,600124212
0.603386981760367,0.805122162835219,19,1,600124212
0.16547814297883,0.933295209301516,19,1,600124212
0.00452291840808527,0.143784410374363,19,1,600124212
0.0186694156579374,0.710357127825221,19,1,600124212
0.945918690565271,0.290764679381378,19,1,600124212
0.530215668119383,0.550745658662855,19,1,600124212
0.459466453879122,0.791345215784769,19,1,600124212
0.746715332564905,0.756899476824474,19,1,600124212
0.328626671241054,0.904558285227445,19,1,600124212
0.702519627310833,0.815919348205221,19,1,600124212
0.873127568570772,0.515242196472595,19,1,600124212
0.874309349658095,0.380036391592604,19,1,600124212
0.083611641898649,0.100256269377004,19,1,600124212
0.365231432089671,0.575681426976785,19,1,600124212
0.529530767743357,0.786132077256294,19,1,600124212
0.331339643085816,0.683216997414772,19,1,600124212
0.768543724600159,0.881447572568182,19,1,600124212
0.151472550504013,0.583893700193563,19,1,600124212
0.510633912658392,0.846488673112137,19,1,600124212
0.809621381112823,0.91257236911804,19,1,600124212
0.487010635711352,0.267830468282734,19,1,600124212
0.0417975838009688,0.678165312259871,19,1,600124212
0.171933860346058,0.574830427371062,19,1,600124212
0.473959341961059,0.827035635248619,19,1,600124212
0.339469529973027,0.232254347863154,19,1,600124212
0.0559711772159392,0.43848876116096,19,1,600124212
0.188150889287594,0.558308465655679,19,1,600124212
0.190688711463553,0.818523089119289,19,1,600124212
0.77653204617278,0.0627484245059318,19,1,600124212
0.807394018880292,0.408864175578713,19,1,600124212
0.762538398803502,0.926932020246507,19,1,600124212
0.59125459841574,0.65445836879581,19,1,600124212
0.365900385085943,0.430562692414543,19,1,600124212
0.703618695331908,0.433500611710256,19,1,600124212
0.542928879039055,0.0371111685475842,19,1,600124212
0.0943980647907461,0.413314701893834,19,1,600124212
0.657785065881016,0.144703226445576,19,1,600124212
0.328659917174345,0.867778986418168,19,1,600124212
0.199070942969318,0.854439534074831,19,1,600124212
0.167567462578626,0.00723296156202746,19,1,600124212
0.196041011120784,0.084611828156715,19,1,600124212
0.580922620756412,0.977039756467512,19,1,600124212
0.216897220864302,0.284703861049952,19,1,600124212
0.612682562988183,0.619955933838459,19,1,600124212
0.449572154047029,0.698407063809052,19,1,600124212
0.427496035333846,0.668918974556877,19,1,600124212
0.819035156200903,0.121843538040548,19,1,600124212
0.765193632399228,0.506797681669697,19,1,600124212
0.553982957275861,0.416785140727764,19,1,600124212
0.120171287111789,0.628283380458304,19,1,600124212
0.639599181085283,0.31031440935177,19,1,600124212
0.120928979965621,0.0268382064714296,19,1,600124212
0.0153806804026131,0.202210427779026,19,1,600124212
0.38183666637645,0.553781252872449,19,1,600124212
0.661611211052901,0.962477776683857,19,1,600124212
0.877563343894797,0.59692883952664,19,1,600124212
0.210887144934599,0.529219444350546,19,1,600124212
0.167632947428399,0.703700869460439,19,1,600124212
0.338331586337008,0.166929369713698,19,1,600124212
0.796712674887879,0.478724911299872,19,1,600124212
0.175544011593538,0.628892238436974,19,1,600124212
0.278006695661257,0.254714668236151,19,1,600124212
0.505907440120346,0.0359762709435119,19,1,600124212
0.184001708147672,0.60753636051748,19,1,600124212
0.291750799963086,0.0256083896958499,19,1,600124212
0.208044355976398,0.0136663187695969,19,1,600124212
0.419303034357015,0.872525709136189,19,1,600124212
0.723897658883107,0.320162023384743,19,1,600124212
0.0255643950598881,0.618564299406531,19,1,600124212
0.233552975311893,0.970736255308249,19,1,600124212
0.126981706947411,0.21818479531661,19,1,600124212
0.416806294242932,0.513480144348045,19,1,600124212
0.63886014695216,0.00745248407082322,19,1,600124212
0.860533989734249,0.256693208884065,19,1,600124212
0.463240923226405,0.332355565060798,19,1,600124212
0.413534283336387,0.454131977676473,19,1,600124212
0.374721802474581,0.986732781930382,19,1,600124212
0.616101647397397,0.732182867204834,19,1,600124212
0.28433082463682,0.134617834244765,19,1,600124212
0.650281397834223,0.92288425780375,19,1,600124212
0.152277948509848,0.463338929150807,19,1,600124212
0.879005439856318,0.280480384277831,19,1,600124212
0.964290099606304,0.146813333976835,19,1,600124212
0.500233527344984,0.342382022642202,19,1,600124212
0.452804770138736,0.307983712619238,19,1,600124212
0.689297350947724,0.62823278626206,19,1,600124212
0.0754775454291297,0.168443058105558,19,1,600124212
0.683613338029947,0.884507425786205,19,1,600124212
0.876144796538002,0.474711346211218,19,1,600124212
0.546109293564792,0.849395164780113,19,1,600124212
0.464819139844543,0.184713641681634,19,1,600124212
0.570743650750637,0.576508189604362,19,1,600124212
0.0863184746868324,0.182540997213101,19,1,600124212
0.445404594164791,0.658336535738058,19,1,600124212
0.203358405509594,0.670400315357067,19,1,600124212
0.860598743539474,0.347172762964857,19,1,600124212
0.214867067883765,0.993477604511471,19,1,600124212
0.684348312111542,0.552776734339515,19,1,600124212
0.49635845940076,0.683572456326812,19,1,600124212
0.570644770488498,0.956484892887746,19,1,600124212
0.163165245939315,0.187155244049642,19,1,600124212
0.536326946175383,0.111551134833015,19,1,600124212
0.897504474904633,0.489667559130437,19,1,600124212
0.485251738707525,0.958351218771916,19,1,600124212
0.106394063724282,0.151875425006399,19,1,600124212
0.0934731631015264,0.230284668489775,19,1,600124212
0.880390274949052,0.0108484538688272,19,1,600124212
0.740139950428032,0.458914822452461,19,1,600124212
0.913643091932775,0.409485012859572,19,1,600124212
0.295626330326965,0.952180323528692,19,1,600124212
0.354746536734635,0.717468218590096,19,1,600124212
0.991591892908433,0.557771392138853,19,1,600124212
0.491987783985773,0.874629767578198,19,1,600124212
0.623748541274885,0.622100204956464,19,1,600124212
0.122821602950446,0.0787848938149098,19,1,600124212
0.245969272326944,0.715581502566763,19,1,600124212
0.996740009384429,0.944971493392455,19,1,600124212
0.532900721365498,0.799674752616096,19,1,600124212
0.92439354027446,0.798071377878815,19,1,600124212
0.693263820200746,0.521430855386849,19,1,600124212
0.38989406473549,0.0164430767726245,19,1,600124212
0.192581926375953,0.660849238188939,19,1,600124212
0.545537778592215,0.815227421961197,19,1,600124212
0.871531905791402,0.102627396813101,19,1,600124212
0.757993284750943,0.567601793484603,19,1,600124212
0.844725994830177,0.937532667980101,19,1,600124212
0.263137545853613,0.592856252343371,19,1,600124212
0.171384725069704,0.289888389158553,19,1,600124212
0.912255349222881,0.83571154626967,19,1,600124212
0.810111858956279,0.828961069036641,19,1,600124212
0.69048090152359,0.301055119070218,19,1,600124212
0.339919089743003,0.244362804053788,19,1,600124212
0.855247042690159,0.926057375747166,19,1,600124212
0.635910141542959,0.772790525217684,19,1,600124212
0.258036676136963,0.844690002039515,19,1,600124212
0.476111850980793,0.31003555948639,19,1,600124212
0.657136370194968,0.774943539294917,19,1,600124212
0.152416167446986,0.351516514988765,19,1,600124212
0.440738865472706,0.0404125572529912,19,1,600124212
0.815499974664002,0.470853089737926,19,1,600124212
0.289079694592661,0.312402933330799,19,1,600124212
0.375549493925959,0.837526543648067,19,1,600124212
0.969631754398277,0.766777970211646,19,1,600124212
0.669716861736084,0.733630345965878,19,1,600124212
0.212216840764061,0.573598063692791,19,1,600124212
0.497403921624032,0.664632667859416,19,1,600124212
0.191634536207085,0.0966614891119619,19,1,600124212
0.528989813911767,0.589057126418574,19,1,600124212
0.367497483493622,0.0906100609659179,19,1,600124212
0.67963851093235,0.225589328609426,19,1,600124212
0.387243113337595,0.45023987246249,19,1,600124212
0.169591005156859,0.855658437784684,19,1,600124212
0.570261758402034,0.235090564707411,19,1,600124212
0.332201282196307,0.819455406816911,19,1,600124212
0.391181095419179,0.809684919199339,19,1,600124212
0.636704810272513,0.011306115535231,19,1,600124212
0.194572818945074,0.247122152425468,19,1,600124212
0.275302033380107,0.061521928549966,19,1,600124212
0.287573164770368,0.767521474160636,19,1,600124212
0.417846945883601,0.137335235615267,19,1,600124212
0.90611805035716,0.635158165933879,19,1,600124212
0.0662697285624745,0.457131324683809,19,1,600124212
0.256134903690239,0.54420856594211,19,1,600124212
0.11744307894738,0.184933689817662,19,1,600124212
0.278551383986865,0.314473299666383,19,1,600124212
0.680858069206803,0.0990707082538009,19,1,600124212
0.754761298060543,0.235238615119279,19,1,600124212
0.706360822661131,0.409046686162858,19,1,600124212
0.0236257104605455,0.291500183647599,19,1,600124212
0.32787529061137,0.972265852220598,19,1,600124212
0.965762253558826,0.928845854965144,19,1,600124212
0.955294284964376,0.554917884424258,19,1,600124212
0.142200277647476,0.756396060381072,19,1,600124212
0.448941191426074,0.922951652577745,19,1,600124212
0.871732148616467,0.700121891867611,19,1,600124212
0.216271545062117,0.435458308002421,19,1,600124212
0.618013208807762,0.748806439206544,19,1,600124212
0.679350694677282,0.971704362081998,19,1,600124212
0.410192768105461,0.315507142626728,19,1,600124212
0.252255430111139,0.778818179533056,19,1,600124212
0.552384106193613,0.60826311877369,19,1,600124212
0.610805466243047,0.0551544463224394,19,1,600124212
0.147018641922381,0.209374291476314,19,1,600124212
0.895048253741396,0.136058572392537,19,1,600124212
0.96750077255763,0.442550456622409,19,1,600124212
0.218624523028515,0.851144494157886,19,1,600124212
0.524213016157346,0.876756770135478,19,1,600124212
0.486444688195999,0.302593590385682,19,1,600124212
0.521263916192422,0.831867408944228,19,1,600124212
0.761582770365168,0.818556240369999,19,1,600124212
0.964635502555991,0.743640102829963,19,1,600124212
0.724997452390678,0.800852023760189,19,1,600124212
0.527930487436286,0.239316061489935,19,1,600124212
0.271991316491791,0.354062185227187,19,1,600124212
0.834626916127025,0.163099300056191,19,1,600124212
0.480503479371085,0.222889565848348,19,1,600124212
0.557503757803182,0.725964942985772,19,1,600124212
0.426964993864804,0.679935359425495,19,1,600124212
0.890334910950007,0.0229165123939459,19,1,600124212
0.447895639990145,0.853101340079504,19,1,600124212
0.916674286000659,0.198111842891631,19,1,600124212
0.783331074875801,0.915173173514896,19,1,600124212
0.447237614034593,0.334263010174712,19,1,600124212
0.99989850688457,0.361492360112192,19,1,600124212
0.909329945244104,0.256331164791137,19,1,600124212
0.858985409269136,0.602936592689865,19,1,600124212
0.622553133362948,0.549772903707955,19,1,600124212
0.72551180304146,0.790023361660515,19,1,600124212
0.215548217225292,0.872996198912876,19,1,600124212
0.466865980910508,0.729064620909573,19,1,600124212
0.815738214175816,0.322490159131357,19,1,600124212
0.771340829407358,0.62821772564607,19,1,600124212
0.312139480506344,0.379818727436726,19,1,600124212
0.526213366069135,0.468963023936171,19,1,600124212
0.907582325076337,0.352341698646903,19,1,600124212
0.051990445617041,0.519542042111348,19,1,600124212
0.770398137751807,0.784068110045281,19,1,600124212
0.0615426144902242,0.957978172139566,19,1,600124212
0.613792682723417,0.324571484455324,19,1,600124212
0.207008111106025,0.0266411219759934,19,1,600124212
0.429525452468489,0.946329367658052,19,1,600124212
0.0335854474504664,0.481411016532904,19,1,600124212
0.829453179133004,0.592418979463124,19,1,600124212
0.236438043682852,0.314183431553686,19,1,600124212
0.590312321344978,0.471459090524998,19,1,600124212
0.502635212036691,0.854754831524073,19,1,600124212
0.832060143919295,0.175897766324328,19,1,600124212
0.95747419581037,0.433190311601758,19,1,600124212
0.705925145848561,0.761362384672559,19,1,600124212
0.276521666679967,0.900961445404882,19,1,600124212
0.796597902467259,0.80550616068139,19,1,600124212
0.0513031797461325,0.201772662842894,19,1,600124212
0.937057465838643,0.517950046687719,19,1,600124212
0.279285153409364,0.710952964325765,19,1,600124212
0.137671590996125,0.0657148140759463,19,1,600124212
0.395996136284044,0.0198205975399626,19,1,600124212
0.0756460046733471,0.601513195316538,19,1,600124212
0.193874554025693,0.156494336778837,19,1,600124212
0.524561903852903,0.97098933067165,19,1,600124212
0.125132891269269,0.945694667155885,19,1,600124212
0.0937841931644243,0.159687469511537,19,1,600124212
0.762225811604439,0.487145626914788,19,1,600124212
0.557010226704127,0.800348654845636,19,1,600124212
0.733428286063854,0.679536581763363,19,1,600124212
0.36945904283857,0.767447849802789,19,1,600124212
0.555079714296399,0.222170899680617,19,1,600124212
0.0356493056332596,0.688132475655012,19,1,600124212
0.747632394795986,0.806858343005866,19,1,600124212
0.627657436471481,0.319287754187748,19,1,600124212
0.820744384149017,0.874250350706936,19,1,600124212
0.2977346599104,0.25877987196415,19,1,600124212
0.867905076971162,0.774253785738152,19,1,600124212
0.0831552794632326,0.414867797491668,19,1,600124212
0.520894630141853,0.501418056895179,19,1,600124212
0.945784672190438,0.425457084748942,19,1,600124212
0.461362686321209,0.977874694484997,19,1,600124212
0.661490341923076,0.762074796807016,19,1,600124212
0.757023056486847,0.0947038081734632,19,1,600124212
0.180650991539183,0.494957895736238,19,1,600124212
0.674550618533568,0.419187226602001,19,1,600124212
0.241722811455849,0.860820357230464,19,1,600124212
0.386080279045638,0.814885251412,19,1,600124212
0.612371113330786,0.588187973644183,19,1,600124212
0.739636697210959,0.534875189580452,19,1,600124212
0.879718416618234,0.410489009119472,19,1,600124212
0.171580432649416,0.090154721735427,19,1,600124212
0.983903003635992,0.21974754018215,19,1,600124212
0.708119007587493,0.546009183222654,19,1,600124212
0.405566692466482,0.110359974094152,19,1,600124212
0.116488531213832,0.870499386971657,19,1,600124212
0.0090876603617156,0.669034147075144,19,1,600124212
0.026042572416821,0.968507544046307,19,1,800145754
0.577296739173139,0.37131071773192,19,1,800145754
0.331826273996467,0.00130339504653154,19,1,800145754
0.298506679886943,0.678807583239851,19,1,800145754
0.181547261814724,0.292767992669538,19,1,800145754
0.873029947491155,0.600826335711492,19,1,800145754
0.890595664720927,0.702214099280856,19,1,800145754
0.374723792295266,0.218736362419017,19,1,800145754
0.40659549713255,0.626366495512431,19,1,800145754
0.712525950326576,0.960892881606827,19,1,800145754
0.597591641994401,0.479929136422134,19,1,800145754
0.22983869289876,0.482975893904175,19,1,800145754
0.271713751089416,0.840355851029546,19,1,800145754
0.102847861853813,0.314239211800943,19,1,800145754
0.855685200065061,0.610183554415028,19,1,800145754
0.0396053217279269,0.5332080241945,19,1,800145754
0.82230435498606,0.280830921742166,19,1,800145754
0.256921230106197,0.551101515857232,19,1,800145754
0.299218239577302,0.207707785558923,19,1,800145754
0.205751633244823,0.549072794448002,19,1,800145754
0.46314321408341,0.0949742918826484,19,1,800145754
0.802176661750634,0.422647770489951,19,1,800145754
0.704237277663899,0.386050739299083,19,1,800145754
0.293682049645856,0.0479096660309257,19,1,800145754
0.297043491952353,0.365305702836883,19,1,800145754
0.121705155976922,0.12965173187085,19,1,800145754
0.910847000200183,0.615294914027753,19,1,800145754
0.804957394642154,0.585303601754399,19,1,800145754
0.173361235595766,0.785590635729224,19,1,800145754
0.579660109370209,0.0715569365026003,19,1,800145754
0.849957449657806,0.865017672637977,19,1,800145754
0.991482852818257,0.308795884326621,19,1,800145754
0.995263038698739,0.943263289572578,19,1,800145754
0.523983696868418,0.613749526115511,19,1,800145754
0.185528693023129,0.731361941506913,19,1,800145754
0.53680691646154,0.912903427304137,19,1,800145754
0.220155059800374,0.567870495259291,19,1,800145754
0.688443344808469,0.562932827926615,19,1,800145754
0.950706880998071,0.54209759963991,19,1,800145754
0.983050726879673,0.68251323746996,19,1,800145754
0.805168895934329,0.857708796029034,19,1,800145754
0.0721691167184524,0.302841403925659,19,1,800145754
0.166354636814344,0.336208298272348,19,1,800145754
0.763289723951063,0.559631963442544,19,1,800145754
0.655533494200706,0.271427422513725,19,1,800145754
0.373838938139507,0.684109341500856,19,1,800145754
0.103258328198129,0.0945035125711007,19,1,800145754
0.160348585937412,0.0117502671761009,19,1,800145754
0.116804716555034,0.317728216680736,19,1,800145754
0.999358769531651,0.700262269513298,19,1,800145754
0.253580195849693,0.39134670466007,19,1,800145754
0.173519193118619,0.589814561345486,19,1,800145754
0.0002381374659568,0.557663027256342,19,1,800145754
0.884473166326158,0.861486895334536,19,1,800145754
0.316820648143739,0.841053068692461,19,1,800145754
0.791177111544986,0.650433541462624,19,1,800145754
0.323325283048213,0.30330643561433,19,1,800145754
0.36888890964721,0.786476957987784,19,1,800145754
0.922452813278229,0.386779283132199,19,1,800145754
0.628565547473637,0.708555033613314,19,1,800145754
0.0746172322324483,0.211852415537459,19,1,800145754
0.625378984367011,0.610558165538713,19,1,800145754
0.857562909740578,0.265457824068284,19,1,800145754
0.753231186564029,0.791470484270191,19,1,800145754
0.499985340873571,0.525777037236119,19,1,800145754
0.828885953199981,0.311083096356198,19,1,800145754
0.106900019307804,0.887853305693617,19,1,800145754
0.0589684407556916,0.701539979715381,19,1,800145754
0.576683385474864,0.872496941226832,19,1,800145754
0.866226367307212,0.551050167493807,19,1,800145754
0.983087864986661,0.743716880295949,19,1,800145754
0.190338146504677,0.686428316458788,19,1,800145754
0.23027038968086,0.36242426037065,19,1,800145754
0.674983430881571,0.469995564378762,19,1,800145754
0.768359761050324,0.339759858965236,19,1,800145754
0.281969775078188,0.607919178068246,19,1,800145754
0.668525639562038,0.471040245788568,19,1,800145754
0.726932309258136,0.911517247976242,19,1,800145754
0.65905053785471,0.705286726348157,19,1,800145754
0.545339128731024,0.420951648112945,19,1,800145754
0.121186789317361,0.606017451500072,19,1,800145754
0.322976300245165,0.808190138525334,19,1,800145754
0.203992360119743,0.871273771603859,19,1,800145754
0.601688241795108,0.34855661497927,19,1,800145754
0.77784063197005,0.954473846753229,19,1,800145754
0.946818070097245,0.440435345885077,19,1,800145754
0.258637913362987,0.0544483310779036,19,1,800145754
0.22371120635045,0.222020482880933,19,1,800145754
0.447754884351341,0.22750204682224,19,1,800145754
0.18876424102057,0.184075811305671,19,1,800145754
0.775773032743927,0.192047226924352,19,1,800145754
0.68552423868115,0.893763702045029,19,1,800145754
0.0784820606807815,0.335090700674395,19,1,800145754
0.0313922939844407,0.326410712200463,19,1,800145754
0.438932802978068,0.191647557810006,19,1,800145754
0.374987789665759,0.6825911592923,19,1,800145754
0.703905796297428,0.727181756403533,19,1,800145754
0.527274370578011,0.57736711255289,19,1,800145754
0.853297106529644,0.0891184982071032,19,1,800145754
0.930726458759313,0.294318273814146,19,1,800145754
0.974691559041834,0.398916183767432,19,1,800145754
0.543864924868394,0.359241548172296,19,1,800145754
0.658749094440001,0.976465060719626,19,1,800145754
0.879136108173016,0.476520259706801,19,1,800145754
0.391256136776089,0.79136950644028,19,1,800145754
0.309021837817376,0.959688446988229,19,1,800145754
0.731649336549273,0.210973583245385,19,1,800145754
0.72012670221008,0.47632397807412,19,1,800145754
0.407505375903892,0.761906305458553,19,1,800145754
0.318447489653008,0.929103548785385,19,1,800145754
0.621946983948009,0.498393894080624,19,1,800145754
0.912051961013544,0.589727586976262,19,1,800145754
0.529646928511934,0.400117247094341,19,1,800145754
0.654986349884633,0.841560064289748,19,1,800145754
0.263653316624061,0.50576493250548,19,1,800145754
0.557810574910574,0.921255328026194,19,1,800145754
0.397918338021286,0.784179494714411,19,1,800145754
0.997360410713623,0.177677655181432,19,1,800145754
0.597444782253771,0.506757993327624,19,1,800145754
0.918400161020251,0.867559024858107,19,1,800145754
0.433961076624355,0.902098832041017,19,1,800145754
0.318886975903485,0.893871196971437,19,1,800145754
0.662135662647803,0.556932897321963,19,1,800145754
0.135239021449938,0.770398575610646,19,1,800145754
0.112929841740682,0.111400133665605,19,1,800145754
0.239007770008437,0.526453581233453,19,1,800145754
0.587223691555754,0.912615015626189,19,1,800145754
0.27788677259934,0.744166643981234,19,1,800145754
0.143557147119756,0.0731171059166655,19,1,800145754
0.550030550383074,0.237834608883504,19,1,800145754
0.925137532994995,0.591521078413091,19,1,800145754
0.170117333645146,0.606780191588191,19,1,800145754
0.324873503921706,0.544773813703793,19,1,800145754
0.364759634180562,0.930622672540752,19,1,800145754
0.47957638579408,0.707969166707088,19,1,800145754
0.386052521406805,0.849121664609104,19,1,800145754
0.274544010139311,0.484992578782576,19,1,800145754
0.189696664478589,0.880314868176212,19,1,800145754
0.339557524190907,0.896099157525739,19,1,800145754
0.652900361919499,0.576411929651936,19,1,800145754
0.814491462889427,0.0029474164480634,19,1,800145754
0.184049323041729,0.986204977347455,19,1,800145754
0.489509347329846,0.740582957723912,19,1,800145754
0.858405151976456,0.395055689587648,19,1,800145754
0.286252208429134,0.336439329711125,19,1,800145754
0.830944133944075,0.61004334624813,19,1,800145754
0.557712827077694,0.121104739092866,19,1,800145754
0.861790510232442,0.295697084322884,19,1,800145754
0.594562455201919,0.0867259177357624,19,1,800145754
0.139360123099619,0.724116888261651,19,1,800145754
0.657029879818193,0.852992400314388,19,1,800145754
0.709402444436359,0.416431331134554,19,1,800145754
0.591850563089127,0.930953213624186,19,1,800145754
0.646651972649352,0.462950706116954,19,1,800145754
0.153285445030591,0.571837772828068,19,1,800145754
0.556595794768063,0.624281122381425,19,1,800145754
0.231915115282304,0.357120826642382,19,1,800145754
0.0447116530942786,0.127498208662177,19,1,800145754
0.553602517687975,0.144950583496805,19,1,800145754
0.831593956361973,0.294867878452367,19,1,800145754
0.250181188362244,0.422768309801095,19,1,800145754
0.927977772770696,0.201120013011483,19,1,800145754
0.730333124412121,0.645643292362601,19,1,800145754
0.587381810822943,0.257511913999433,19,1,800145754
0.00340958464018826,0.64513782450711,19,1,800145754
0.948858812559771,0.994169703923242,19,1,800145754
0.17456772625796,0.926160084550885,19,1,800145754
0.457132577341517,0.345783352758182,19,1,800145754
0.99073450452581,0.861396857735756,19,1,800145754
0.33599012472788,0.463205051086609,19,1,800145754
0.526509163366079,0.745431716057623,19,1,800145754
0.715574880742737,0.474939195638364,19,1,800145754
0.0424562518131808,0.747742935758309,19,1,800145754
0.915214996232905,0.415695271561936,19,1,800145754
0.556820358408969,0.620944592176645,19,1,800145754
0.504582171142864,0.905312319611203,19,1,800145754
0.138349030045706,0.444148872890904,19,1,800145754
0.331587219969212,0.0864812980232936,19,1,800145754
0.415554482905884,0.577928056912769,19,1,800145754
0.661933368797338,0.72754854444141,19,1,800145754
0.691456110198004,0.372490575333957,19,1,800145754
0.313686426602133,0.246031056040664,19,1,800145754
0.37591664408699,0.317000976375379,19,1,800145754
0.971421464657168,0.800707282575684,19,1,800145754
0.9360396829106,0.620361308842293,19,1,800145754
0.174293779594419,0.206099816964406,19,1,800145754
0.246769341696633,0.550481064039225,19,1,800145754
0.42866816248748,0.968901688373872,19,1,800145754
0.736011439120188,0.766531568597119,19,1,800145754
0.775319442963765,0.556869778283911,19,1,800145754
0.68310305853404,0.897502824491623,19,1,800145754
0.420678026896594,0.403578797364339,19,1,800145754
0.23199253253787,0.0662011996282166,19,1,800145754
0.181983021287997,0.0203707713445254,19,1,800145754
0.48970703176157,0.745972541345775,19,1,800145754
0.279284986443164,0.343345234484325,19,1,800145754
0.764144081681566,0.420046125527542,19,1,800145754
0.890363632986834,0.313830241279344,19,1,800145754
0.542351261350159,0.317306655039793,19,1,800145754
0.466899530511613,0.655672624625489,19,1,800145754
0.29147201986067,0.491700487957915,19,1,800145754
0.229291982000086,0.795333810086529,19,1,800145754
0.0414025120556385,0.485415107945212,19,1,800145754
0.269888210879945,0.516658729574501,19,1,800145754
0.270464962512908,0.100102560453404,19,1,800145754
0.519213219862734,0.317260888981179,19,1,800145754
0.461766019117866,0.392179937546669,19,1,800145754
0.0308807991617028,0.924568211490332,19,1,800145754
0.788864292132966,0.515842604312845,19,1,800145754
0.730965501907851,0.42826160970044,19,1,800145754
0.63981371432727,0.271931470352675,19,1,800145754
0.781440785662627,0.952615131440599,19,1,800145754
0.218400999871067,0.202843941969509,19,1,800145754
0.717161482877066,0.298750688579142,19,1,800145754
0.927222389148638,0.16752389733148,19,1,800145754
0.289177764105556,0.806276972087899,19,1,800145754
0.505531899697542,0.868147988907923,19,1,800145754
0.0830634956216176,0.720017332770094,19,1,800145754
0.789296709704213,0.164799356577014,19,1,800145754
0.286215666174717,0.380002112593481,19,1,800145754
0.149325594373204,0.0933666442928835,19,1,800145754
0.983393898634676,0.0580945230384431,19,1,800145754
0.306184756979323,0.459666788096364,19,1,800145754
0.661465093553109,0.18916483374372,19,1,800145754
0.0731080152568535,0.92530868397218,19,1,800145754
0.0894188699923886,0.841459476225756,19,1,800145754
0.44933488719825,0.916409872765346,19,1,800145754
0.204876701637323,0.67799012487012,19,1,800145754
0.345239327321015,0.0325932846290808,19,1,800145754
0.579179987910933,0.293874994151563,19,1,800145754
0.66117258459918,0.182113107329292,19,1,800145754
0.919993102595624,0.344111140596033,19,1,800145754
0.861911335923555,0.655879824845081,19,1,800145754
0.0248422305611387,0.897396248831293,19,1,800145754
0.866798162341934,0.320828360560131,19,1,800145754
0.755385533513965,0.639893231258209,19,1,800145754
0.246744162563915,0.550192231081446,19,1,800145754
0.745425968111311,0.417262025417522,19,1,800145754
0.89507143462238,0.0157070639334913,19,1,800145754
0.216628029862513,0.106575715947126,19,1,800145754
0.0228869117135528,0.106005961103039,19,1,800145754
0.347825923563784,0.950618256850679,19,1,800145754
0.906284286780948,0.296674437198696,19,1,800145754
0.257795775337911,0.862383607299012,19,1,800145754
0.385481088456244,0.0989148658748222,19,1,800145754
0.322511016086017,0.332178762552056,19,1,800145754
0.936648490106098,0.626005695760853,19,1,800145754
0.651212941743627,0.862354642235929,19,1,800145754
0.5962461198391,0.785018043806323,19,1,800145754
0.966583735340155,0.848236349104325,19,1,800145754
0.337410498061736,0.831162808372081,19,1,800145754
0.499990045752582,0.0690506914854152,19,1,800145754
0.442459206665998,0.318913333873658,19,1,800145754
0.355345998454877,0.561890815488109,19,1,800145754
0.510124691560336,0.864959958549517,19,1,800145754
0.419534774211936,0.160238875752798,19,1,800145754
0.182663394675072,0.513943609565284,19,1,800145754
0.689150359085956,0.305382080722687,19,1,800145754
0.733523549559361,0.967950593992506,19,1,800145754
0.208404355406157,0.62365821445421,19,1,800145754
0.317540710837109,0.185959978450963,19,1,800145754
0.218683499171071,0.0241613608643023,19,1,800145754
0.126040096587539,0.78257316172593,19,1,800145754
0.380364517355799,0.964280013176665,19,1,800145754
0.539167044273674,0.0784303886722171,19,1,800145754
0.643353277269359,0.907990744682634,19,1,800145754
0.119828828345523,0.60902523032265,19,1,800145754
0.377283384212896,0.703411011595922,19,1,800145754
0.778795086306988,0.994311303863801,19,1,800145754
0.0490252840121599,0.492096373548932,19,1,800145754
0.970230869861923,0.72406199650593,19,1,800145754
0.661999661306004,0.835266896646186,19,1,800145754
0.499273129011939,0.920175897802705,19,1,800145754
0.671194066418147,0.288434740874409,19,1,800145754
0.993293278809785,0.387235966642062,19,1,800145754
0.183356129514798,0.855888665403576,19,1,800145754
0.0869211383601005,0.851926992500486,19,1,800145754
0.149686867023481,0.272143255976913,19,1,800145754
0.450657487481076,0.51553989924364,19,1,800145754
0.451931389039916,0.96076192229079,19,1,800145754
0.801586927296185,0.571259486668717,19,1,800145754
0.608724565553784,0.898581047891699,19,1,800145754
0.505689355413444,0.627862531470546,19,1,800145754
0.986956536241681,0.899194921004841,19,1,800145754
0.303881009562959,0.729624772213189,19,1,800145754
0.586166983807824,0.0647381720578739,19,1,800145754
0.0448665705145928,0.357572032732743,19,1,800145754
0.236069087220439,0.21782405250682,19,1,800145754
0.850306784834375,0.756871812602889,19,1,800145754
0.342946926687681,0.0188482013415392,19,1,800145754
0.198602050357359,0.199074024442812,19,1,800145754
0.225369925459217,0.906308596534761,19,1,800145754
0.204976596029232,0.208719859314413,19,1,800145754
0.768883319530023,0.0720314261574739,19,1,800145754
0.0429390152710214,0.0148832100516909,19,1,800145754
0.284977611286144,0.126014524320178,19,1,800145754
0.662756086717142,0.174312968047424,19,1,800145754
0.537090211744358,0.859930048594169,19,1,800145754
0.694491061469445,0.12197444214416,19,1,800145754
0.299259176209863,0.469604792841565,19,1,800145754
0.624660686983299,0.591310566625595,19,1,800145754
0.149456551937152,0.092419880644206,19,1,800145754
0.794462480543132,0.13901745780275,19,1,800145754
0.378605618281894,0.746701667899523,19,1,800145754
0.646219458411728,0.214410215556525,19,1,800145754
0.506246825120218,0.323585715213671,19,1,800145754
0.11440739794917,0.171967117894941,19,1,800145754
0.762333674896843,0.041902524671698,19,1,800145754
0.503644458176527,0.791699759038559,19,1,800145754
0.220671760346083,0.0135697697954367,19,1,800145754
0.170658402147376,0.321846788767394,19,1,800145754
0.871743216188397,0.466523811033699,19,1,800145754
0.348209087422764,0.601508517258044,19,1,800145754
0.9008708329635,0.929373850705341,19,1,800145754
0.983131614754556,0.0810267243845741,19,1,800145754
0.119342478491818,0.428007778796527,19,1,800145754
0.185320063297004,0.218987837964733,19,1,800145754
0.776900588221962,0.024413513549981,19,1,800145754
0.0959118904306955,0.542660500691159,19,1,800145754
0.310574103906732,0.746505377582731,19,1,800145754
0.816060468926834,0.449441584126545,19,1,800145754
0.865198736708797,0.294507103163133,19,1,800145754
0.347262778245284,0.217245413346792,19,1,800145754
0.347728003637899,0.914462039790145,19,1,800145754
0.382425382204427,0.0798905688099998,19,1,800145754
0.219950412343927,0.0488040560854976,19,1,800145754
0.086764355186068,0.272721085713511,19,1,800145754
0.883197106043055,0.81837507440787,19,1,800145754
0.223711670025505,0.368071793504946,19,1,800145754
0.520979636667144,0.279705266607957,19,1,800145754
0.14191811463684,0.384258663070775,19,1,800145754
0.5965042588263,0.364256945324729,19,1,800145754
0.845534693623507,0.777509624981742,19,1,800145754
0.28833781614106,0.363540140821513,19,1,800145754
0.967327839565303,0.958577076235401,19,1,800145754
0.439825165504397,0.154502453492034,19,1,800145754
0.955103563109432,0.318903445898325,19,1,800145754
0.841048567663621,0.420105841053766,19,1,800145754
0.420477076406945,0.533379528697568,19,1,800145754
0.975207999832678,0.408798202150559,19,1,800145754
0.911508994045747,0.860686692926019,19,1,800145754
0.893986325459848,0.568589638459768,19,1,800145754
0.612435957592829,0.931367663507962,19,1,800145754
0.683512008420909,0.679337196606581,19,1,800145754
0.789722171464833,0.853723446401123,19,1,800145754
0.0810283490488031,0.728383761826369,19,1,800145754
0.292439960529045,0.330549243031405,19,1,800145754
0.225192695741748,0.516890351709453,19,1,800145754
0.915666134348781,0.24140820422973,19,1,800145754
0.633475467630581,0.275718304339061,19,1,800145754
0.607551658818839,0.791004196557815,19,1,800145754
0.525925851803386,0.420168943130627,19,1,800145754
0.708744383557983,0.858079723274342,19,1,800145754
0.834597844435198,0.693373468030805,19,1,800145754
0.394791245470121,0.344887061426153,19,1,800145754
0.528152779066509,0.70838967288684,19,1,800145754
0.831177388880878,0.793210678107253,19,1,800145754
0.862160097166897,0.882686835073478,19,1,800145754
0.604487064212501,0.275704531891969,19,1,800145754
0.457245560928331,0.897477127179381,19,1,800145754
0.000492208432385954,0.891049678584004,19,1,800145754
0.556232701428513,0.876298679820916,19,1,800145754
0.388293928020844,0.0579269069049415,19,1,800145754
0.674068437029618,0.646134312122115,19,1,800145754
0.990214856578971,0.692195868729201,19,1,800145754
0.222086691788127,0.202508883351831,19,1,800145754
0.384518854300357,0.912347111776142,19,1,800145754
0.965642251191646,0.671823754008354,19,1,800145754
0.970530998070784,0.416830782186762,19,1,800145754
0.97654253169728,0.833234552863177,19,1,800145754
0.716772731560927,0.125279037854777,19,1,800145754
0.733129204003626,0.881058084518363,19,1,800145754
0.377976427311457,0.0850019770826496,19,1,800145754
0.0364306215492762,0.853650990955458,19,1,800145754
0.321506409063938,0.359532317048761,19,1,800145754
0.406518849977448,0.76080665955873,19,1,800145754
0.746578732106684,0.476317012710807,19,1,800145754
0.743503043014713,0.932499562991804,19,1,800145754
0.0790862955016354,0.921672719539884,19,1,800145754
0.426167503831981,0.273418684439653,19,1,800145754
0.33255686504827,0.165102229501537,19,1,800145754
0.898793757272145,0.431344469478599,19,1,800145754
0.791085688616904,0.702689294483868,19,1,800145754
0.149308074913196,0.772648296825275,19,1,800145754
0.61686724762167,0.898134863209973,19,1,800145754
0.926931660597436,0.559711939911359,19,1,800145754
0.323179832458104,0.744539411154253,19,1,800145754
0.346836069176076,0.0204936663333297,19,1,800145754
0.0864622913946502,0.514466340436341,19,1,800145754
0.881810915762126,0.64658277384578,19,1,800145754
0.847265389674109,0.0752833844052536,19,1,800145754
0.28143056312355,0.827131493587767,19,1,800145754
0.357071772314073,0.0691120738580815,19,1,800145754
0.236516721949644,0.111001033350509,19,1,800145754
0.56305108910523,0.581196548233201,19,1,800145754
0.901268634321268,0.956576802681173,19,1,800145754
0.748757010323408,0.259676675169167,19,1,800145754
0.583201098521389,0.101517071792542,19,1,800145754
0.256300582045388,0.887475386149912,19,1,800145754
0.514567710112537,0.0195546226800707,19,1,800145754
0.612802841948326,0.168617770149555,19,1,800145754
0.891971515132089,0.681825737058844,19,1,800145754
0.730668286775122,0.387084995420225,19,1,800145754
0.0263778968266051,0.341875114138452,19,1,800145754
0.505194166064754,0.239334185912058,19,1,800145754
0.418167104046066,0.648010209695017,19,1,800145754
0.979837569983128,0.67366955741363,19,1,800145754
0.399132027451799,0.917991049157286,19,1,800145754
0.422631856235072,0.458656071609969,19,1,800145754
0.111777657645592,0.896414156680409,19,1,800145754
0.5958898531984,0.97009378193007,19,1,800145754
0.819750722311782,0.657343214071098,19,1,800145754
0.548950808585652,0.112782099076576,19,1,800145754
0.765592728322989,0.676958104055045,19,1,800145754
0.419527734641105,0.371644150157244,19,1,800145754
0.18885412747804,0.603566163854513,19,1,800145754
0.848161567164563,0.829766727751665,19,1,800145754
0.726499543806803,0.344617060971129,19,1,800145754
0.399078573332778,0.852731822923708,19,1,800145754
0.206437045835258,0.878362524102543,19,1,800145754
0.628885525300055,0.950622662682283,19,1,800145754
0.00319433400352076,0.705315096092476,19,1,800145754
0.201976169375595,0.328732786415767,19,1,800145754
0.439755687150622,0.280096533114285,19,1,800145754
0.779810280565595,0.478312099383007,19,1,800145754
0.500011836553495,0.784030618924575,19,1,800145754
0.542312363975727,0.493987931930747,19,1,800145754
0.569849062745156,0.626084577374575,19,1,800145754
0.09341172083223,0.942748130860604,19,1,800145754
0.990089315015735,0.464444038216368,19,1,800145754
0.210620348968738,0.426132540626613,19,1,800145754
0.934780915924697,0.317686882081027,19,1,800145754
0.408087460653513,0.465318829474918,19,1,800145754
0.748709146759917,0.615491969572316,19,1,800145754
0.147715143059635,0.0527773756211227,19,1,800145754
0.136859376848769,0.391840996723222,19,1,800145754
0.381156414875305,0.628911853202661,19,1,800145754
0.884291717294025,0.0666247345383821,19,1,800145754
0.108696804451515,0.436104452587176,19,1,800145754
0.501683058456199,0.803472574029092,19,1,800145754
0.802283020905827,0.0252547809404782,19,1,800145754
0.75832558914077,0.702732334619487,19,1,800145754
0.357451682402115,0.280449436002094,19,1,800145754
0.657216483075145,0.550613449551931,19,1,800145754
0.398395013654258,0.0346518579656148,19,1,800145754
0.828730794541134,0.956455798692659,19,1,800145754
0.206628534143071,0.840154893791462,19,1,800145754
0.534872815962599,0.419137356297916,19,1,800145754
0.700333372713048,0.952309047557581,19,1,800145754
0.884569524866225,0.291955286473585,19,1,800145754
0.461280772061798,0.353463334014939,19,1,800145754
0.340219725027982,0.625176511878512,19,1,800145754
0.708089358096681,0.32738882982899,19,1,800145754
0.507214901723629,0.518269271535678,19,1,800145754
0.655335730706555,0.127029373088913,19,1,800145754
0.14937051599884,0.688346451356478,19,1,800145754
0.140541113717246,0.991144458340814,19,1,800145754
0.0896636480283552,0.588277902822846,19,1,800145754
0.732942591980687,0.435230688085832,19,1,800145754
0.707598757620947,0.0664448224047574,19,1,800145754
0.470374888583867,0.702196525921174,19,1,800145754
0.151356286897005,0.255441147861384,19,1,800145754
0.964107679050702,0.895316931529702,19,1,800145754
0.0779332406423565,0.52485893228296,19,1,800145754
0.883983981481203,0.936986874874048,19,1,800145754
0.897398436454935,0.227230882938175,19,1,800145754
0.463543000862473,0.828823602538085,19,1,800145754
0.698552429234985,0.736181566897435,19,1,800145754
0.287409011089192,0.204385454522953,19,1,800145754
0.137728680287961,0.205120257067155,19,1,800145754
0.503687955121596,0.0503507194853885,19,1,800145754
0.478210503887055,0.0721070012859029,19,1,800145754
0.57234384110611,0.642809907302038,19,1,800145754
0.174959322403051,0.316962315264818,19,1,800145754
0.695202813795814,0.62830493078676,19,1,800145754
0.136060788338186,0.577207147207599,19,1,800145754
0.292668349005406,0.207345485171442,19,1,800145754
0.0551655603788035,0.140027935650243,19,1,800145754
0.476330994274416,0.362743709751555,19,1,800145754
0.922781078605015,0.59325474941786,19,1,800145754
0.0611139989129064,0.461749149316516,19,1,800145754
0.369703547233275,0.482322964199316,19,1,800145754
0.250691151636814,0.184091422127328,19,1,800145754
0.988513771851566,0.0154182284213289,19,1,800145754
0.486841617730176,0.949566498617104,19,1,800145754
0.00214704370326801,0.0455271782204063,19,1,800145754
0.0805370313584381,0.883631832794199,19,1,800145754
0.630208594615886,0.672414720934805,19,1,800145754
0.572084444252633,0.120699221419645,19,1,800145754
0.133537894141235,0.795019918109304,19,1,800145754
0.58532135178941,0.211668781045746,19,1,800145754
0.824909857866337,0.569290156912568,19,1,800145754
0.27413218115367,0.306443495838936,19,1,800145754
0.691496302929482,0.337932953845529,19,1,800145754
0.0966726623003638,0.560551077199865,19,1,800145754
0.326069662094839,0.55147537227522,19,1,800145754
0.927897596265342,0.0437255355221648,19,1,800145754
0.481783650155762,0.550252453256077,19,1,800145754
0.484450505242149,0.568197148469259,19,1,800145754
0.859563762244753,0.567297497797814,19,1,800145754
0.0831003203511913,0.896876406494376,19,1,800145754
0.379033560852879,0.983110352743532,19,1,800145754
0.206525865540972,0.387324159974298,19,1,800145754
0.758628777858926,0.344932649853278,19,1,800145754
0.63443571206912,0.379801535970181,19,1,800145754
0.0407258455078798,0.892037408335514,19,1,800145754
0.955559485939423,0.7128687445804,19,1,800145754
0.941251189258084,0.824346985763498,19,1,800145754
0.61901456017057,0.205203192278547,19,1,800145754
0.396801552242674,0.34317332366017,19,1,800145754
0.436624727743795,0.886471037252136,19,1,800145754
0.0513604454600145,0.481160584236549,19,1,800145754
0.130591530085786,0.174410995518616,19,1,800145754
0.812720813542701,0.912497559105248,19,1,800145754
0.720361723143454,0.276968793737087,19,1,800145754
0.811520388650511,0.944779360163263,19,1,800145754
0.948981815071138,0.216457320704798,19,1,800145754
0.924720683961023,0.41266129968144,19,1,800145754
0.930394800125107,0.745402459848547,19,1,800145754
0.951523370233184,0.938190342735004,19,1,800145754
0.593981690510677,0.841208323847273,19,1,800145754
0.0838243465725104,0.0256841650228283,19,1,800145754
0.688793221416747,0.103625360978834,19,1,800145754
0.816980192660189,0.664615969479191,19,1,800145754
0.784641150185601,0.943690913783032,19,1,800145754
0.948741054178252,0.295332431524643,19,1,800145754
0.760964908641903,0.837415703694855,19,1,800145754
0.0116955179497094,0.693748357748606,19,1,800145754
0.75377773168607,0.652331056154729,19,1,800145754
0.857674797976402,0.349013312921621,19,1,800145754
0.987856159850353,0.702099707773111,19,1,800145754
0.522054844820328,0.0518012376850194,19,1,800145754
0.679229628610192,0.556945538563164,19,1,800145754
0.214490479368147,0.222982841496913,19,1,800145754
0.0103962779228794,0.52083931086354,19,1,800145754
0.627331063605141,0.891361068317924,19,1,800145754
0.206780924150626,0.198181964149493,19,1,800145754
0.89484889436166,0.925025637499234,19,1,800145754
0.212794731565183,0.277219479451318,19,1,800145754
0.168752636828823,0.450185403000886,19,1,800145754
0.811830630002452,0.509571816143057,19,1,800145754
0.323326281682677,0.25501554321156,19,1,800145754
0.775456188462345,0.845145950843976,19,1,800145754
0.110619354278069,0.286479888229133,19,1,800145754
0.648309008047635,0.986326623253874,19,1,800145754
0.701546133359822,0.544038012419436,19,1,800145754
0.812928938394625,0.00150721380646779,19,1,800145754
0.40163654885948,0.270363970132521,19,1,800145754
0.677365957998208,0.208262815994129,19,1,800145754
0.267755919263161,0.734430620203608,19,1,800145754
0.85396564799228,0.990140238283432,19,1,800145754
0.422138240748052,0.229693955902657,19,1,800145754
0.674561019762516,0.410953941756678,19,1,800145754
0.451556787628905,0.670108420792412,19,1,800145754
0.0461505399820936,0.892181296159055,19,1,800145754
0.488108506898898,0.206964107920271,19,1,800145754
0.297307488556987,0.389287788548206,19,1,800145754
0.992575094443551,0.901705677104809,19,1,800145754
0.232052826621227,0.0968391914745427,19,1,800145754
0.37312057242197,0.31792965264495,19,1,800145754
0.252002183109094,0.973655262113513,19,1,800145754
0.591778925196159,0.775730721840901,19,1,800145754
0.767319642002809,0.922853219077324,19,1,800145754
0.3437236429951,0.143170964465191,19,1,800145754
0.423629032353383,0.244144863969755,19,1,800145754
0.825326113057384,0.317693073290286,19,1,800145754
0.556292737430616,0.497356444507113,19,1,800145754
0.834056131716228,0.994022908548059,19,1,800145754
0.250846666524085,0.493133708689391,19,1,800145754
0.670433889944273,0.774367826310513,19,1,800145754
0.525046272243479,0.536330347288019,19,1,800145754
0.260740531041912,0.672843445609681,19,1,800145754
0.459786875954178,0.544907499066414,19,1,800145754
0.642384044907053,0.789130003568599,19,1,800145754
0.325559328145818,0.920069569979846,19,1,800145754
0.0468743387871102,0.14763740248686,19,1,800145754
0.280904144896406,0.383118982209131,19,1,800145754
0.183729995741404,0.218875870888136,19,1,800145754
0.559349058675437,0.576853951737064,19,1,800145754
0.910657440533641,0.940001427560575,19,1,800145754
0.142905152537457,0.871490422924264,19,1,800145754
0.775277908865333,0.536399399948924,19,1,800145754
0.452337760315296,0.450411413309832,19,1,800145754
0.569240223799325,0.390258953048675,19,1,800145754
0.682974191170465,0.31954397413341,19,1,800145754
0.467353272195298,0.984615730497371,19,1,800145754
0.452241670192413,0.669167986574161,19,1,800145754
0.305881625743807,0.326056423454061,19,1,800145754
0.35106011740157,0.485854656956653,19,1,800145754
0.207845855687139,0.645257429860653,19,1,800145754
0.311116600295711,0.674941424820294,19,1,800145754
0.479497184152812,0.505930998041046,19,1,800145754
0.612837070974409,0.767496281884436,19,1,800145754
0.0982560619378798,0.72590367284154,19,1,800145754
0.167315712720437,0.367289669100814,19,1,800145754
0.869758510005308,0.612382049849238,19,1,800145754
0.862273867454033,0.14499598334719,19,1,800145754
0.393936160984549,0.404722406291644,19,1,800145754
0.254966675492265,0.134334783831585,19,1,800145754
0.475857244345408,0.671787875964526,19,1,800145754
0.718195695933687,0.894047708797545,19,1,800145754
0.323849880295968,0.838386999902258,19,1,800145754
0.98930490756559,0.803597698498152,19,1,800145754
0.577776127513506,0.188082942486703,19,1,800145754
0.488124788978287,0.434279517126321,19,1,800145754
0.692328677572431,0.225045336086883,19,1,800145754
0.966328604894535,0.67352022419215,19,1,800145754
0.318979124887703,0.208688627580242,19,1,800145754
0.0774527784699934,0.484132723559917,19,1,800145754
0.86116448466439,0.455614882062755,19,1,800145754
0.0881214109973518,0.932841659946019,19,1,800145754
0.506628153761472,0.208924044902165,19,1,800145754
0.767317850611126,0.00249166200002993,19,1,800145754
0.818461054513117,0.139829790824797,19,1,800145754
0.780816194653144,0.0851457960673976,19,1,800145754
0.352892215706549,0.294367681325413,19,1,800145754
0.60670525208352,0.0612334936699268,19,1,800145754
0.791135783954236,0.674180210858545,19,1,800145754
0.239272492431567,0.365752811926364,19,1,800145754
0.727475873350252,0.519874433878924,19,1,800145754
0.542626449878368,0.32983698349091,19,1,800145754
0.575640831847401,0.158207082795092,19,1,800145754
0.329238680978549,0.863254988519879,19,1,800145754
0.159857685489603,0.189514451984013,19,1,800145754
0.113265780814571,0.55616500885196,19,1,800145754
0.992442235034982,0.971997242228655,19,1,800145754
0.191397809567289,0.483755358915896,19,1,800145754
0.0222672112316404,0.791156139414333,19,1,800145754
0.0783373043666837,0.407888517496622,19,1,800145754
0.565228624445075,0.491494713104983,19,1,800145754
0.296228412973798,0.0588414383712568,19,1,800145754
0.539802983321845,0.615589091492163,19,1,800145754
0.411527742498258,0.511939578395899,19,1,800145754
0.232225130447696,0.0755345855938689,19,1,800145754
0.838781925181039,0.744350695501909,19,1,800145754
0.346117031306359,0.0528212343698966,19,1,800145754
0.857173947280702,0.051429731538813,19,1,800145754
0.272606792865039,0.46869829931387,19,1,800145754
0.202558571136172,0.353015658450125,19,1,800145754
0.450311111953997,0.526766756725156,19,1,800145754
0.67655103875308,0.659398867022732,19,1,800145754
0.903200937522079,0.555941764758013,19,1,800145754
0.988298640064745,0.608808270515517,19,1,800145754
0.943546888385969,0.237770586448047,19,1,800145754
0.532420921950358,0.233778618442332,19,1,800145754
0.556389988473671,0.452793505118441,19,1,800145754
0.10275099232701,0.608144760491206,19,1,800145754
0.898889918737887,0.422336425760253,19,1,800145754
0.95445114065305,0.959519612330415,19,1,800145754
0.994315713854716,0.958736988281871,19,1,800145754
0.589999720320865,0.470421245273656,19,1,800145754
0.0617951345462062,0.478312768708125,19,1,800145754
