0.111638398769336,0.97672785092594,19,1,800145754
0.699245674377597,0.10943378124614,19,1,800145754
0.204824611049919,0.552631071074021,19,1,800145754
0.684626029701841,0.368701746770157,19,1,800145754
0.932863122424808,0.366961762978918,19,1,800145754
0.954005337288137,0.817482261064191,19,1,800145754
0.930641086143792,0.808355493978711,19,1,800145754
0.311991327648378,0.475907842237306,19,1,800145754
0.513867831725211,0.163698161768336,19,1,800145754
0.230293542719501,0.119339014770453,19,1,800145754
0.302637642092064,0.858668912567115,19,1,800145754
0.238552322464928,0.482815497234784,19,1,800145754
0.318400446952498,0.263650033943715,19,1,800145754
0.255621295097072,0.845837766470176,19,1,800145754
0.317317885950986,0.847049465254053,19,1,800145754
0.240394555202872,0.874852817699373,19,1,800145754
0.226310936655537,0.725566361308275,19,1,800145754
0.793085071360708,0.653171217854199,19,1,800145754
0.826748036505682,0.264685200090184,19,1,800145754
0.40746481584118,0.698249371736858,19,1,800145754
0.391786005622986,0.938966713291505,19,1,800145754
0.11067125046834,0.189656177216168,19,1,800145754
0.225323004565555,0.796264211189514,19,1,800145754
0.577355357549034,0.885795257512564,19,1,800145754
0.741902892223218,0.0183714986942425,19,1,800145754
0.24233930576264,0.568224154880075,19,1,800145754
0.00940481050807929,0.673428392590992,19,1,800145754
0.107715603042298,0.639146588753368,19,1,800145754
0.788532459174862,0.162123558006851,19,1,800145754
0.385874899202913,0.363218100550751,19,1,800145754
0.881483766862975,0.34723469666386,19,1,800145754
0.242073771229366,0.434175013188135,19,1,800145754
0.614224786199472,0.897569482008319,19,1,800145754
0.431733188592887,0.616665656166235,19,1,800145754
0.677023973744107,0.778441691621889,19,1,800145754
0.101746128581101,0.354592696943339,19,1,800145754
0.393966585437477,0.177129649861909,19,1,800145754
0.813768598369947,0.88422247972839,19,1,800145754
0.122088822751381,0.0248471472153051,19,1,800145754
0.110669429777152,0.309084266873172,19,1,800145754
0.661470407044546,0.246464148638256,19,1,800145754
0.758775058744487,0.207991755952008,19,1,800145754
0.978571281201693,0.523291219467849,19,1,800145754
0.776456165718715,0.241861516429615,19,1,800145754
0.701867273618201,0.779967059931543,19,1,800145754
0.789561810510385,0.74545777645669,19,1,800145754
0.0481679401965691,0.652172290813089,19,1,800145754
0.755391061322455,0.4271561477384,19,1,800145754
0.164852857608079,0.542969971981585,19,1,800145754
0.881150394538676,0.267682788014666,19,1,800145754
0.553481820087474,0.869943207560801,19,1,800145754
0.199109009757776,0.350650466709994,19,1,800145754
0.301380471969344,0.794451221178212,19,1,800145754
0.151744612110102,0.325073597078286,19,1,800145754
0.577715418116334,0.244372517513693,19,1,800145754
0.766661111376596,0.271487200974102,19,1,800145754
0.572193882643058,0.0395765905963996,19,1,800145754
0.194460729598959,0.215895505782115,19,1,800145754
0.745160544167676,0.723341895364258,19,1,800145754
0.390924274528009,0.377754533276265,19,1,800145754
0.784085119381259,0.531713282203653,19,1,800145754
0.0777510303896431,0.636359807051814,19,1,800145754
0.336778512104003,0.65165502649536,19,1,800145754
0.713179811804131,0.679791241018847,19,1,800145754
0.0760453348703329,0.930212914927065,19,1,800145754
0.821914047368658,0.223974342688817,19,1,800145754
0.613375440634583,0.51037531008838,19,1,800145754
0.794155385055988,0.647545025303951,19,1,800145754
0.649597069110414,0.844986208067915,19,1,800145754
0.124052503973185,0.764235689366111,19,1,800145754
0.669503010512362,0.3231697084705,19,1,800145754
0.436411312345649,0.2952974520526,19,1,800145754
0.0532755356347705,0.397947117189587,19,1,800145754
0.260003998190342,0.994261735323381,19,1,800145754
0.692050054162665,0.765644921368126,19,1,800145754
0.00651177570647654,0.195514357371599,19,1,800145754
0.0429436475183698,0.521590947973639,19,1,800145754
0.989840654803654,0.622015403643333,19,1,800145754
0.257308791069957,0.558642420772055,19,1,800145754
0.564705846945587,0.808416698927722,19,1,800145754
0.640994640069276,0.157319244917792,19,1,800145754
0.18149556013869,0.377111194243411,19,1,800145754
0.682690007873967,0.439907800492358,19,1,800145754
0.0600665514616594,0.333561284406072,19,1,800145754
0.640123937345565,0.954831709557403,19,1,800145754
0.793446236505551,0.757789541624877,19,1,800145754
0.573536283066485,0.230732304567262,19,1,800145754
0.35912563846014,0.702853708712722,19,1,800145754
0.212431415808867,0.982070753051833,19,1,800145754
0.636598548025414,0.624630586027028,19,1,800145754
0.387605504589002,0.568530474080999,19,1,800145754
0.221063320432631,0.669870055879456,19,1,800145754
0.811930647519725,0.713190737508352,19,1,800145754
0.190907750287553,0.0857670655498257,19,1,800145754
0.517915418850194,0.115830404442792,19,1,800145754
0.691549715349224,0.179684260072364,19,1,800145754
0.75285836738795,0.0532023064896814,19,1,800145754
0.472957415490329,0.302921901519971,19,1,800145754
0.247964580713136,0.595487555725509,19,1,800145754
0.647205811905294,0.578528726414828,19,1,800145754
0.396241622642356,0.712445481048436,19,1,800145754
0.0291545503226671,0.861066095525665,19,1,800145754
0.302828232134014,0.582296946019661,19,1,800145754
0.762907537803606,0.949957293393181,19,1,800145754
0.428278138300308,0.841816522691454,19,1,800145754
0.837539151414755,0.720806494447197,19,1,800145754
0.435795759881664,0.27022926942078,19,1,800145754
0.967284915113546,0.44015479067858,19,1,800145754
0.0877258858381686,0.001395424362447,19,1,800145754
0.300684636144321,0.146911485228054,19,1,800145754
0.475270156679388,0.802688137293998,19,1,800145754
0.600005712391483,0.22829548329537,19,1,800145754
0.0847947625616492,0.0778312246822619,19,1,800145754
0.987073779082298,0.122240434898756,19,1,800145754
0.870277640656186,0.882470676902565,19,1,800145754
0.608926709368372,0.544320475203859,19,1,800145754
0.455165789513588,0.199095450269389,19,1,800145754
0.563961586703236,0.252784112171685,19,1,800145754
0.217932082093633,0.387622554185116,19,1,800145754
0.614703376099997,0.456989242654582,19,1,800145754
0.481466410237028,0.33355382016574,19,1,800145754
0.806780950820428,0.793269287642041,19,1,800145754
0.47034601803656,0.575649576943858,19,1,800145754
0.739191707753645,0.694420254031133,19,1,800145754
0.536975409653706,0.310080339181117,19,1,800145754
0.45827244584768,0.339032549567555,19,1,800145754
0.823546387185156,0.206131863002557,19,1,800145754
0.97348597529778,0.845777562244599,19,1,800145754
0.994034378426482,0.136086302630444,19,1,800145754
0.0107095842767149,0.527461403009569,19,1,800145754
0.0762921534211354,0.291687212385457,19,1,800145754
0.694441703449036,0.448787752025039,19,1,800145754
0.926202376140768,0.426851754796348,19,1,800145754
0.887736454441272,0.987358430308443,19,1,800145754
0.985096917255953,0.855835477250698,19,1,800145754
0.904595614229367,0.228038494846439,19,1,800145754
0.259947416846875,0.609156064983412,19,1,800145754
0.719650231938193,0.182191044572574,19,1,800145754
0.101441448921221,0.963460605942602,19,1,800145754
0.13178901087347,0.206009491546577,19,1,800145754
0.643445923077662,0.763905222379158,19,1,800145754
0.222728920908813,0.802526319811644,19,1,800145754
0.74971323066829,0.755348039456239,19,1,800145754
0.629860405696793,0.212878795690124,19,1,800145754
0.0429550965896703,0.88490436872602,19,1,800145754
0.598409346742788,0.472103647967411,19,1,800145754
0.174688578522991,0.78276898074656,19,1,800145754
0.014323750957483,0.565814648179418,19,1,800145754
0.44463150388106,0.015879800310258,19,1,800145754
0.592922422336324,0.91739185224302,19,1,800145754
0.166309456112387,0.571565578484108,19,1,800145754
0.158425730049546,0.089933118632854,19,1,800145754
0.309308801730332,0.337330468895089,19,1,800145754
0.734038287406975,0.0328756675927444,19,1,800145754
0.60301012279724,0.278674568933977,19,1,800145754
0.558682385404456,0.97855198818614,19,1,800145754
0.229744122079147,0.530211344111546,19,1,800145754
0.981494636949043,0.264280832615966,19,1,800145754
0.269891889058171,0.850790132564362,19,1,800145754
0.64585963620656,0.769103840691835,19,1,800145754
0.71462322648132,0.937716215650379,19,1,800145754
0.867317362538009,0.839585320477021,19,1,800145754
0.910266384550699,0.930108957122635,19,1,800145754
0.226879281557975,0.754575411485161,19,1,800145754
0.614064945767646,0.902632959876275,19,1,800145754
0.709927237884474,0.389863167809883,19,1,800145754
0.942859336820717,0.532968196375695,19,1,800145754
0.468495079970752,0.118806217351365,19,1,800145754
0.349369095180273,0.0853094625496977,19,1,800145754
0.267455624395448,0.271264064159688,19,1,800145754
0.733265244376035,0.171263349231446,19,1,800145754
0.0578136654062344,0.605931801506811,19,1,800145754
0.211664391288777,0.431685028997641,19,1,800145754
0.697933809323938,0.766907604980791,19,1,800145754
0.648620400063334,0.775477328345237,19,1,800145754
0.626166733233195,0.661157720747062,19,1,800145754
0.701224965367573,0.315929761057493,19,1,800145754
0.932984664397325,0.164797926821326,19,1,800145754
0.166212956087454,0.474753564897137,19,1,800145754
0.126229077398192,0.660061621629415,19,1,800145754
0.095892292219073,0.737386599052134,19,1,800145754
0.394548067006409,0.139458311838078,19,1,800145754
0.574830720291477,0.769938375507937,19,1,800145754
0.591594918085619,0.89450043832754,19,1,800145754
0.274188772570683,0.610869943348119,19,1,800145754
0.946229817301011,0.750849934909957,19,1,800145754
0.531385138006083,0.328183390905313,19,1,800145754
0.77866821179645,0.892443574819372,19,1,800145754
0.86550904255595,0.839611944763781,19,1,800145754
0.592319353199185,0.0630290013485428,19,1,800145754
0.0798657559751552,0.341442215911731,19,1,800145754
0.999874142199918,0.675090153823366,19,1,800145754
0.602794564506967,0.777512754544576,19,1,800145754
0.547182802898827,0.344594649207205,19,1,800145754
0.289364655974526,0.443755122142735,19,1,800145754
0.320940110850761,0.592120868848291,19,1,800145754
0.849116067366274,0.683932570718704,19,1,800145754
0.165499902257654,0.980050822251239,19,1,800145754
0.858416253065729,0.612879823305654,19,1,800145754
0.885491879565317,0.598144190569806,19,1,800145754
0.688638777361907,0.0875450225614811,19,1,800145754
0.429264438066363,0.09210623149405,19,1,800145754
0.761869838150264,0.842689572092248,19,1,800145754
0.0626519426103442,0.426944358677344,19,1,800145754
0.37727169911122,0.667229436994169,19,1,800145754
0.743115869729567,0.845121260583555,19,1,800145754
0.210807832412073,0.648268879590054,19,1,800145754
0.480038738758797,0.0452305628870384,19,1,800145754
0.474513381045208,0.700872409892352,19,1,800145754
0.646811856951755,0.14027433739069,19,1,800145754
0.73516889420689,0.97343451199283,19,1,800145754
0.795517727445037,0.153347913682782,19,1,800145754
0.911621691655229,0.773504238637156,19,1,800145754
0.572003819434888,0.0270425310708351,19,1,800145754
0.416305080330246,0.374314914866709,19,1,800145754
0.854352313545501,0.588148091819201,19,1,800145754
0.410330442848175,0.896530163363378,19,1,800145754
0.603165523370852,0.140561872285719,19,1,800145754
0.400735893623391,0.633947842943106,19,1,800145754
0.480920505245842,0.0782221459141201,19,1,800145754
0.701761272906309,0.300162911205805,19,1,800145754
0.784099455664976,0.386908724244148,19,1,800145754
0.163279110245189,0.0878984248134618,19,1,800145754
0.837744501184398,0.103900033485981,19,1,800145754
0.362032744218186,0.783536768339708,19,1,800145754
0.509937120563478,0.0112904598061272,19,1,800145754
0.980680574196399,0.333214591885565,19,1,800145754
0.291112946036481,0.151298356343897,19,1,800145754
0.0392307365742397,0.0975624073965542,19,1,800145754
0.353942173974404,0.373124742984096,19,1,800145754
0.683774231068403,0.34889605396284,19,1,800145754
0.934057322346574,0.365566915926903,19,1,800145754
0.556562940279002,0.134216869842309,19,1,800145754
0.322052429663584,0.7782437721655,19,1,800145754
0.832358136637343,0.688342877657982,19,1,800145754
0.315374623833809,0.00151922704619079,19,1,800145754
0.00219236301372838,0.162801859667186,19,1,800145754
0.999339942588267,0.63743473540861,19,1,800145754
0.55419770017798,0.493098805564641,19,1,800145754
0.285989993039252,0.656357638052778,19,1,800145754
0.192805866490394,0.489933959719565,19,1,800145754
0.689608697109915,0.278128133185382,19,1,800145754
0.755975080805737,0.534416756062364,19,1,800145754
0.129322145208151,0.379144288534058,19,1,800145754
0.740042967715717,0.197257428397256,19,1,800145754
0.204174503910076,0.703048730716531,19,1,800145754
0.64295905193665,0.124332118155066,19,1,800145754
0.360646171157416,0.787761691549649,19,1,800145754
0.937129976240511,0.839003772373938,19,1,800145754
0.105393163448243,0.255628515567331,19,1,800145754
0.968383419823788,0.744762209199799,19,1,800145754
0.895719354466146,0.115179481492005,19,1,800145754
0.982869920451106,0.829250648564389,19,1,800145754
0.196101247889422,0.507578580673471,19,1,800145754
0.194395834179423,0.611065129581211,19,1,800145754
0.455758442171879,0.518969236250379,19,1,800145754
0.49874925643811,0.888893291320789,19,1,800145754
0.107293341997095,0.781912802041735,19,1,800145754
0.805107508815733,0.0317780993633643,19,1,800145754
0.376526444613885,0.344451398135709,19,1,800145754
0.132444185745711,0.451317973466226,19,1,800145754
0.571361220795676,0.883146317129452,19,1,800145754
0.394175329484213,0.624198330896766,19,1,800145754
0.524458221700008,0.455554601149458,19,1,800145754
0.485685739319255,0.0556686065152938,19,1,800145754
0.857046908672631,0.41965830421068,19,1,800145754
0.0993717665845351,0.0356557208627235,19,1,800145754
0.947393038038373,0.53717838334606,19,1,800145754
0.346846092250552,0.434771731805638,19,1,800145754
0.0379267574490507,0.570138986274308,19,1,800145754
0.285835627221142,0.932785811553874,19,1,800145754
0.286081648355314,0.381910916206202,19,1,800145754
0.261906438596989,0.010159042178755,19,1,800145754
0.639995488781564,0.347315946130736,19,1,800145754
0.656576430447834,0.587387643508595,19,1,800145754
0.52797412921392,0.483482348673647,19,1,800145754
0.601790743058662,0.595839045953043,19,1,800145754
0.960829110173714,0.101307486744605,19,1,800145754
0.248359056938514,0.466820533391171,19,1,800145754
0.582415035874916,0.363224304736506,19,1,800145754
0.0139334065190164,0.0437833010027053,19,1,800145754
0.199758359247545,0.191910468799305,19,1,800145754
0.0215134744995673,0.0470941388586033,19,1,800145754
0.608394117437638,0.797741340963172,19,1,800145754
0.740083909126954,0.343617927418853,19,1,800145754
0.495585679422841,0.897896227982596,19,1,800145754
0.31469680425807,0.395885718923535,19,1,800145754
0.554961479758211,0.216853351463846,19,1,800145754
0.114473290474506,0.752856015065335,19,1,800145754
0.881047479728036,0.770830881729472,19,1,800145754
0.883940092287813,0.171181183111354,19,1,800145754
0.831808479602801,0.304328744455643,19,1,800145754
0.596146031561444,0.139648334667301,19,1,800145754
0.237713882239742,0.725758755402178,19,1,800145754
0.962228197570191,0.695999573171155,19,1,800145754
0.646208674482339,0.6436728114306,19,1,800145754
0.180338987419125,0.341422385923909,19,1,800145754
0.907848960654746,0.619485761331222,19,1,800145754
0.969185072608948,0.26251753749843,19,1,800145754
0.12930815243416,0.739334174239935,19,1,800145754
0.0524032439848972,0.359608756356895,19,1,800145754
0.144616012944294,0.800314280076695,19,1,800145754
0.235174442318834,0.923263602575303,19,1,800145754
0.46230200288298,0.905804636267922,19,1,800145754
0.269390549900005,0.802827248178513,19,1,800145754
0.401377017312292,0.836091533619933,19,1,800145754
0.531779013454661,0.890815800030438,19,1,800145754
0.823535758204399,0.543213948526226,19,1,800145754
0.779569483420264,0.409614225079063,19,1,800145754
0.183845250359529,0.3951206404781,19,1,800145754
0.561515991915792,0.209259974478885,19,1,800145754
0.229505598914429,0.0727859129341417,19,1,800145754
0.37941573544913,0.212641937669805,19,1,800145754
0.975191255329217,0.574267118683667,19,1,800145754
0.207087935894056,0.417010491868932,19,1,800145754
0.845560144956929,0.478832250577217,19,1,800145754
0.477567712032794,0.333986810468909,19,1,800145754
0.926484613857512,0.188581831188887,19,1,800145754
0.630888242339458,0.308052595387394,19,1,800145754
0.755073777624005,0.427285571316734,19,1,800145754
0.153646256748567,0.793119961953105,19,1,800145754
0.413274855783895,0.043310943923442,19,1,800145754
0.227640748147173,0.481938556295415,19,1,800145754
0.935773020862431,0.52939198953238,19,1,800145754
0.722030001188817,0.456259521350293,19,1,800145754
0.302558622137207,0.651283446034836,19,1,800145754
0.663041163492736,0.184138158650628,19,1,800145754
0.235159187367032,0.871687170896446,19,1,800145754
0.774849470964659,0.98652127938778,19,1,800145754
0.917734050769342,0.0591125688644576,19,1,800145754
0.815326132977575,0.540409501702213,19,1,800145754
0.238106553982332,0.667915377628735,19,1,800145754
0.814995536717084,0.928551975750087,19,1,800145754
0.256863775988197,0.405337160793798,19,1,800145754
0.450232681631293,0.473811529394698,19,1,800145754
0.438852373168227,0.813347450513497,19,1,800145754
0.986825070889556,0.37442546503687,19,1,800145754
0.391812529226479,0.344920431967224,19,1,800145754
0.200904660813299,0.374282850031602,19,1,800145754
0.783076168149993,0.302576147166246,19,1,800145754
0.215591140749412,0.73625376652649,19,1,800145754
0.983267813087447,0.270619448338432,19,1,800145754
0.954287449971422,0.0263259877160138,19,1,800145754
0.233602567009308,0.981064147861439,19,1,800145754
0.34515099191772,0.453034195108752,19,1,800145754
0.884505118108565,0.718647021604603,19,1,800145754
0.759507982079129,0.360833589174342,19,1,800145754
0.91133817389608,0.171447624211617,19,1,800145754
0.666172830558329,0.591876364259326,19,1,800145754
0.462129317605596,0.0431804347405622,19,1,800145754
0.67059793395197,0.229096992411149,19,1,800145754
0.49178167116672,0.672585221032318,19,1,800145754
0.389009267650693,0.0102977744101169,19,1,800145754
0.98570791290343,0.10393819652626,19,1,800145754
0.868692692046341,0.938497608138387,19,1,800145754
0.937933102000978,0.466159966846938,19,1,800145754
0.0871588976579132,0.408063948634656,19,1,800145754
0.603043734116503,0.832953480927382,19,1,800145754
0.302783012440262,0.674524181631149,19,1,800145754
0.492745992822466,0.297841344737912,19,1,800145754
0.238117824728827,0.25188281088475,19,1,800145754
0.956927830275525,0.634497187398813,19,1,800145754
0.770130881284962,0.603234674920854,19,1,800145754
0.766709462877386,0.278294376982448,19,1,800145754
0.2203931836119,0.973277225816706,19,1,800145754
0.616094516339368,0.271584026243253,19,1,800145754
0.760923656569392,0.828435555518571,19,1,800145754
0.260781268882553,0.106651330286316,19,1,800145754
0.179291233433731,0.113223044924474,19,1,800145754
0.189291183185901,0.960544867282724,19,1,800145754
0.225257629838532,0.850065551941673,19,1,800145754
0.474107240268562,0.162648853372582,19,1,800145754
0.852364861002933,0.888715119539699,19,1,800145754
0.0144624221196148,0.573803663592424,19,1,800145754
0.254322945097256,0.747257055747341,19,1,800145754
0.835820126991471,0.613360854739086,19,1,800145754
0.710323359394824,0.530556178962175,19,1,800145754
0.443642843236366,0.998993270709192,19,1,800145754
0.634957136654136,0.497859161049406,19,1,800145754
0.834662264981241,0.63201370132021,19,1,800145754
0.205786183471174,0.700440399652381,19,1,800145754
0.464762534229059,0.594928218749466,19,1,800145754
0.518558620779616,0.192657270504717,19,1,800145754
0.356603677327078,0.761137821537644,19,1,800145754
0.763399395952916,0.12541054638417,19,1,800145754
0.686296738456341,0.658645810912574,19,1,800145754
0.839080280203885,0.718712993067447,19,1,800145754
0.115963458646964,0.0385077006546732,19,1,800145754
0.28552268144172,0.641950144702304,19,1,800145754
0.645437012068414,0.802162623359412,19,1,800145754
0.155064811517188,0.235932164650648,19,1,800145754
0.763234049595316,0.154044942007849,19,1,800145754
0.866974234316737,0.189003791944424,19,1,800145754
0.757933583554092,0.657386663772563,19,1,800145754
0.982944762158227,0.754825350678945,19,1,800145754
0.149545025984299,0.236670788848083,19,1,800145754
0.0618235392695825,0.743477793017832,19,1,800145754
0.853110281872262,0.306632268808115,19,1,800145754
0.60162209433486,0.44022131869773,19,1,800145754
0.393013390886878,0.806294404393871,19,1,800145754
0.431748539948729,0.975168843241652,19,1,800145754
0.149115752003018,0.300507347722231,19,1,800145754
0.744874891311053,0.241678726929586,19,1,800145754
0.919398043687534,0.623147885909217,19,1,800145754
0.254298318088106,0.296832589682089,19,1,800145754
0.98762382573505,0.685213697953772,19,1,800145754
0.928861733303486,0.843991010809082,19,1,800145754
0.406886046178739,0.849523235424058,19,1,800145754
0.101875975589104,0.906469538084664,19,1,800145754
0.16628934106327,0.351766935589674,19,1,800145754
0.711792587393182,0.331344036591373,19,1,800145754
0.7837461423846,0.394266183823439,19,1,800145754
0.769438831985308,0.981836335492563,19,1,800145754
0.492838688784258,0.499062133320893,19,1,800145754
0.0707307050894097,0.560387460462617,19,1,800145754
0.187207019832755,0.881568528451536,19,1,800145754
0.47077018340487,0.259743057413016,19,1,800145754
0.229686555918067,0.969168359995599,19,1,800145754
0.580862823987085,0.173307265831455,19,1,800145754
0.597780230040759,0.178758792001593,19,1,800145754
0.767700833286208,0.0697021905427384,19,1,800145754
0.672162861053611,0.113252556996952,19,1,800145754
0.758190091460202,0.813357391957933,19,1,800145754
0.968340656172584,0.574016750706555,19,1,800145754
0.798542741475202,0.105871416248517,19,1,800145754
0.0618109345177906,0.803092308207529,19,1,800145754
0.752101234377347,0.243809876258287,19,1,800145754
0.426081955712904,0.175570650335044,19,1,800145754
0.676455509025852,0.0673920741838923,19,1,800145754
0.915549877810411,0.666321967923521,19,1,800145754
0.193678780550124,0.792817091940351,19,1,800145754
0.147733621697614,0.728803071366457,19,1,800145754
0.665802163422515,0.917513455471165,19,1,800145754
0.759188819484981,0.783698593111146,19,1,800145754
0.726271265442823,0.0653566777964079,19,1,800145754
0.0825874929877293,0.337637149337661,19,1,800145754
0.643934419342311,0.892297214136472,19,1,800145754
0.0681733334827825,0.856202449298685,19,1,800145754
0.53690587747615,0.445238877657681,19,1,800145754
0.220506332704075,0.265072510390466,19,1,800145754
0.488661454180228,0.942529880291264,19,1,800145754
0.356051512001355,0.402351894965681,19,1,800145754
0.317839147887144,0.996034997732744,19,1,800145754
0.756191295824531,0.0820069498282834,19,1,800145754
0.148310826991654,0.00683870064099867,19,1,800145754
0.905089078394959,0.537159078070522,19,1,800145754
0.170016453993112,0.79806301901213,19,1,800145754
0.164920160134293,0.618496627681719,19,1,800145754
0.730476099818945,0.67610628822067,19,1,800145754
0.932343986151769,0.189064440228662,19,1,800145754
0.167577108704648,0.264926807191691,19,1,800145754
0.491151450802868,0.0311266305692721,19,1,800145754
0.969047083804382,0.961255545076964,19,1,800145754
0.705097880313537,0.18907745890739,19,1,800145754
0.264586586324018,0.436507164247853,19,1,800145754
0.802412644306834,0.259744646258906,19,1,800145754
0.0456421720287765,0.455645388481376,19,1,800145754
0.999096981627134,0.616218735217273,19,1,800145754
0.796538852971594,0.885388584878476,19,1,800145754
0.938196535903056,0.277007986219669,19,1,800145754
0.805423575124808,0.0798011859805827,19,1,800145754
0.720764424956094,0.792828646609069,19,1,800145754
0.698368479002164,0.835185374154501,19,1,800145754
0.907779635750354,0.320041670961037,19,1,800145754
0.0645338629525796,0.284585211852098,19,1,800145754
0.176989124744315,0.498823008265907,19,1,800145754
0.787841390471583,0.900647412756105,19,1,800145754
0.852446046888243,0.982120224620972,19,1,800145754
0.335039275756737,0.20136989303935,19,1,800145754
0.680318192014698,0.840690060929371,19,1,800145754
0.226985103398247,0.90866373216432,19,1,800145754
0.276210464295945,0.564147182330013,19,1,800145754
0.356003693711425,0.525533491221384,19,1,800145754
0.337719025935364,0.766709001601427,19,1,800145754
0.105232076394182,0.363681581504751,19,1,800145754
0.845815193435227,0.214484221343247,19,1,800145754
0.303588472540969,0.207121507434192,19,1,800145754
0.844092520586533,0.243579902069951,19,1,800145754
0.853844938634189,0.763917043502606,19,1,800145754
0.014865180412388,0.299069120228353,19,1,800145754
0.516603476231003,0.791401733182981,19,1,800145754
0.840576621543106,0.253771753715813,19,1,800145754
0.79850998963482,0.761683384583307,19,1,800145754
0.862501647081584,0.235578854719578,19,1,800145754
0.613248907313862,0.994765778694804,19,1,800145754
0.759334697035238,0.718187869609349,19,1,800145754
0.563019209587959,0.545748629703692,19,1,800145754
0.0555419880675863,0.258799641507624,19,1,800145754
0.317228026284991,0.499014770554719,19,1,800145754
0.772360022469025,0.542227401950837,19,1,800145754
0.106195106865402,0.632348481284748,19,1,800145754
0.0738438127478105,0.98418033670044,19,1,800145754
0.299269257124124,0.542038031928313,19,1,800145754
0.631099874390198,0.845005961201851,19,1,800145754
0.965015786029771,0.872210323372002,19,1,800145754
0.10854085447661,0.576129402942438,19,1,800145754
0.385559989679837,0.0379300935089095,19,1,800145754
0.951366873117223,0.707656087189898,19,1,800145754
0.36374918468435,0.0728865725508028,19,1,800145754
0.62044838449983,0.518610567890863,19,1,800145754
0.954142478151727,0.940753079294841,19,1,800145754
0.768688046600393,0.527568895940724,19,1,800145754
0.783887157545234,0.995803788716973,19,1,800145754
0.067226305788701,0.622243862593611,19,1,800145754
0.376620673185777,0.0886319055870279,19,1,800145754
0.379227541252247,0.575457319469482,19,1,800145754
0.935789744939462,0.202037404840813,19,1,800145754
0.752128772885019,0.0128714366750788,19,1,800145754
0.417582124774531,0.958570760075494,19,1,800145754
0.0045729579060414,0.0533187283981857,19,1,800145754
0.381839338240713,0.0522511064429543,19,1,800145754
0.483303710166344,0.570599425409961,19,1,800145754
0.809453321109013,0.603650746645479,19,1,800145754
0.21010309896869,0.290841676984341,19,1,800145754
0.901946990315583,0.163388825414592,19,1,800145754
0.437450795432622,0.592175995282677,19,1,800145754
0.120000155207793,0.237105142474697,19,1,800145754
0.28062597751228,0.591362527370079,19,1,800145754
0.654837117690811,0.806920213745799,19,1,800145754
0.869805754813826,0.209662543396318,19,1,800145754
0.671704400424783,0.838616284096876,19,1,800145754
0.985643149528232,0.177375703065739,19,1,800145754
0.622838723201232,0.411746614851942,19,1,800145754
0.952734327203804,0.490537802398581,19,1,800145754
0.748032889064591,0.929878738443579,19,1,800145754
0.295775613433203,0.152423140754204,19,1,800145754
0.825817100644564,0.431905838053202,19,1,800145754
0.435208194132434,0.0166044108100696,19,1,800145754
0.842142588240349,0.542726055396434,19,1,800145754
0.381425589049206,0.383784827784713,19,1,800145754
0.685987231217535,0.640814910258891,19,1,800145754
0.743773557936703,0.0528454122714714,19,1,800145754
0.0892946327796,0.724518482094812,19,1,800145754
0.265154254339755,0.523052119184242,19,1,800145754
0.224003865490439,0.0498913772768017,19,1,800145754
0.393927218546748,0.252649462596834,19,1,800145754
0.377644606094595,0.84208685175087,19,1,800145754
0.733617686093443,0.604195382046033,19,1,800145754
0.407194372457133,0.588866373391984,19,1,800145754
0.362124368000824,0.851829802889916,19,1,800145754
0.748992413834775,0.460655006747036,19,1,800145754
0.310452772085563,0.229993869182183,19,1,800145754
0.111915198457285,0.359197534817834,19,1,800145754
0.265386217755685,0.786807657128127,19,1,800145754
0.886309455946401,0.453154391151623,19,1,800145754
0.603504183558638,0.815731555286438,19,1,800145754
0.736137676118623,0.674900742744573,19,1,800145754
0.474381280493829,0.22156274681211,19,1,800145754
0.0197626507678179,0.83680721837235,19,1,800145754
0.710096522882185,0.769798350712135,19,1,800145754
0.43475509208497,0.735391157230883,19,1,800145754
0.945478970388723,0.341384417740902,19,1,800145754
0.132540239454153,0.692545906902694,19,1,800145754
0.580626414447537,0.790419122065054,19,1,800145754
0.00566527303291853,0.8328233819347,19,1,800145754
0.225812698077479,0.337030284901096,19,1,800145754
0.338041344585648,0.192489431368387,19,1,800145754
0.893733599106981,0.316399940250767,19,1,800145754
0.616367476766561,0.78208541045272,19,1,800145754
0.496306885801618,0.522496286632912,19,1,800145754
0.405567589004975,0.135028013718603,19,1,800145754
0.677933520404677,0.991067166022587,19,1,800145754
0.794464108638784,0.290293803609817,19,1,800145754
0.909752667828602,0.0254016592309414,19,1,800145754
0.209579121888,0.333299587279493,19,1,800145754
0.157360306662095,0.907272799545941,19,1,800145754
0.67594403973829,0.611027132183015,19,1,800145754
0.130085095151338,0.976068476951925,19,1,800145754
0.488608962336367,0.623789947509915,19,1,800145754
0.421934885188229,0.500098561403154,19,1,800145754
0.4607526090713,0.136920744596148,19,1,800145754
0.099352431361752,0.00682993564838608,19,1,800145754
0.837880481231235,0.0834814563888528,19,1,800145754
0.563893523825283,0.4262027302605,19,1,800145754
0.787866430522659,0.996133360014755,19,1,800145754
0.549841215181545,0.807350845988736,19,1,800145754
0.476320507505236,0.384265569201586,19,1,800145754
0.983032253069689,0.517597702602436,19,1,800145754
0.243733785604032,0.636440826454834,19,1,800145754
0.643150810404002,0.661981261540565,19,1,800145754
0.888597101843057,0.15735540781646,19,1,800145754
0.16083466268856,0.0350171248203459,19,1,800145754
0.785389254629015,0.764690612196238,19,1,800145754
0.669986583698012,0.397984671332035,19,1,800145754
0.35804750418038,0.650075427427358,19,1,800145754
0.632102358112353,0.365958377917,19,1,800145754
0.040571797560282,0.566995362419165,19,1,800145754
0.591173375819256,0.648892725178821,19,1,800145754
0.48204687229664,0.989107914645622,19,1,800145754
0.813454702466323,0.457387223913534,19,1,800145754
0.829626140800006,0.954703536375233,19,1,800145754
0.296529622572796,0.987464058210573,19,1,800145754
0.491603831881742,0.807622548877842,19,1,800145754
0.126129372898717,0.873875906992921,19,1,800145754
0.854193820670958,0.794548128090394,19,1,800145754
0.486206224707365,0.107954488940871,19,1,800145754
0.661536347856511,0.131574702905314,19,1,800145754
0.987249998206251,0.175893517964127,19,1,800145754
0.830380373890664,0.735277233054945,19,1,800145754
0.856191060372272,0.0609898462703935,19,1,800145754
0.157993569673543,0.689915240685495,19,1,800145754
0.508791021477079,0.699163995382251,19,1,800145754
0.0107509712657801,0.790791869507293,19,1,800145754
0.535910723961837,0.952116219233914,19,1,800145754
0.39774384747033,0.0462780908703984,19,1,800145754
0.717319198241582,0.295666637432556,19,1,800145754
0.772756994874594,0.115683754544011,19,1,800145754
0.802853646517446,0.47009854616411,19,1,800145754
0.0400145139658217,0.216306987902943,19,1,800145754
0.218968479251514,0.496617479562327,19,1,800145754
0.305594895554635,0.437749725066153,19,1,800145754
0.370742779000921,0.0770855036008951,19,1,800145754
0.849004320755267,0.394528333793253,19,1,800145754
0.0970036378834438,0.580886430806076,19,1,800145754
0.342030450571288,0.2809405122642,19,1,800145754
0.364220165512189,0.386894366707022,19,1,800145754
0.612110831629626,0.387426865912201,19,1,800145754
0.208833115149611,0.332709086597008,19,1,800145754
0.394095624665473,0.825708764252464,19,1,800145754
0.673835195633079,0.915567155037555,19,1,800145754
0.560940298608613,0.622530683695723,19,1,800145754
0.420579719775125,0.404312293764636,19,1,800145754
0.240606677986616,0.0988301644193088,19,1,800145754
0.846886384600535,0.924615240908425,19,1,800145754
0.287962549136937,0.447187673084751,19,1,800145754
0.384283050338875,0.803012215460323,19,1,800145754
0.570597753925675,0.154404170514026,19,1,800145754
0.0150292497974727,0.746344991506368,19,1,800145754
0.418083922142996,0.117327776751268,19,1,800145754
0.55825772343356,0.0667108097293916,19,1,800145754
0.794909765063655,0.196881365252533,19,1,800145754
0.71296277981879,0.755437419405451,19,1,800145754
0.925885010123892,0.107933610207571,19,1,800145754
0.373001426073459,0.54177438960619,19,1,800145754
0.000382115148957141,0.187353853637391,19,1,800145754
0.180767255913335,0.273990639954337,19,1,800145754
0.75121813318776,0.190230125119172,19,1,800145754
0.169978610178745,0.585959538765352,19,1,800145754
0.284158170448006,0.972577216923713,19,1,800145754
0.821341426168329,0.576548763408141,19,1,800145754
0.540136068484573,0.365084976629493,19,1,800145754
0.961578603042365,0.788209843218221,19,1,800145754
0.348295294260147,0.765613540770756,19,1,800145754
0.354289822002945,0.590743018221243,19,1,800145754
0.602908942167686,0.41043683831901,19,1,800145754
0.142962087226547,0.272512599073383,19,1,800145754
0.905461848001178,0.175762886107009,19,1,800145754
0.691716443764522,0.531310236961262,19,1,800145754
0.729590428113805,0.377528944139573,19,1,800145754
0.219288810811143,0.0338801751851747,19,1,800145754
0.611371104525982,0.490800897959861,19,1,800145754
0.490381570884568,0.546008319751758,19,1,800145754
0.230774187315892,0.411607570334255,19,1,800145754
0.632527733245204,0.848561723400196,19,1,800145754
0.188144481364663,0.490556455386783,19,1,800145754
0.908670963512963,0.696063585396942,19,1,800145754
0.219069515321773,0.511663839418731,19,1,800145754
0.750404412221646,0.933074094313929,19,1,800145754
0.507129010092237,0.726193985161202,19,1,800145754
0.00183098902872381,0.286836353145315,19,1,800145754
0.155668980044017,0.347448096882727,19,1,800145754
0.985774900753215,0.402114359098729,19,1,800145754
0.161860523205983,0.48755270149217,19,1,800145754
0.235598062486552,0.237532221732566,19,1,800145754
0.122969121098105,0.259095180004399,19,1,800145754
0.1683712525997,0.728335593003518,19,1,800145754
0.934456547604957,0.22506032058777,19,1,800145754
0.174153704311,0.829728587190845,19,1,800145754
0.238904819190949,0.462264448642922,19,1,800145754
0.374040955029338,0.375858510538187,19,1,800145754
0.927642386864177,0.937625016695486,19,1,800145754
0.686679820848631,0.629191582142381,19,1,800145754
0.689933325150166,0.0439448403195604,19,1,800145754
0.44007163206131,0.550466874832685,19,1,800145754
0.368421913541251,0.717804595510523,19,1,800145754
0.744616130313912,0.682965323032839,19,1,800145754
0.914100378560152,0.203017746374886,19,1,800145754
0.279102328545444,0.507366676804148,19,1,800145754
0.911913236811661,0.980509553887771,19,1,800145754
0.344334546002054,0.0670287980201616,19,1,800145754
0.354226367585571,0.229328435191766,19,1,800145754
0.0561649891934479,0.78355107684396,19,1,800145754
0.945125320778517,0.637722401940633,19,1,800145754
0.546060813115849,0.537019805585787,19,1,800145754
0.689616407671326,0.956689311344413,19,1,800145754
0.699411979533103,0.00611190838804365,19,1,800145754
0.35130336497192,0.887616011503585,19,1,800145754
0.983965295479832,0.611417162582379,19,1,800145754
0.195002819382788,0.966112295281249,19,1,800145754
0.906908971807475,0.0583929721876055,19,1,800145754
0.553105185973371,0.330228440793742,19,1,800145754
0.943824711471733,0.501493280064073,19,1,800145754
0.746280304817187,0.588066511747557,19,1,800145754
0.698840999738278,0.432298284577641,19,1,800145754
0.111132804687218,0.945181928951907,19,1,800145754
0.277228139096404,0.904920598896756,19,1,800145754
0.230231854324323,0.26199014990666,19,1,800145754
0.238008684173516,0.172066356391087,19,1,800145754
0.75808789610282,0.218674186025652,19,1,800145754
0.00878712693095829,0.845038657808332,19,1,800145754
0.423186313008093,0.56087026231477,19,1,800145754
0.317746216878399,0.994453448536714,19,1,800145754
0.185249048910782,0.555379484096247,19,1,800145754
0.993670894492983,0.146494390306017,19,1,800145754
0.950702362367183,0.567820410859082,19,1,800145754
0.947612345386527,0.225038168511027,19,1,800145754
0.180212211466731,0.0617303599781551,19,1,800145754
0.58633355923923,0.173055588521496,19,1,800145754
0.404190465557842,0.136000447997195,19,1,800145754
0.764162659271953,0.985038879851283,19,1,800145754
0.275943769818277,0.418408208314264,19,1,800145754
0.395141569129249,0.41400794746738,19,1,800145754
0.585084271813506,0.458989157752102,19,1,800145754
0.214939633220175,0.0113316579833436,19,1,800145754
0.639330297902285,0.0632263918886267,19,1,800145754
0.539131126960452,0.569220405928752,19,1,800145754
0.854968430117765,0.211061506944403,19,1,800145754
0.968090814037047,0.876911041436824,19,1,800145754
0.279727250859356,0.0506524227458929,19,1,800145754
0.790678687160965,0.880210343330165,19,1,800145754
0.925474304625946,0.714609458630335,19,1,800145754
0.875951296922459,0.557353317261261,19,1,800145754
0.45524010375619,0.545829957852078,19,1,800145754
0.133129368799225,0.182270174443415,19,1,800145754
0.330247120608834,0.0155748386182131,19,1,800145754
0.0717229761634663,0.673689764647083,19,1,800145754
0.28816628130592,0.555072898207176,19,1,800145754
0.34603774876959,0.330026156584677,19,1,800145754
0.606706052826359,0.427225233935282,19,1,800145754
0.556832592487281,0.989897592778925,19,1,800145754
0.117014429750676,0.509874085735019,19,1,800145754
0.895686524106436,0.75477136640362,19,1,800145754
0.936762755952677,0.745272475480253,19,1,800145754
0.019175794247662,0.100645323099195,19,1,800145754
0.974502014894812,0.253807741625212,19,1,800145754
0.541606239863408,0.936687822466385,19,1,800145754
0.400499726693674,0.652773025943835,19,1,800145754
0.536810271674517,0.576184374166108,19,1,800145754
0.610933009974118,0.915222806378895,19,1,800145754
0.401592883824502,0.976510757169815,19,1,800145754
0.621035576379836,0.135141108084047,19,1,800145754
0.806773532405716,0.906857684194472,19,1,800145754
0.218772934254669,0.905383607806914,19,1,800145754
0.0551975076258016,0.739743890483365,19,1,800145754
0.365087977482231,0.0690450312598205,19,1,800145754
0.629910986349763,0.647071622999714,19,1,800145754
0.155684925748265,0.0621933096087139,19,1,800145754
0.708922170988846,0.0571489883867706,19,1,800145754
0.927558063032478,0.860426426035172,19,1,800145754
0.850527389778614,0.978137423636423,19,1,800145754
0.392668745981693,0.83591544086997,19,1,800145754
0.880956795697506,0.341562102559091,19,1,800145754
0.576743754697024,0.0403456315402551,19,1,800145754
0.645570644339817,0.507445124044772,19,1,800145754
0.582752313341861,0.544648851302666,19,1,800145754
0.767346140801535,0.605864184370467,19,1,800145754
0.859672141057081,0.195399120103819,19,1,800145754
0.389783730123537,0.147966350439565,19,1,800145754
0.481083585495679,0.77209891811574,19,1,800145754
0.0315596364569917,0.0697706656310879,19,1,800145754
0.955797110649904,0.708938489154126,19,1,800145754
0.781746619575366,0.684059373176007,19,1,800145754
0.728798400619483,0.399608395967976,19,1,800145754
0.305434874248558,0.655754515692538,19,1,800145754
0.340015563868488,0.297166882288158,19,1,800145754
0.812928595901851,0.214185244771413,19,1,800145754
0.219227631342998,0.0682731425283061,19,1,800145754
0.248365875355743,0.753733525744535,19,1,800145754
0.906085163521545,0.721174973195676,19,1,800145754
0.508464507154148,0.569023970221768,19,1,800145754
0.0317839282065835,0.352640724156226,19,1,800145754
0.452339556186018,0.847684601108443,19,1,800145754
0.131527232813732,0.119815102505297,19,1,800145754
0.998798384303653,0.434231207985069,19,1,800145754
0.408390727214715,0.44463537390528,19,1,800145754
0.594639330332914,0.7413071857994,19,1,800145754
0.815382138777754,0.822820822834658,19,1,800145754
0.82131704201961,0.439966880638215,19,1,800145754
0.523061411468961,0.227777317001939,19,1,800145754
0.925496936904696,0.386428467684454,19,1,800145754
0.763601687276454,0.45602795670519,19,1,800145754
